CP      startX  startY  dispX   dispY   sLat          sLon          theta   pCorr   pkStr   cCorr   conf   velX    velY    endX    endY    eLat          eLon          nps_startX    nps_startY    nps_endX      nps_endY      
0       944     712     29      71      83.0546638    -132.0031288  0.000   0.298   30.604  0.603   3      1.933   4.733   973     783     83.1820610    -131.4967739  -752224.8876550  -39381.2463470  -738024.8876550  -45181.2463470  
1       912     720     29      72      83.0721962    -132.4841341  0.000   0.306   35.431  0.735   3      1.933   4.800   941     792     83.2019420    -131.9846849  -750624.8876550  -32981.2463470  -736224.8876550  -38781.2463470  
2       984     720     29      70      83.0651158    -131.3881447  0.000   0.152   14.069  0.400   3      1.933   4.667   1013    790     83.1900139    -130.8706480  -750624.8876550  -47381.2463470  -736624.8876550  -53181.2463470  
3       1024    728     29      70      83.0747685    -130.7713711  0.000   0.193   20.652  0.315   2      1.933   4.667   1053    798     83.1989873    -130.2418413  -749024.8876550  -55381.2463470  -735024.8876550  -61181.2463470  
4       840     736     29      73      83.1061712    -133.5759000  0.000   0.224   24.079  0.534   3      1.933   4.867   869     809     83.2388834    -133.0944596  -747424.8876550  -18581.2463470  -732824.8876550  -24381.2463470  
5       808     752     30      74      83.1368166    -134.0622839  0.000   0.225   23.160  0.578   3      2.000   4.933   838     826     83.2718117    -133.5721723  -744224.8876550  -12181.2463470  -729424.8876550  -18181.2463470  
6       928     752     29      71      83.1296475    -132.2166991  0.000   0.185   17.825  0.424   3      1.933   4.733   957     823     83.2572788    -131.7087396  -744224.8876550  -36181.2463470  -730024.8876550  -41981.2463470  
7       960     760     28      71      83.1412316    -131.7183200  0.000   0.211   22.870  0.544   3      1.867   4.733   988     831     83.2684519    -131.2157160  -742624.8876550  -42581.2463470  -728424.8876550  -48181.2463470  
8       776     776     28      74      83.1816846    -134.5520380  0.000   0.224   23.178  0.458   3      1.867   4.933   804     850     83.3172386    -134.1001637  -739424.8876550  -5781.2463470  -724624.8876550  -11381.2463470  
9       992     776     28      70      83.1669837    -131.2101295  0.000   0.291   31.417  0.614   3      1.867   4.667   1020    846     83.2918337    -130.6971510  -739424.8876550  -48981.2463470  -725424.8876550  -54581.2463470  
10      1168    784     27      67      83.1525749    -128.4910525  0.000   0.178   18.847  0.426   3      1.800   4.467   1195    851     83.2691327    -127.9506797  -737824.8876550  -84181.2463470  -724424.8876550  -89581.2463470  
11      736     792     28      75      83.2113020    -135.1726712  0.000   0.180   19.655  0.538   3      1.867   5.000   764     867     83.3492726    -134.7313879  -736224.8876550  2218.7536530  -721224.8876550  -3381.2463470  
12      888     792     28      72      83.2063723    -132.8079000  0.000   0.305   30.422  0.577   3      1.867   4.800   916     864     83.3365551    -132.3205252  -736224.8876550  -28181.2463470  -721824.8876550  -33781.2463470  
13      960     792     28      71      83.2000132    -131.6898555  0.000   0.204   20.825  0.509   3      1.867   4.733   988     863     83.3272088    -131.1822710  -736224.8876550  -42581.2463470  -722024.8876550  -48181.2463470  
14      1136    792     27      67      83.1736370    -128.9691437  0.000   0.238   26.269  0.531   3      1.800   4.467   1163    859     83.2907299    -128.4353926  -736224.8876550  -77781.2463470  -722824.8876550  -83181.2463470  
15      1040    800     27      69      83.2045980    -130.4407062  0.000   0.221   23.892  0.616   3      1.800   4.600   1067    869     83.3269498    -129.9276537  -734624.8876550  -58581.2463470  -720824.8876550  -63981.2463470  
16      1072    800     27      68      83.1996636    -129.9450581  0.000   0.222   24.171  0.557   3      1.800   4.533   1099    868     83.3196536    -129.4248618  -734624.8876550  -64981.2463470  -721024.8876550  -70381.2463470  
17      704     808     29      75      83.2403077    -135.6736408  0.000   0.280   28.260  0.558   3      1.933   5.000   733     883     83.3787397    -135.2249252  -733024.8876550  8618.7536530  -718024.8876550  2818.7536530  
18      768     808     28      74      83.2406642    -134.6731828  0.000   0.345   36.936  0.657   3      1.867   4.933   796     882     83.3763374    -134.2197576  -733024.8876550  -4181.2463470  -718224.8876550  -9781.2463470  
19      816     808     28      73      83.2395821    -133.9229367  0.000   0.342   36.814  0.715   3      1.867   4.867   844     881     83.3727048    -133.4546828  -733024.8876550  -13781.2463470  -718424.8876550  -19381.2463470  
20      848     808     28      72      83.2382184    -133.4229618  0.000   0.295   31.969  0.656   3      1.867   4.800   876     880     83.3690155    -132.9453490  -733024.8876550  -20181.2463470  -718624.8876550  -25781.2463470  
21      1104    808     27      68      83.2088734    -129.4381293  0.000   0.252   27.186  0.578   3      1.800   4.533   1131    876     83.3283142    -128.9081180  -733024.8876550  -71381.2463470  -719424.8876550  -76781.2463470  
22      672     824     30      77      83.2687942    -136.1788989  0.000   0.191   18.467  0.526   3      2.000   5.133   702     901     83.4113936    -135.7232518  -729824.8876550  15018.7536530  -714424.8876550  9018.7536530  
23      1136    824     27      67      83.2321892    -128.9166526  0.000   0.206   21.193  0.291   1      1.800   4.467   1163    891     83.3492281    -128.3772680  -729824.8876550  -77781.2463470  -716424.8876550  -83181.2463470  
24      808     840     29      73      83.2987193    -134.0395751  0.000   0.296   32.338  0.661   3      1.933   4.867   837     913     83.4319135    -133.5533784  -726624.8876550  -12181.2463470  -712024.8876550  -17981.2463470  
25      944     840     27      71      83.2898468    -131.8977476  0.000   0.180   17.729  0.497   3      1.800   4.733   971     911     83.4173831    -131.4032626  -726624.8876550  -39381.2463470  -712424.8876550  -44781.2463470  
26      1072    840     22      70      83.2729778    -129.8896972  0.000   0.181   17.701  0.397   2      1.467   4.667   1094    910     83.3974747    -129.4392020  -726624.8876550  -64981.2463470  -712624.8876550  -69381.2463470  
27      872     848     28      72      83.3104217    -133.0266140  0.000   0.314   34.952  0.680   3      1.867   4.800   900     920     83.4408332    -132.5358365  -725024.8876550  -24981.2463470  -710624.8876550  -30581.2463470  
28      1104    848     22      69      83.2821273    -129.3771502  0.000   0.220   23.255  0.445   3      1.467   4.600   1126    917     83.4043178    -128.9180626  -725024.8876550  -71381.2463470  -711224.8876550  -75781.2463470  
29      640     856     30      79      83.3261856    -136.6958855  0.000   0.165   18.173  0.564   3      2.000   5.267   670     935     83.4729474    -136.2482457  -723424.8876550  21418.7536530  -707624.8876550  15418.7536530  
30      776     856     29      74      83.3288899    -134.5421308  0.000   0.195   19.262  0.329   2      1.933   4.933   805     930     83.4644197    -134.0636831  -723424.8876550  -5781.2463470  -708624.8876550  -11581.2463470  
31      912     856     28      71      83.3221884    -132.3896687  0.000   0.218   24.266  0.557   3      1.867   4.733   940     927     83.4501192    -131.8862261  -723424.8876550  -32981.2463470  -709224.8876550  -38581.2463470  
32      1176    856     21      68      83.2824707    -128.2376385  0.000   0.168   19.300  0.398   2      1.400   4.533   1197    924     83.4019744    -127.7754107  -723424.8876550  -85781.2463470  -709824.8876550  -89981.2463470  
33      592     864     31      81      83.3376949    -137.4606396  0.000   0.164   15.705  0.448   3      2.067   5.400   623     945     83.4888829    -137.0144186  -721824.8876550  31018.7536530  -705624.8876550  24818.7536530  
34      672     864     30      78      83.3423871    -136.1919609  0.000   0.160   15.067  0.418   3      2.000   5.200   702     942     83.4868468    -135.7316486  -721824.8876550  15018.7536530  -706224.8876550  9018.7536530  
35      704     864     29      76      83.3433512    -135.6840922  0.000   0.163   13.995  0.471   3      1.933   5.067   733     940     83.4836439    -135.2285538  -721824.8876550  8618.7536530  -706624.8876550  2818.7536530  
36      976     864     24      71      83.3304793    -131.3709156  0.000   0.175   16.904  0.470   3      1.600   4.733   1000    935     83.4578781    -130.9114339  -721824.8876550  -45781.2463470  -707624.8876550  -50581.2463470  
37      944     872     25      72      83.3486474    -131.8702352  0.000   0.162   15.659  0.380   2      1.667   4.800   969     944     83.4782299    -131.4020611  -720224.8876550  -39381.2463470  -705824.8876550  -44381.2463470  
38      848     880     27      73      83.3706626    -133.3913772  0.000   0.221   22.837  0.549   3      1.800   4.867   875     953     83.5033472    -132.9190325  -718624.8876550  -20181.2463470  -704024.8876550  -25581.2463470  
39      880     880     26      72      83.3687475    -132.8816497  0.000   0.232   23.072  0.375   2      1.733   4.800   906     952     83.4991860    -132.4160291  -718624.8876550  -26581.2463470  -704224.8876550  -31781.2463470  
40      1016    880     23      71      83.3547775    -130.7200136  0.000   0.220   22.308  0.548   3      1.533   4.733   1039    951     83.4817160    -130.2622745  -718624.8876550  -53781.2463470  -704424.8876550  -58381.2463470  
41      552     888     31      83      83.3782305    -138.1148250  0.000   0.298   31.587  0.650   3      2.067   5.533   583     971     83.5336816    -137.6826600  -717024.8876550  39018.7536530  -700424.8876550  32818.7536530  
42      640     888     30      79      83.3850493    -136.7110136  0.000   0.163   16.731  0.481   3      2.000   5.267   670     967     83.5318313    -136.2596347  -717024.8876550  21418.7536530  -701224.8876550  15418.7536530  
43      784     888     27      74      83.3876428    -134.4102027  0.000   0.245   25.452  0.621   3      1.800   4.933   811     962     83.5231178    -133.9572705  -717024.8876550  -7381.2463470  -702224.8876550  -12781.2463470  
44      816     888     27      73      83.3867738    -133.8989085  0.000   0.294   31.595  0.648   3      1.800   4.867   843     961     83.5199378    -133.4358023  -717024.8876550  -13781.2463470  -702424.8876550  -19181.2463470  
45      1176    888     20      68      83.3409447    -128.1778456  0.000   0.181   18.593  0.336   2      1.333   4.533   1196    956     83.4606300    -127.7264117  -717024.8876550  -85781.2463470  -703424.8876550  -89781.2463470  
46      608     896     31      81      83.3977404    -137.2267811  0.000   0.190   17.043  0.398   3      2.067   5.400   639     977     83.5487225    -136.7709165  -715424.8876550  27818.7536530  -699224.8876550  21618.7536530  
47      680     896     29      78      83.4015575    -136.0745332  0.000   0.149   13.785  0.358   2      1.933   5.200   709     974     83.5458940    -135.6237349  -715424.8876550  13418.7536530  -699824.8876550  7618.7536530  
48      1136    896     20      69      83.3639227    -128.7951534  0.000   0.264   28.032  0.599   3      1.333   4.600   1156    965     83.4859952    -128.3516166  -715424.8876550  -77781.2463470  -701624.8876550  -81781.2463470  
49      728     904     28      75      83.4173446    -135.3065127  0.000   0.225   22.709  0.376   2      1.867   5.000   756     979     83.5554580    -134.8539582  -713824.8876550  3818.7536530  -698824.8876550  -1781.2463470  
50      1096    904     21      70      83.3861273    -129.4166875  0.000   0.244   23.899  0.629   3      1.400   4.667   1117    974     83.5103878    -128.9654504  -713824.8876550  -69781.2463470  -699824.8876550  -73981.2463470  
51      888     912     25      73      83.4270335    -132.7341081  0.000   0.261   27.509  0.564   3      1.667   4.867   913     985     83.5592646    -132.2768837  -712224.8876550  -28181.2463470  -697624.8876550  -33181.2463470  
52      920     912     24      72      83.4244411    -132.2202535  0.000   0.124   14.240  0.463   3      1.600   4.800   944     984     83.5544634    -131.7699799  -712224.8876550  -34581.2463470  -697824.8876550  -39381.2463470  
53      1032    912     21      71      83.4112204    -130.4258185  0.000   0.248   26.820  0.607   3      1.400   4.733   1053    983     83.5382126    -129.9908782  -712224.8876550  -56981.2463470  -698024.8876550  -61181.2463470  
54      496     920     32      85      83.4305771    -139.0422833  0.000   0.246   24.241  0.635   3      2.133   5.667   528     1005    83.5906110    -138.6147748  -710624.8876550  50218.7536530  -693624.8876550  43818.7536530  
55      528     920     32      84      83.4344654    -138.5285211  0.000   0.302   32.072  0.612   3      2.133   5.600   560     1004    83.5922164    -138.0870350  -710624.8876550  43818.7536530  -693824.8876550  37418.7536530  
56      792     920     28      74      83.4463634    -134.2759047  0.000   0.271   28.293  0.522   3      1.867   4.933   820     994     83.5816832    -133.7995232  -710624.8876550  -8981.2463470  -695824.8876550  -14581.2463470  
57      656     928     30      79      83.4594559    -136.4719202  0.000   0.132   12.930  0.412   3      2.000   5.267   686     1007    83.6060275    -136.0097885  -709024.8876550  18218.7536530  -693224.8876550  12218.7536530  
58      856     928     26      73      83.4585315    -133.2404269  0.000   0.160   16.242  0.438   3      1.733   4.867   882     1001    83.5911517    -132.7749439  -709024.8876550  -21781.2463470  -694424.8876550  -26981.2463470  
59      576     936     31      83      83.4687220    -137.7692879  0.000   0.116   11.128  0.308   2      2.067   5.533   607     1019    83.6238803    -137.3225523  -707424.8876550  34218.7536530  -690824.8876550  28018.7536530  
60      624     936     30      81      83.4723926    -136.9931186  0.000   0.200   20.460  0.469   3      2.000   5.400   654     1017    83.6231187    -136.5429394  -707424.8876550  24618.7536530  -691224.8876550  18618.7536530  
61      688     936     29      78      83.4754251    -135.9571358  0.000   0.178   18.454  0.445   3      1.933   5.200   717     1014    83.6196629    -135.4984505  -707424.8876550  11818.7536530  -691824.8876550  6018.7536530  
62      824     936     25      74      83.4747950    -133.7544378  0.000   0.211   20.783  0.457   3      1.667   4.933   849     1010    83.6097815    -133.3144953  -707424.8876550  -15381.2463470  -692624.8876550  -20381.2463470  
63      976     936     23      72      83.4627154    -131.2972472  0.000   0.189   23.186  0.555   3      1.533   4.800   999     1008    83.5920268    -130.8420489  -707424.8876550  -45781.2463470  -693024.8876550  -50381.2463470  
64      1112    936     21      70      83.4417823    -129.1099374  0.000   0.232   23.633  0.532   3      1.400   4.667   1133    1006    83.5657674    -128.6488685  -707424.8876550  -72981.2463470  -693424.8876550  -77181.2463470  
65      464     944     33      86      83.4701933    -139.5862428  0.000   0.214   21.710  0.466   3      2.200   5.733   497     1030    83.6326588    -139.1544234  -705824.8876550  56618.7536530  -688624.8876550  50018.7536530  
66      904     944     25      73      83.4846411    -132.4542841  0.000   0.162   13.634  0.217   1      1.667   4.867   929     1017    83.6166203    -131.9871307  -705824.8876550  -31381.2463470  -691224.8876550  -36381.2463470  
67      1032    960     22      71      83.4992783    -130.3635919  0.000   0.224   22.962  0.515   3      1.467   4.733   1054    1031    83.6260611    -129.9048748  -702624.8876550  -56981.2463470  -688424.8876550  -61381.2463470  
68      408     968     35      89      83.5051120    -140.5257292  0.000   0.171   17.232  0.417   3      2.333   5.933   443     1057    83.6741931    -140.0869008  -701024.8876550  67818.7536530  -683224.8876550  60818.7536530  
69      832     968     24      74      83.5333393    -133.6123695  0.000   0.214   21.083  0.428   3      1.600   4.933   856     1042    83.6682657    -133.1820032  -701024.8876550  -16981.2463470  -686224.8876550  -21781.2463470  
70      864     968     23      74      83.5316444    -133.0897250  0.000   0.303   32.476  0.653   3      1.533   4.933   887     1042    83.6661980    -132.6650225  -701024.8876550  -23381.2463470  -686224.8876550  -27981.2463470  
71      1096    968     22      70      83.5033480    -129.3154037  0.000   0.329   34.424  0.719   3      1.467   4.667   1118    1038    83.6273292    -128.8373854  -701024.8876550  -69781.2463470  -687024.8876550  -74181.2463470  
72      440     976     33      88      83.5251866    -140.0184541  0.000   0.167   17.707  0.419   3      2.200   5.867   473     1064    83.6916947    -139.5966958  -699424.8876550  61418.7536530  -681824.8876550  54818.7536530  
73      528     976     31      85      83.5373369    -138.5848776  0.000   0.239   23.967  0.578   3      2.067   5.667   559     1061    83.6968868    -138.1552433  -699424.8876550  43818.7536530  -682424.8876550  37618.7536530  
74      712     976     28      78      83.5496328    -135.5749459  0.000   0.210   20.543  0.581   3      1.867   5.200   740     1054    83.6935236    -135.1188732  -699424.8876550  7018.7536530  -683824.8876550  1418.7536530  
75      376     984     36      90      83.5284607    -141.0710002  0.000   0.188   18.196  0.467   3      2.400   6.000   412     1074    83.7000222    -140.6301623  -697824.8876550  74218.7536530  -679824.8876550  67018.7536530  
76      904     984     23      74      83.5581915    -132.4251386  0.000   0.214   21.586  0.498   3      1.533   4.933   927     1058    83.6921834    -131.9844881  -697824.8876550  -31381.2463470  -683024.8876550  -35981.2463470  
77      936     984     23      73      83.5552763    -131.9009495  0.000   0.271   28.657  0.636   3      1.533   4.867   959     1057    83.6869724    -131.4504233  -697824.8876550  -37781.2463470  -683224.8876550  -42381.2463470  
78      488     992     33      87      83.5616845    -139.2565725  0.000   0.212   22.265  0.514   3      2.200   5.800   521     1079    83.7257126    -138.8110296  -696224.8876550  51818.7536530  -678824.8876550  45218.7536530  
79      744     992     25      78      83.5794052    -135.0509203  0.000   0.163   16.122  0.318   2      1.667   5.200   769     1070    83.7228621    -134.6311868  -696224.8876550  618.7536530   -680624.8876550  -4381.2463470  
80      584     1000    31      83      83.5870885    -137.6885662  0.000   0.196   20.305  0.565   3      2.067   5.533   615     1083    83.7421885    -137.2313602  -694624.8876550  32618.7536530  -678024.8876550  26418.7536530  
81      632     1000    31      81      83.5906241    -136.8979956  0.000   0.175   17.731  0.450   3      2.067   5.400   663     1081    83.7413237    -136.4201222  -694624.8876550  23018.7536530  -678424.8876550  16818.7536530  
82      992     1000    22      72      83.5782591    -130.9664834  0.000   0.260   26.354  0.646   3      1.467   4.800   1014    1072    83.7074235    -130.5128595  -694624.8876550  -48981.2463470  -680224.8876550  -53381.2463470  
83      1104    1000    22      70      83.5604669    -129.1327494  0.000   0.286   30.360  0.708   3      1.467   4.667   1126    1070    83.6842796    -128.6468150  -694624.8876550  -71381.2463470  -680624.8876550  -75781.2463470  
84      544     1008    32      85      83.5979131    -138.3543149  5.625   0.210   21.470  0.505   3      2.133   5.667   576     1093    83.7573676    -137.8977015  -693024.8876550  40618.7536530  -676024.8876550  34218.7536530  
85      1024    1008    22      71      83.5885256    -130.4310689  0.000   0.231   24.462  0.622   3      1.467   4.733   1046    1079    83.7153772    -129.9671862  -693024.8876550  -55381.2463470  -678824.8876550  -59781.2463470  
86      1064    1008    21      71      83.5822400    -129.7744970  0.000   0.207   21.961  0.572   3      1.400   4.733   1085    1079    83.7086715    -129.3145824  -693024.8876550  -63381.2463470  -678824.8876550  -67581.2463470  
87      312     1016    38      93      83.5733856    -142.1732026  0.000   0.157   16.168  0.343   2      2.533   6.200   350     1109    83.7517939    -141.7319167  -691424.8876550  87018.7536530  -672824.8876550  79418.7536530  
88      368     1016    35      92      83.5854401    -141.2578127  0.000   0.183   18.753  0.389   2      2.333   6.133   403     1108    83.7606462    -140.8383686  -691424.8876550  75818.7536530  -673024.8876550  68818.7536530  
89      704     1016    25      80      83.6230910    -135.7141667  0.000   0.164   15.413  0.579   3      1.667   5.333   729     1096    83.7707682    -135.3069732  -691424.8876550  8618.7536530  -675424.8876550  3618.7536530  
90      800     1016    25      76      83.6228403    -134.1232404  0.000   0.190   19.545  0.453   3      1.667   5.067   825     1092    83.7618412    -133.6800520  -691424.8876550  -10581.2463470  -676224.8876550  -15581.2463470  
91      432     1024    34      90      83.6118731    -140.2197508  0.000   0.237   24.458  0.634   3      2.267   6.000   466     1114    83.7823814    -139.7834045  -689824.8876550  63018.7536530  -671824.8876550  56218.7536530  
92      760     1024    25      78      83.6382673    -134.7856067  0.000   0.171   15.601  0.480   3      1.667   5.200   785     1102    83.7815113    -134.3557712  -689824.8876550  -2581.2463470  -674224.8876550  -7581.2463470  
93      864     1024    23      74      83.6346657    -133.0587333  0.000   0.306   34.369  0.685   3      1.533   4.933   887     1098    83.7692034    -132.6263245  -689824.8876550  -23381.2463470  -675024.8876550  -27981.2463470  
94      576     1032    32      84      83.6452133    -137.8464198  0.000   0.165   12.788  0.379   3      2.133   5.600   608     1116    83.8023758    -137.3725454  -688224.8876550  34218.7536530  -671424.8876550  27818.7536530  
95      912     1032    23      73      83.6457687    -132.2563596  0.000   0.256   26.748  0.585   3      1.533   4.867   935     1105    83.7777843    -131.8068030  -688224.8876550  -32981.2463470  -673624.8876550  -37581.2463470  
96      1112    1032    21      70      83.6175224    -128.9468209  0.000   0.241   24.954  0.371   2      1.400   4.667   1133    1102    83.7413716    -128.4695474  -688224.8876550  -72981.2463470  -674224.8876550  -77181.2463470  
97      1024    1040    21      71      83.6472412    -130.3886649  0.000   0.296   32.580  0.710   3      1.400   4.733   1045    1111    83.7742221    -129.9364428  -686624.8876550  -55381.2463470  -672424.8876550  -59581.2463470  
98      1056    1040    21      71      83.6422337    -129.8584765  0.000   0.320   35.924  0.696   3      1.400   4.733   1077    1111    83.7687456    -129.3958300  -686624.8876550  -61781.2463470  -672424.8876550  -65981.2463470  
99      256     1048    37      96      83.6180127    -143.1594492  0.000   0.210   21.549  0.409   3      2.467   6.400   293     1144    83.8024747    -142.7672316  -685024.8876550  98218.7536530  -665824.8876550  90818.7536530  
100     296     1048    37      95      83.6280454    -142.5027555  0.000   0.265   28.618  0.611   3      2.467   6.333   333     1143    83.8101695    -142.0882220  -685024.8876550  90218.7536530  -666024.8876550  82818.7536530  
101     344     1048    36      93      83.6389782    -141.7121130  0.000   0.242   25.554  0.535   3      2.400   6.200   380     1141    83.8165895    -141.2868137  -685024.8876550  80618.7536530  -666424.8876550  73418.7536530  
102     464     1048    35      89      83.6609920    -139.7248776  0.000   0.274   28.322  0.620   3      2.333   5.933   499     1137    83.8293813    -139.2530214  -685024.8876550  56618.7536530  -667224.8876550  49618.7536530  
103     504     1048    35      87      83.6666313    -139.0596863  0.000   0.220   21.139  0.508   3      2.333   5.800   539     1135    83.8307295    -138.5671187  -685024.8876550  48618.7536530  -667624.8876550  41618.7536530  
104     400     1056    35      91      83.6648513    -140.7999158  0.000   0.256   26.466  0.625   3      2.333   6.067   435     1147    83.8378545    -140.3604287  -683424.8876550  69418.7536530  -665224.8876550  62418.7536530  
105     760     1056    25      78      83.6971741    -134.7835990  0.000   0.174   17.870  0.436   3      1.667   5.200   785     1134    83.8404225    -134.3495978  -683424.8876550  -2581.2463470  -667824.8876550  -7581.2463470  
106     864     1056    23      74      83.6935386    -133.0405682  0.000   0.222   23.676  0.492   3      1.533   4.933   887     1130    83.8280666    -132.6036304  -683424.8876550  -23381.2463470  -668624.8876550  -27981.2463470  
107     224     1064    38      97      83.6384993    -143.7233905  0.000   0.199   19.990  0.379   2      2.533   6.467   262     1161    83.8254730    -143.3322999  -681824.8876550  104618.7536530  -662424.8876550  97018.7536530  
108     600     1064    28      86      83.7061071    -137.4706132  5.625   0.201   17.323  0.548   3      1.867   5.733   628     1150    83.8663494    -137.0524814  -681824.8876550  29418.7536530  -664624.8876550  23818.7536530  
109     792     1072    25      78      83.7261280    -134.2435478  0.000   0.186   20.005  0.523   3      1.667   5.200   817     1150    83.8689237    -133.7948867  -680224.8876550  -8981.2463470  -664624.8876550  -13981.2463470  
110     1016    1072    22      71      83.7071344    -130.4793750  0.000   0.305   33.293  0.636   3      1.467   4.733   1038    1143    83.8340395    -130.0075454  -680224.8876550  -53781.2463470  -666024.8876550  -58181.2463470  
111     488     1080    36      88      83.7232171    -139.3665443  0.000   0.137   13.530  0.363   2      2.400   5.867   524     1168    83.8895717    -138.8615706  -678624.8876550  51818.7536530  -661024.8876550  44618.7536530  
112     632     1080    28      84      83.7378090    -136.9427109  0.000   0.184   18.359  0.550   3      1.867   5.600   660     1164    83.8939444    -136.5076355  -678624.8876550  23018.7536530  -661824.8876550  17418.7536530  
113     680     1080    27      82      83.7401804    -136.1327875  0.000   0.233   23.160  0.623   3      1.800   5.467   707     1162    83.8919249    -135.6937497  -678624.8876550  13418.7536530  -662224.8876550  8018.7536530  
114     984     1080    22      72      83.7261946    -131.0061190  0.000   0.451   48.375  0.748   3      1.467   4.800   1006    1152    83.8554070    -130.5423855  -678624.8876550  -47381.2463470  -664224.8876550  -51781.2463470  
115     184     1088    39      99      83.6705005    -144.4443109  0.000   0.183   18.371  0.409   3      2.600   6.600   223     1187    83.8619356    -144.0616094  -677024.8876550  112618.7536530  -657224.8876550  104818.7536530  
116     752     1088    26      79      83.7561228    -134.9169584  0.000   0.217   20.487  0.568   3      1.733   5.267   778     1167    83.9013120    -134.4644046  -677024.8876550  -981.2463470  -661224.8876550  -6181.2463470  
117     952     1088    22      72      83.7447227    -131.5360344  0.000   0.239   24.373  0.517   3      1.467   4.800   974     1160    83.8743998    -131.0820971  -677024.8876550  -40981.2463470  -662624.8876550  -45381.2463470  
118     320     1096    37      94      83.7213360    -142.2077440  0.000   0.241   25.179  0.469   3      2.467   6.267   357     1190    83.9014053    -141.7759931  -675424.8876550  85418.7536530  -656624.8876550  78018.7536530  
119     904     1096    22      74      83.7641505    -132.3398658  0.000   0.207   19.985  0.464   3      1.467   4.933   926     1170    83.8981874    -131.8997335  -675424.8876550  -31381.2463470  -660624.8876550  -35781.2463470  
120     720     1104    27      81      83.7853852    -135.4607503  0.000   0.243   26.951  0.612   3      1.800   5.400   747     1185    83.9347209    -135.0016339  -673824.8876550  5418.7536530  -657624.8876550  18.7536530    
121     832     1104    23      76      83.7836164    -133.5563789  0.000   0.150   12.674  0.279   2      1.533   5.067   855     1180    83.9222601    -133.1232533  -673824.8876550  -16981.2463470  -658624.8876550  -21581.2463470  
122     864     1104    23      76      83.7818527    -133.0126744  0.000   0.239   24.500  0.476   3      1.533   5.067   887     1180    83.9200448    -132.5672893  -673824.8876550  -23381.2463470  -658624.8876550  -27981.2463470  
123     1072    1104    21      70      83.7568103    -129.4916350  0.000   0.282   31.046  0.685   3      1.400   4.667   1093    1174    83.8811695    -129.0145275  -673824.8876550  -64981.2463470  -659824.8876550  -69181.2463470  
124     136     1112    40      101     83.6988748    -145.3045203  0.000   0.230   22.535  0.515   3      2.667   6.733   176     1213    83.8948707    -144.9359991  -672224.8876550  122218.7536530  -652024.8876550  114218.7536530  
125     528     1112    32      89      83.7871816    -138.7295298  0.000   0.213   21.222  0.526   3      2.133   5.933   560     1201    83.9543410    -138.2724990  -672224.8876550  43818.7536530  -654424.8876550  37418.7536530  
126     680     1112    28      82      83.7990815    -136.1435695  0.000   0.248   24.860  0.521   3      1.867   5.467   708     1194    83.9508636    -135.6830487  -672224.8876550  13418.7536530  -655824.8876550  7818.7536530  
127     784     1112    24      79      83.7999412    -134.3708991  0.000   0.190   19.132  0.372   2      1.600   5.267   808     1191    83.9447282    -133.9368869  -672224.8876550  -7381.2463470  -656424.8876550  -12181.2463470  
128     168     1120    40      100     83.7236580    -144.7984836  0.000   0.222   23.515  0.551   3      2.667   6.667   208     1220    83.9174761    -144.4092998  -670624.8876550  115818.7536530  -650624.8876550  107818.7536530  
129     216     1120    39      98      83.7380898    -144.0001839  0.000   0.291   28.762  0.502   3      2.600   6.533   255     1218    83.9273814    -143.5966011  -670624.8876550  106218.7536530  -651024.8876550  98418.7536530  
130     480     1120    32      91      83.7954890    -139.5542903  0.000   0.224   21.983  0.508   3      2.133   6.067   512     1211    83.9670170    -139.1220480  -670624.8876550  53418.7536530  -652424.8876550  47018.7536530  
131     944     1120    22      73      83.8044079    -131.6392674  0.000   0.298   33.117  0.688   3      1.467   4.867   966     1193    83.9360163    -131.1819034  -670624.8876550  -39381.2463470  -656024.8876550  -43781.2463470  
132     1040    1120    22      71      83.7915345    -130.0077012  0.000   0.242   22.398  0.577   3      1.467   4.733   1062    1191    83.9180161    -129.5194836  -670624.8876550  -58581.2463470  -656424.8876550  -62981.2463470  
133     104     1128    41      102     83.7169979    -145.8822336  0.000   0.246   25.019  0.523   3      2.733   6.800   145     1230    83.9155410    -145.5173556  -669024.8876550  128618.7536530  -648624.8876550  120418.7536530  
134     320     1128    36      95      83.7797778    -142.2759590  5.625   0.144   12.301  0.513   3      2.400   6.333   356     1223    83.9615195    -141.8615213  -669024.8876550  85418.7536530  -650024.8876550  78218.7536530  
135     408     1128    32      94      83.7982100    -140.7882752  0.000   0.226   22.544  0.558   3      2.133   6.267   440     1222    83.9762033    -140.3960179  -669024.8876550  67818.7536530  -650224.8876550  61418.7536530  
136     440     1128    32      93      83.8038739    -140.2452444  0.000   0.260   25.944  0.531   3      2.133   6.200   472     1221    83.9796232    -139.8350792  -669024.8876550  61418.7536530  -650424.8876550  55018.7536530  
137     912     1128    23      74      83.8222928    -132.1777468  0.000   0.229   24.231  0.603   3      1.533   4.933   935     1202    83.9560938    -131.7123185  -669024.8876550  -32981.2463470  -654224.8876550  -37581.2463470  
138     1008    1128    22      71      83.8110673    -130.5401889  0.000   0.351   37.969  0.639   3      1.467   4.733   1030    1199    83.9380356    -130.0615278  -669024.8876550  -52181.2463470  -654824.8876550  -56581.2463470  
139     360     1136    35      94      83.8033048    -141.6165233  0.000   0.148   12.261  0.292   1      2.333   6.267   395     1230    83.9824911    -141.1961186  -667424.8876550  77418.7536530  -648624.8876550  70418.7536530  
140     616     1136    32      86      83.8397620    -137.2496193  0.000   0.249   26.369  0.669   3      2.133   5.733   648     1222    84.0000707    -136.7458260  -667424.8876550  26218.7536530  -650224.8876550  19818.7536530  
141     1072    1136    21      70      83.8154493    -129.4391443  0.000   0.249   26.594  0.497   3      1.400   4.667   1093    1206    83.9397654    -128.9563343  -667424.8876550  -64981.2463470  -653424.8876550  -69181.2463470  
142     272     1144    38      97      83.7971310    -143.1217460  0.000   0.195   20.159  0.495   3      2.533   6.467   310     1241    83.9836616    -142.7016260  -665824.8876550  95018.7536530  -646424.8876550  87418.7536530  
143     584     1144    33      87      83.8518792    -137.8046773  0.000   0.150   15.909  0.549   3      2.200   5.800   617     1231    84.0146193    -137.2978227  -665824.8876550  32618.7536530  -648424.8876550  26018.7536530  
144     856     1144    23      76      83.8559514    -133.1263413  0.000   0.231   23.680  0.543   3      1.533   5.067   879     1220    83.9942458    -132.6780684  -665824.8876550  -21781.2463470  -650624.8876550  -26381.2463470  
145     72      1152    42      103     83.7489135    -146.4901157  0.000   0.123   11.118  0.415   3      2.800   6.867   114     1255    83.9500362    -146.1295340  -664224.8876550  135018.7536530  -643624.8876550  126618.7536530  
146     480     1152    33      91      83.8542169    -139.5979849  0.000   0.262   27.578  0.597   3      2.200   6.067   513     1243    84.0259212    -139.1450963  -664224.8876550  53418.7536530  -646024.8876550  46818.7536530  
147     784     1152    24      80      83.8735822    -134.3633228  0.000   0.319   33.218  0.627   3      1.600   5.333   808     1232    84.0202114    -133.9234417  -664224.8876550  -7381.2463470  -648224.8876550  -12181.2463470  
148     120     1160    43      102     83.7803856    -145.7179054  0.000   0.180   18.485  0.391   2      2.867   6.800   163     1262    83.9794834    -145.3092155  -662624.8876550  125418.7536530  -642224.8876550  116818.7536530  
149     680     1160    27      86      83.8874387    -136.1601328  0.000   0.240   24.099  0.586   3      1.800   5.733   707     1246    84.0465869    -135.7118057  -662624.8876550  13418.7536530  -645424.8876550  8018.7536530  
150     152     1168    43      101     83.8055677    -145.2068512  0.000   0.192   18.749  0.446   3      2.867   6.733   195     1269    84.0024514    -144.7764769  -661024.8876550  119018.7536530  -640824.8876550  110418.7536530  
151     1008    1168    22      71      83.8844878    -130.4864361  0.000   0.238   25.944  0.542   3      1.467   4.733   1030    1239    84.0114133    -130.0007559  -661024.8876550  -52181.2463470  -646824.8876550  -56581.2463470  
152     1064    1168    22      70      83.8755095    -129.5230351  0.000   0.231   25.731  0.417   3      1.467   4.667   1086    1238    83.9997146    -129.0196031  -661024.8876550  -63381.2463470  -647024.8876550  -67781.2463470  
153     248     1176    42      99      83.8489923    -143.6076547  0.000   0.225   22.167  0.415   3      2.800   6.600   290     1275    84.0406003    -143.1339447  -659424.8876550  99818.7536530  -639624.8876550  91418.7536530  
154     280     1176    42      98      83.8575335    -143.0632656  0.000   0.184   17.321  0.402   3      2.800   6.533   322     1274    84.0468259    -142.5690179  -659424.8876550  93418.7536530  -639824.8876550  85018.7536530  
155     368     1176    40      97      83.8781540    -141.5589008  0.000   0.226   25.307  0.565   3      2.667   6.467   408     1273    84.0637746    -141.0486436  -659424.8876550  75818.7536530  -640024.8876550  67818.7536530  
156     968     1176    23      72      83.9045387    -131.1669306  0.000   0.225   22.988  0.554   3      1.533   4.800   991     1248    84.0337689    -130.6751293  -659424.8876550  -44181.2463470  -645024.8876550  -48781.2463470  
157     312     1184    41      98      83.8801225    -142.5354814  0.000   0.209   20.199  0.392   2      2.733   6.533   353     1282    84.0686968    -142.0402007  -657824.8876550  87018.7536530  -638224.8876550  78818.7536530  
158     432     1184    39      95      83.9051531    -140.4721606  0.000   0.282   30.899  0.628   3      2.600   6.333   471     1279    84.0858824    -139.9402540  -657824.8876550  63018.7536530  -638824.8876550  55218.7536530  
159     816     1184    25      78      83.9315507    -133.7998451  0.000   0.216   22.043  0.534   3      1.667   5.200   841     1262    84.0739815    -133.3249177  -657824.8876550  -13781.2463470  -642224.8876550  -18781.2463470  
160     912     1184    24      74      83.9252726    -132.1297753  0.000   0.211   23.552  0.588   3      1.600   4.933   936     1258    84.0589326    -131.6374239  -657824.8876550  -32981.2463470  -643024.8876550  -37781.2463470  
161     88      1192    44      103     83.8269312    -146.3580946  0.000   0.250   25.161  0.571   3      2.933   6.867   132     1295    84.0286762    -145.9535919  -656224.8876550  131818.7536530  -635624.8876550  123018.7536530  
162     400     1192    40      96      83.9139004    -141.0385764  0.000   0.242   27.003  0.585   3      2.667   6.400   440     1288    84.0971901    -140.5071500  -656224.8876550  69418.7536530  -637024.8876550  61418.7536530  
163     712     1192    28      85      83.9472645    -135.6127924  5.625   0.230   22.693  0.549   3      1.867   5.667   740     1277    84.1041183    -135.1271672  -656224.8876550  7018.7536530  -639224.8876550  1418.7536530  
164     784     1192    26      80      83.9472278    -134.3555617  5.625   0.163   15.868  0.480   3      1.733   5.333   810     1272    84.0937868    -133.8742088  -656224.8876550  -7381.2463470  -640224.8876550  -12581.2463470  
165     160     1200    43      101     83.8661603    -145.1688951  0.000   0.248   25.430  0.556   3      2.867   6.733   203     1301    84.0630220    -144.7328601  -654624.8876550  117418.7536530  -634424.8876550  108818.7536530  
166     608     1200    33      91      83.9569011    -137.4333611  5.625   0.190   18.467  0.370   2      2.200   6.067   641     1291    84.1266589    -136.9095653  -654624.8876550  27818.7536530  -636424.8876550  21218.7536530  
167     872     1200    25      76      83.9579538    -132.8145869  0.000   0.296   31.442  0.608   3      1.667   5.067   897     1276    84.0958228    -132.3154913  -654624.8876550  -24981.2463470  -639424.8876550  -29981.2463470  
168     1008    1200    23      71      83.9432237    -130.4424939  0.000   0.187   21.181  0.568   3      1.533   4.733   1031    1271    84.0699516    -129.9332996  -654624.8876550  -52181.2463470  -640424.8876550  -56781.2463470  
169     1056    1200    22      70      83.9355597    -129.6085904  0.000   0.283   29.724  0.512   3      1.467   4.667   1078    1270    84.0598491    -129.1018491  -654624.8876550  -61781.2463470  -640624.8876550  -66181.2463470  
170     240     1208    43      99      83.9049977    -143.8278594  0.000   0.232   23.766  0.514   3      2.867   6.600   283     1307    84.0970742    -143.3390880  -653024.8876550  101418.7536530  -633224.8876550  92818.7536530  
171     944     1208    23      74      83.9661487    -131.5489067  0.000   0.266   28.024  0.571   3      1.533   4.933   967     1282    84.0994035    -131.0578751  -653024.8876550  -39381.2463470  -638224.8876550  -43981.2463470  
172     304     1216    41      98      83.9365609    -142.7468668  0.000   0.268   27.534  0.522   3      2.733   6.533   345     1314    84.1253360    -142.2536120  -651424.8876550  88618.7536530  -631824.8876550  80418.7536530  
173     344     1216    40      98      83.9460483    -142.0549142  0.000   0.246   25.490  0.560   3      2.667   6.533   384     1314    84.1339710    -141.5565172  -651424.8876550  80618.7536530  -631824.8876550  72618.7536530  
174     432     1216    40      96      83.9638035    -140.5255913  0.000   0.207   21.932  0.514   3      2.667   6.400   472     1312    84.1465867    -139.9735793  -651424.8876550  63018.7536530  -632224.8876550  55018.7536530  
175     104     1224    45      103     83.8904720    -146.1957544  0.000   0.221   22.980  0.550   3      3.000   6.867   149     1327    84.0924468    -145.7637696  -649824.8876550  128618.7536530  -629224.8876550  119618.7536530  
176     680     1224    32      87      84.0052582    -136.1829782  5.625   0.108   10.288  0.319   1      2.133   5.800   712     1311    84.1663892    -135.6358517  -649824.8876550  13418.7536530  -632424.8876550  7018.7536530  
177     712     1224    32      87      84.0061847    -135.6188272  0.000   0.116   11.664  0.348   2      2.133   5.800   744     1311    84.1667451    -135.0560572  -649824.8876550  7018.7536530  -632424.8876550  618.7536530   
178     880     1232    24      76      84.0162493    -132.6518328  0.000   0.149   15.037  0.518   3      1.600   5.067   904     1308    84.1540647    -132.1619722  -648224.8876550  -26581.2463470  -633024.8876550  -31381.2463470  
179     1008    1232    22      71      84.0019590    -130.3976894  0.000   0.237   24.556  0.503   3      1.467   4.733   1030    1303    84.1288130    -129.9003557  -648224.8876550  -52181.2463470  -634024.8876550  -56581.2463470  
180     480     1240    40      94      84.0157155    -139.7225754  0.000   0.173   17.477  0.329   2      2.667   6.267   520     1334    84.1939982    -139.1377419  -646624.8876550  53418.7536530  -627824.8876550  45418.7536530  
181     520     1240    37      95      84.0213283    -139.0178409  0.000   0.202   20.755  0.500   3      2.467   6.333   557     1335    84.2003546    -138.4664903  -646624.8876550  45418.7536530  -627624.8876550  38018.7536530  
182     768     1240    30      84      84.0358722    -134.6295156  5.625   0.230   25.250  0.625   3      2.000   5.600   798     1324    84.1899321    -134.0738828  -646624.8876550  -4181.2463470  -629824.8876550  -10181.2463470  
183     920     1240    22      75      84.0274889    -131.9387603  5.625   0.134   14.177  0.398   2      1.467   5.000   942     1315    84.1630485    -131.4684233  -646624.8876550  -34581.2463470  -631624.8876550  -38981.2463470  
184     144     1248    45      102     83.9477862    -145.5919006  0.000   0.273   30.976  0.601   3      3.000   6.800   189     1350    84.1474601    -145.1316581  -645024.8876550  120618.7536530  -624624.8876550  111618.7536530  
185     176     1248    44      101     83.9583387    -145.0416444  0.000   0.237   23.550  0.563   3      2.933   6.733   220     1349    84.1554163    -144.5765999  -645024.8876550  114218.7536530  -624824.8876550  105418.7536530  
186     208     1248    43      101     83.9683332    -144.4895103  0.000   0.178   18.844  0.495   3      2.867   6.733   251     1349    84.1646423    -144.0229181  -645024.8876550  107818.7536530  -624824.8876550  99218.7536530  
187     432     1248    40      96      84.0224515    -140.5800725  0.000   0.220   20.540  0.527   3      2.667   6.400   472     1344    84.2052964    -140.0241826  -645024.8876550  63018.7536530  -625824.8876550  55018.7536530  
188     816     1248    29      80      84.0493731    -133.7760362  5.625   0.134   12.470  0.318   2      1.933   5.333   845     1328    84.1952507    -133.2169854  -645024.8876550  -13781.2463470  -629024.8876550  -19581.2463470  
189     960     1248    23      73      84.0378016    -131.2231056  0.000   0.176   18.719  0.492   3      1.533   4.867   983     1321    84.1689296    -130.7199404  -645024.8876550  -42581.2463470  -630424.8876550  -47181.2463470  
190     256     1256    42      100     83.9968353    -143.6791955  0.000   0.151   18.136  0.412   3      2.800   6.667   298     1356    84.1903491    -143.1983663  -643424.8876550  98218.7536530  -623424.8876550  89818.7536530  
191     328     1256    41      99      84.0154043    -142.4221063  0.000   0.291   30.605  0.621   3      2.733   6.600   369     1355    84.2057190    -141.9137495  -643424.8876550  83818.7536530  -623624.8876550  75618.7536530  
192     360     1256    41      98      84.0227301    -141.8610114  0.000   0.344   36.397  0.684   3      2.733   6.533   401     1354    84.2106866    -141.3315615  -643424.8876550  77418.7536530  -623824.8876550  69218.7536530  
193     640     1256    37      92      84.0621789    -136.9065958  0.000   0.244   25.676  0.504   3      2.467   6.133   677     1348    84.2334440    -136.2848781  -643424.8876550  21418.7536530  -625024.8876550  14018.7536530  
194     584     1264    38      93      84.0725656    -137.9093767  0.000   0.240   24.912  0.631   3      2.533   6.200   622     1357    84.2468450    -137.2988487  -641824.8876550  32618.7536530  -623224.8876550  25018.7536530  
195     680     1272    37      91      84.0936303    -136.2007115  0.000   0.309   33.793  0.713   3      2.467   6.067   717     1363    84.2622504    -135.5543804  -640224.8876550  13418.7536530  -622024.8876550  6018.7536530  
196     896     1272    25      77      84.0885505    -132.3367006  5.625   0.133   14.213  0.517   3      1.667   5.133   921     1349    84.2278255    -131.8138848  -640224.8876550  -29781.2463470  -624824.8876550  -34781.2463470  
197     136     1280    45      102     84.0029446    -145.8341505  0.000   0.214   23.022  0.507   3      3.000   6.800   181     1382    84.2028297    -145.3778757  -638624.8876550  122218.7536530  -618224.8876550  113218.7536530  
198     168     1280    45      102     84.0137403    -145.2792366  0.000   0.199   19.112  0.339   2      3.000   6.800   213     1382    84.2131554    -144.8029493  -638624.8876550  115818.7536530  -618224.8876550  106818.7536530  
199     456     1280    38      97      84.0852734    -140.2088388  0.000   0.350   37.881  0.601   3      2.533   6.467   494     1377    84.2692828    -139.6732725  -638624.8876550  58218.7536530  -619224.8876550  50618.7536530  
200     864     1280    26      80      84.1057177    -132.9032313  0.000   0.145   13.640  0.366   2      1.733   5.333   890     1360    84.2509551    -132.3717145  -638624.8876550  -23381.2463470  -622624.8876550  -28581.2463470  
201     1016    1280    23      71      84.0888426    -130.1862435  0.000   0.191   19.883  0.546   3      1.533   4.733   1039    1351    84.2153388    -129.6586001  -638624.8876550  -53781.2463470  -624424.8876550  -58381.2463470  
202     200     1288    42      102     84.0384932    -144.7463183  0.000   0.206   22.386  0.528   3      2.800   6.800   242     1390    84.2365498    -144.3038509  -637024.8876550  109418.7536530  -616624.8876550  101018.7536530  
203     280     1288    42      100     84.0616539    -143.3428735  0.000   0.284   29.398  0.654   3      2.800   6.667   322     1388    84.2548773    -142.8452826  -637024.8876550  93418.7536530  -617024.8876550  85018.7536530  
204     320     1288    42      99      84.0718929    -142.6372433  0.000   0.328   35.580  0.644   3      2.800   6.600   362     1387    84.2626407    -142.1127358  -637024.8876550  85418.7536530  -617224.8876550  77018.7536530  
205     352     1288    42      98      84.0794360    -142.0710459  0.000   0.288   32.351  0.638   3      2.800   6.533   394     1386    84.2678098    -141.5249231  -637024.8876550  79018.7536530  -617424.8876550  70618.7536530  
206     528     1288    38      95      84.1105296    -138.9349814  0.000   0.289   31.876  0.616   3      2.533   6.333   566     1383    84.2895901    -138.3539279  -637024.8876550  43818.7536530  -618024.8876550  36218.7536530  
207     632     1288    38      92      84.1205620    -137.0694699  0.000   0.296   32.312  0.592   3      2.533   6.133   670     1380    84.2920605    -136.4277580  -637024.8876550  23018.7536530  -618624.8876550  15418.7536530  
208     416     1296    39      98      84.1074378    -140.9494197  0.000   0.254   28.048  0.444   3      2.600   6.533   455     1394    84.2941552    -140.4190107  -635424.8876550  66218.7536530  -615824.8876550  58418.7536530  
209     248     1304    42      101     84.0819246    -143.9497942  0.000   0.328   33.796  0.596   3      2.800   6.733   290     1405    84.2775066    -143.4736852  -633824.8876550  99818.7536530  -613624.8876550  91418.7536530  
210     712     1304    37      90      84.1534984    -135.6344474  0.000   0.182   15.107  0.358   2      2.467   6.000   749     1394    84.3196151    -134.9645292  -633824.8876550  7018.7536530  -615824.8876550  -381.2463470  
211     784     1312    34      89      84.1681928    -134.3311003  0.000   0.166   16.425  0.448   3      2.267   5.933   818     1401    84.3310026    -133.6778183  -632224.8876550  -7381.2463470  -614424.8876550  -14181.2463470  
212     864     1312    28      81      84.1646097    -132.8820250  5.625   0.081   9.198   0.267   1      1.867   5.400   892     1393    84.3114995    -132.3064730  -632224.8876550  -23381.2463470  -616024.8876550  -28981.2463470  
213     152     1320    43      104     84.0808093    -145.6878010  0.000   0.217   20.270  0.453   3      2.867   6.933   195     1424    84.2835528    -145.2631415  -630624.8876550  119018.7536530  -609824.8876550  110418.7536530  
214     216     1320    43      102     84.1015282    -144.5608250  0.000   0.306   32.268  0.636   3      2.867   6.800   259     1422    84.2997349    -144.0886997  -630624.8876550  106218.7536530  -610224.8876550  97618.7536530  
215     280     1320    43      100     84.1199536    -143.4263329  0.000   0.282   28.104  0.580   3      2.867   6.667   323     1420    84.3135129    -142.9080595  -630624.8876550  93418.7536530  -610624.8876550  84818.7536530  
216     320     1320    43      99      84.1302950    -142.7138225  0.000   0.264   28.672  0.638   3      2.867   6.600   363     1419    84.3213522    -142.1680179  -630624.8876550  85418.7536530  -610824.8876550  76818.7536530  
217     352     1320    43      98      84.1379138    -142.1420702  0.000   0.186   19.090  0.550   3      2.867   6.533   395     1418    84.3265751    -141.5741604  -630624.8876550  79018.7536530  -611024.8876550  70418.7536530  
218     488     1320    39      96      84.1637514    -139.6974686  0.000   0.318   33.605  0.681   3      2.600   6.400   527     1416    84.3455645    -139.1178319  -630624.8876550  51818.7536530  -611424.8876550  44018.7536530  
219     520     1320    39      96      84.1682814    -139.1194336  0.000   0.237   25.424  0.630   3      2.600   6.400   559     1416    84.3494907    -138.5207632  -630624.8876550  45418.7536530  -611424.8876550  37618.7536530  
220     552     1320    39      95      84.1722180    -138.5405574  0.000   0.231   24.191  0.482   3      2.600   6.333   591     1415    84.3509638    -137.9219738  -630624.8876550  39018.7536530  -611624.8876550  31218.7536530  
221     632     1320    38      92      84.1794557    -137.0904538  0.000   0.320   33.656  0.671   3      2.533   6.133   670     1412    84.3509831    -136.4426771  -630624.8876550  23018.7536530  -612224.8876550  15418.7536530  
222     928     1320    23      77      84.1737732    -131.7163323  5.625   0.119   11.895  0.393   2      1.533   5.133   951     1397    84.3127078    -131.2075981  -630624.8876550  -36181.2463470  -615224.8876550  -40781.2463470  
223     960     1320    23      74      84.1701001    -131.1371204  5.625   0.176   17.397  0.540   3      1.533   4.933   983     1394    84.3029955    -130.6188591  -630624.8876550  -42581.2463470  -615824.8876550  -47181.2463470  
224     384     1344    40      99      84.1888560    -141.6188217  0.000   0.326   38.252  0.686   3      2.667   6.600   424     1443    84.3782333    -141.0862939  -625824.8876550  72618.7536530  -606024.8876550  64618.7536530  
225     784     1344    33      89      84.2271236    -134.3242604  0.000   0.229   24.130  0.471   3      2.200   5.933   817     1433    84.3899724    -133.6827426  -625824.8876550  -7381.2463470  -608024.8876550  -13981.2463470  
226     824     1344    31      87      84.2257841    -133.5920932  5.625   0.154   13.874  0.426   3      2.067   5.800   855     1431    84.3842446    -132.9685313  -625824.8876550  -15381.2463470  -608424.8876550  -21581.2463470  
227     496     1352    40      96      84.2236864    -139.5995268  0.000   0.227   25.861  0.620   3      2.667   6.400   536     1448    84.4055329    -138.9916402  -624224.8876550  50218.7536530  -605024.8876550  42218.7536530  
228     528     1352    39      95      84.2281131    -139.0154086  0.000   0.265   27.742  0.501   3      2.600   6.333   567     1447    84.4073784    -138.4058271  -624224.8876550  43818.7536530  -605224.8876550  36018.7536530  
229     616     1352    36      94      84.2371903    -137.4051291  0.000   0.162   14.827  0.285   1      2.400   6.267   652     1446    84.4126485    -136.7992919  -624224.8876550  26218.7536530  -605424.8876550  19018.7536530  
230     696     1352    34      92      84.2414885    -135.9378658  0.000   0.194   20.709  0.544   3      2.267   6.133   730     1444    84.4116262    -135.3233246  -624224.8876550  10218.7536530  -605824.8876550  3418.7536530  
231     312     1360    41      100     84.2012657    -142.9561864  0.000   0.139   15.721  0.356   2      2.733   6.667   353     1460    84.3939156    -142.4515541  -622624.8876550  87018.7536530  -602624.8876550  78818.7536530  
232     440     1360    40      98      84.2291638    -140.6337086  0.000   0.306   34.786  0.622   3      2.667   6.533   480     1458    84.4157545    -140.0623129  -622624.8876550  61418.7536530  -603024.8876550  53418.7536530  
233     648     1360    35      93      84.2540890    -136.8231646  0.000   0.140   14.939  0.432   3      2.333   6.200   683     1453    84.4270409    -136.2157616  -622624.8876550  19818.7536530  -604024.8876550  12818.7536530  
234     752     1360    34      90      84.2569859    -134.9097029  0.000   0.178   15.783  0.466   3      2.267   6.000   786     1450    84.4223062    -134.2626702  -622624.8876550  -981.2463470  -604624.8876550  -7781.2463470  
235     984     1360    24      73      84.2404147    -130.6482255  5.625   0.218   21.647  0.641   3      1.600   4.867   1008    1433    84.3708682    -130.0948433  -622624.8876550  -47381.2463470  -608024.8876550  -52181.2463470  
236     1016    1360    23      72      84.2356426    -130.0631450  0.000   0.171   18.154  0.336   2      1.533   4.800   1039    1432    84.3638645    -129.5171883  -622624.8876550  -53781.2463470  -608224.8876550  -58381.2463470  
237     184     1368    44      103     84.1784541    -145.2785108  0.000   0.273   27.189  0.581   3      2.933   6.867   228     1471    84.3793923    -144.8099484  -621024.8876550  112618.7536530  -600424.8876550  103818.7536530  
238     344     1368    40      100     84.2237403    -142.3965253  0.000   0.256   28.144  0.568   3      2.667   6.667   384     1468    84.4156646    -141.8893595  -621024.8876550  80618.7536530  -601024.8876550  72618.7536530  
239     232     1376    44      102     84.2081099    -144.4426359  0.000   0.262   28.472  0.542   3      2.933   6.800   276     1478    84.4065166    -143.9386428  -619424.8876550  103018.7536530  -599024.8876550  94218.7536530  
240     824     1376    33      88      84.2847040    -133.5775524  0.000   0.191   20.037  0.427   3      2.200   5.867   857     1464    84.4448604    -132.9082403  -619424.8876550  -15381.2463470  -601824.8876550  -21981.2463470  
241     480     1384    40      97      84.2799693    -139.9416530  0.000   0.234   24.911  0.423   3      2.667   6.467   520     1481    84.4640201    -139.3402663  -617824.8876550  53418.7536530  -598424.8876550  45418.7536530  
242     528     1384    36      97      84.2869048    -139.0568657  0.000   0.145   13.725  0.292   1      2.400   6.467   564     1481    84.4695627    -138.5016711  -617824.8876550  43818.7536530  -598424.8876550  36618.7536530  
243     264     1392    42      102     84.2466006    -143.9109365  0.000   0.243   24.515  0.499   3      2.800   6.800   306     1494    84.4439927    -143.4221136  -616224.8876550  96618.7536530  -595824.8876550  88218.7536530  
244     416     1392    41      98      84.2832605    -141.1333967  0.000   0.313   33.911  0.693   3      2.733   6.533   457     1490    84.4705295    -140.5542607  -616224.8876550  66218.7536530  -596624.8876550  58018.7536530  
245     560     1392    36      96      84.3054794    -138.4748798  0.000   0.305   32.597  0.644   3      2.400   6.400   596     1488    84.4857281    -137.8975856  -616224.8876550  37418.7536530  -597024.8876550  30218.7536530  
246     664     1392    35      93      84.3138690    -136.5448154  0.000   0.262   26.820  0.594   3      2.333   6.200   699     1485    84.4865283    -135.9220941  -616224.8876550  16618.7536530  -597624.8876550  9618.7536530  
247     736     1392    34      91      84.3158956    -135.2062959  0.000   0.244   24.949  0.463   3      2.267   6.067   770     1483    84.4833953    -134.5610869  -616224.8876550  2218.7536530  -598024.8876550  -4581.2463470  
248     784     1392    34      90      84.3155253    -134.3137342  0.000   0.234   24.244  0.498   3      2.267   6.000   818     1482    84.4801668    -133.6420267  -616224.8876550  -7381.2463470  -598224.8876550  -14181.2463470  
249     976     1392    28      75      84.3002923    -130.7511256  5.625   0.114   10.226  0.255   1      1.867   5.000   1004    1467    84.4338976    -130.1153174  -616224.8876550  -45781.2463470  -601224.8876550  -51381.2463470  
250     304     1400    41      101     84.2721345    -143.2045620  0.000   0.237   25.145  0.579   3      2.733   6.733   345     1501    84.4668377    -142.7046719  -614624.8876550  88618.7536530  -594424.8876550  80418.7536530  
251     384     1400    41      99      84.2912960    -141.7383338  0.000   0.300   32.446  0.664   3      2.733   6.600   425     1499    84.4809957    -141.1809680  -614624.8876550  72618.7536530  -594824.8876550  64418.7536530  
252     200     1408    44      103     84.2561780    -145.1201450  0.000   0.190   18.996  0.414   3      2.933   6.867   244     1511    84.4569942    -144.6392585  -613024.8876550  109418.7536530  -592424.8876550  100618.7536530  
253     344     1408    41      100     84.2967920    -142.4919607  0.000   0.269   28.112  0.585   3      2.733   6.667   385     1508    84.4890333    -141.9623484  -613024.8876550  80618.7536530  -593024.8876550  72418.7536530  
254     704     1408    35      92      84.3448452    -135.8054904  0.000   0.279   30.849  0.595   3      2.333   6.133   739     1500    84.5148536    -135.1559765  -613024.8876550  8618.7536530  -594624.8876550  1618.7536530  
255     480     1416    37      98      84.3386884    -139.9931189  0.000   0.182   17.756  0.459   3      2.467   6.533   517     1514    84.5242097    -139.4462233  -611424.8876550  53418.7536530  -591824.8876550  46018.7536530  
256     592     1416    36      96      84.3528970    -137.9042346  0.000   0.286   29.691  0.611   3      2.400   6.400   628     1512    84.5325703    -137.3031435  -611424.8876550  31018.7536530  -592224.8876550  23818.7536530  
257     448     1424    37      99      84.3479189    -140.6023172  0.000   0.146   15.576  0.401   3      2.467   6.600   485     1523    84.5358392    -140.0769195  -609824.8876550  59818.7536530  -590024.8876550  52418.7536530  
258     560     1424    36      96      84.3643116    -138.5112573  0.000   0.316   33.976  0.637   3      2.400   6.400   596     1520    84.5446023    -137.9289294  -609824.8876550  37418.7536530  -590624.8876550  30218.7536530  
259     672     1424    36      93      84.3731716    -136.4107940  0.000   0.220   23.422  0.567   3      2.400   6.200   708     1517    84.5457155    -135.7576736  -609824.8876550  15018.7536530  -591224.8876550  7818.7536530  
260     776     1424    34      90      84.3746223    -134.4568423  0.000   0.247   26.909  0.542   3      2.267   6.000   810     1514    84.5394333    -133.7821672  -609824.8876550  -5781.2463470  -591824.8876550  -12581.2463470  
261     864     1424    33      86      84.3707480    -132.8043027  0.000   0.211   21.484  0.487   3      2.200   5.733   897     1510    84.5263149    -132.1038415  -609824.8876550  -23381.2463470  -592624.8876550  -29981.2463470  
262     248     1432    42      103     84.3146758    -144.3200085  0.000   0.209   22.860  0.548   3      2.800   6.867   290     1535    84.5142416    -143.8428082  -608224.8876550  99818.7536530  -587624.8876550  91418.7536530  
263     296     1432    42      102     84.3283218    -143.4372340  0.000   0.216   22.511  0.541   3      2.800   6.800   338     1534    84.5253117    -142.9240313  -608224.8876550  90218.7536530  -587824.8876550  81818.7536530  
264     624     1432    36      95      84.3850238    -137.3178616  0.000   0.299   31.378  0.669   3      2.400   6.333   660     1527    84.5622432    -136.6932932  -608224.8876550  24618.7536530  -589224.8876550  17418.7536530  
265     816     1432    34      89      84.3881729    -133.7020061  0.000   0.196   19.851  0.438   3      2.267   5.933   850     1521    84.5502575    -133.0035712  -608224.8876550  -13781.2463470  -590424.8876550  -20581.2463470  
266     368     1440    39      101     84.3608781    -142.1241461  0.000   0.221   25.784  0.616   3      2.600   6.733   407     1541    84.5541914    -141.6161080  -606624.8876550  75818.7536530  -586424.8876550  68018.7536530  
267     512     1440    37      98      84.3875895    -139.4320646  0.000   0.217   22.789  0.496   3      2.467   6.533   549     1538    84.5725782    -138.8610802  -606624.8876550  47018.7536530  -587024.8876550  39618.7536530  
268     928     1440    27      82      84.3944181    -131.5867213  0.000   0.150   15.152  0.413   3      1.800   5.467   955     1522    84.5419280    -130.9701799  -606624.8876550  -36181.2463470  -590224.8876550  -41581.2463470  
269     336     1448    39      102     84.3678666    -142.7387011  0.000   0.278   24.907  0.602   3      2.600   6.800   375     1550    84.5635323    -142.2543471  -605024.8876550  82218.7536530  -584624.8876550  74418.7536530  
270     584     1456    37      96      84.4257057    -138.0941709  0.000   0.318   34.190  0.644   3      2.467   6.400   621     1552    84.6056604    -137.4717052  -603424.8876550  32618.7536530  -584224.8876550  25218.7536530  
271     304     1464    40      102     84.3887857    -143.3766112  0.000   0.310   32.869  0.643   3      2.667   6.800   344     1566    84.5852242    -142.8941394  -601824.8876550  88618.7536530  -581424.8876550  80618.7536530  
272     440     1464    37      100     84.4197657    -140.8271006  0.000   0.297   31.963  0.580   3      2.467   6.667   477     1564    84.6097299    -140.3043439  -601824.8876550  61418.7536530  -581824.8876550  54018.7536530  
273     472     1464    37      99      84.4254414    -140.2234532  0.000   0.299   33.673  0.652   3      2.467   6.600   509     1563    84.6130234    -139.6772747  -601824.8876550  55018.7536530  -582024.8876550  47618.7536530  
274     792     1464    34      90      84.4479393    -134.1450182  0.000   0.193   20.130  0.510   3      2.267   6.000   826     1554    84.6123922    -133.4516270  -601824.8876550  -8981.2463470  -583824.8876550  -15781.2463470  
275     824     1464    32      89      84.4467464    -133.5359717  5.625   0.120   10.622  0.343   2      2.133   5.933   856     1553    84.6087741    -132.8641401  -601824.8876550  -15381.2463470  -584024.8876550  -21781.2463470  
276     240     1472    40      104     84.3849323    -144.5905629  0.000   0.258   28.679  0.614   3      2.667   6.933   280     1576    84.5859619    -144.1587933  -600224.8876550  101418.7536530  -579424.8876550  93418.7536530  
277     512     1472    37      98      84.4463571    -139.4791310  0.000   0.366   41.179  0.730   3      2.467   6.533   549     1570    84.6313974    -138.9035085  -600224.8876550  47018.7536530  -580624.8876550  39618.7536530  
278     616     1472    37      95      84.4580216    -137.5011785  0.000   0.272   29.904  0.628   3      2.467   6.333   653     1567    84.6355016    -136.8544605  -600224.8876550  26218.7536530  -581224.8876550  18818.7536530  
279     720     1472    36      92      84.4630681    -135.5172449  0.000   0.164   18.528  0.424   2      2.400   6.133   756     1564    84.6327551    -134.8245906  -600224.8876550  5418.7536530  -581824.8876550  -1781.2463470  
280     952     1472    28      80      84.4504225    -131.0941073  5.625   0.244   24.591  0.606   3      1.867   5.333   980     1552    84.5935930    -130.4413535  -600224.8876550  -40981.2463470  -584224.8876550  -46581.2463470  
281     552     1480    37      97      84.4663303    -138.7293003  0.000   0.267   28.996  0.576   3      2.467   6.467   589     1577    84.6487872    -138.1245634  -598624.8876550  39018.7536530  -579224.8876550  31618.7536530  
282     680     1480    36      94      84.4766454    -136.2841251  0.000   0.287   29.431  0.555   3      2.400   6.267   716     1574    84.6508969    -135.6144867  -598624.8876550  13418.7536530  -579824.8876550  6218.7536530  
283     856     1480    29      88      84.4743818    -132.9161855  5.625   0.281   28.967  0.602   3      1.933   5.867   885     1568    84.6341226    -132.2822100  -598624.8876550  -21781.2463470  -581024.8876550  -27581.2463470  
284     920     1480    28      83      84.4688381    -131.6938230  5.625   0.132   14.491  0.500   3      1.867   5.533   948     1563    84.6181763    -131.0507381  -598624.8876550  -34581.2463470  -582024.8876550  -40181.2463470  
285     272     1488    40      103     84.4235593    -144.0429948  0.000   0.231   22.672  0.528   3      2.667   6.867   312     1591    84.6223589    -143.5847122  -597024.8876550  95018.7536530  -576424.8876550  87018.7536530  
286     376     1488    38      102     84.4504397    -142.0863319  0.000   0.218   23.687  0.608   3      2.533   6.800   414     1590    84.6453494    -141.5902905  -597024.8876550  74218.7536530  -576624.8876550  66618.7536530  
287     440     1496    38      100     84.4784051    -140.8892960  0.000   0.335   34.834  0.617   3      2.533   6.667   478     1596    84.6686027    -140.3432569  -595424.8876550  61418.7536530  -575424.8876550  53818.7536530  
288     760     1496    34      92      84.5074536    -134.7516167  0.000   0.272   28.350  0.637   3      2.267   6.133   794     1588    84.6762954    -134.0685697  -595424.8876550  -2581.2463470  -577024.8876550  -9381.2463470  
289     792     1496    34      91      84.5068813    -134.1358297  0.000   0.163   15.848  0.390   2      2.267   6.067   826     1587    84.6731685    -133.4339317  -595424.8876550  -8981.2463470  -577224.8876550  -15781.2463470  
290     824     1496    30      91      84.5056755    -133.5202423  5.625   0.149   15.230  0.390   2      2.000   6.067   854     1587    84.6715088    -132.8786512  -595424.8876550  -15381.2463470  -577224.8876550  -21381.2463470  
291     304     1504    40      103     84.4616719    -143.4878276  0.000   0.266   29.340  0.576   3      2.667   6.867   344     1607    84.6600349    -143.0056114  -593824.8876550  88618.7536530  -573224.8876550  80618.7536530  
292     336     1504    39      103     84.4700648    -142.8828407  0.000   0.236   24.873  0.577   3      2.600   6.867   375     1607    84.6676889    -142.3970353  -593824.8876550  82218.7536530  -573224.8876550  74418.7536530  
293     408     1504    38      101     84.4866874    -141.5153303  0.000   0.274   29.979  0.593   3      2.533   6.733   446     1605    84.6792807    -140.9929213  -593824.8876550  67818.7536530  -573624.8876550  60218.7536530  
294     504     1504    38      98      84.5039407    -139.6805885  0.000   0.305   32.226  0.611   3      2.533   6.533   542     1602    84.6893129    -139.0858838  -593824.8876550  48618.7536530  -574224.8876550  41018.7536530  
295     264     1520    41      104     84.4794063    -144.2905729  0.000   0.275   27.150  0.588   3      2.733   6.933   305     1624    84.6805069    -143.8201489  -590624.8876550  96618.7536530  -569824.8876550  88418.7536530  
296     568     1520    37      97      84.5417231    -138.4704819  0.000   0.179   17.198  0.533   3      2.467   6.467   605     1617    84.7239211    -137.8481484  -590624.8876550  35818.7536530  -571224.8876550  28418.7536530  
297     824     1528    32      91      84.5646070    -133.5041714  0.000   0.145   15.279  0.433   3      2.133   6.067   856     1619    84.7302877    -132.8147969  -589024.8876550  -15381.2463470  -570824.8876550  -21781.2463470  
298     480     1536    39      98      84.5588676    -140.1960242  0.000   0.225   22.711  0.567   3      2.600   6.533   519     1634    84.7448976    -139.5932476  -587424.8876550  53418.7536530  -567824.8876550  45618.7536530  
299     512     1536    39      98      84.5638890    -139.5763212  0.000   0.144   13.304  0.240   1      2.600   6.533   551     1634    84.7492900    -138.9510527  -587424.8876550  47018.7536530  -567824.8876550  39218.7536530  
300     624     1536    36      95      84.5764449    -137.3998399  0.000   0.133   11.906  0.297   2      2.400   6.333   660     1631    84.7537669    -136.7552167  -587424.8876550  24618.7536530  -568424.8876550  17418.7536530  
301     672     1536    35      95      84.5794266    -136.4645681  0.000   0.222   23.077  0.465   3      2.333   6.333   707     1631    84.7557040    -135.8082163  -587424.8876550  15018.7536530  -568424.8876550  8018.7536530  
302     792     1536    32      92      84.5805625    -134.1240626  0.000   0.266   27.138  0.544   3      2.133   6.133   824     1628    84.7487826    -133.4516214  -587424.8876550  -8981.2463470  -569024.8876550  -15381.2463470  
303     720     1544    71      94      84.5957025    -135.5299585  0.000   0.198   18.938  0.386   2      4.733   6.267   791     1638    84.7684966    -134.1127583  -585824.8876550  5418.7536530  -567024.8876550  -8781.2463470  
304     280     1552    72      103     84.5423066    -144.0848045  0.000   0.160   16.922  0.405   3      4.800   6.867   352     1655    84.7496642    -142.9807038  -584224.8876550  93418.7536530  -563624.8876550  79018.7536530  
305     544     1552    71      97      84.5976805    -138.9771398  0.000   0.249   26.704  0.470   3      4.733   6.467   615     1649    84.7837023    -137.6779639  -584224.8876550  40618.7536530  -564824.8876550  26418.7536530  
306     856     1552    44      97      84.6069331    -132.8648706  5.625   0.132   12.690  0.323   2      2.933   6.467   900     1649    84.7817698    -131.9008674  -584224.8876550  -21781.2463470  -564824.8876550  -30581.2463470  
307     584     1560    71      96      84.6170061    -138.2044081  0.000   0.277   27.339  0.614   3      4.733   6.400   655     1656    84.7995167    -136.8723723  -582624.8876550  32618.7536530  -563424.8876550  18418.7536530  
308     312     1568    72      102     84.5804564    -143.5177475  0.000   0.260   28.610  0.677   3      4.800   6.800   384     1670    84.7849355    -142.3805308  -581024.8876550  87018.7536530  -560624.8876550  72618.7536530  
309     376     1568    72      101     84.5966603    -142.2794066  0.000   0.287   29.586  0.620   3      4.800   6.733   448     1669    84.7969352    -141.0882688  -581024.8876550  74218.7536530  -560824.8876550  59818.7536530  
310     456     1568    72      99      84.6133482    -140.7219445  0.000   0.290   30.253  0.662   3      4.800   6.600   528     1667    84.8068223    -139.4644253  -581024.8876550  58218.7536530  -561224.8876550  43818.7536530  
311     792     1568    45      102     84.6395103    -134.1144157  5.625   0.195   19.207  0.386   2      3.000   6.800   837     1670    84.8254304    -133.1629491  -581024.8876550  -8981.2463470  -560624.8876550  -17981.2463470  
312     496     1584    72      98      84.6495630    -139.9670945  0.000   0.395   44.598  0.707   3      4.800   6.533   568     1682    84.8396216    -138.6713767  -577824.8876550  50218.7536530  -558224.8876550  35818.7536530  
313     712     1584    72      94      84.6692355    -135.6959292  0.000   0.224   23.957  0.501   3      4.800   6.267   784     1678    84.8423788    -134.2435226  -577824.8876550  7018.7536530  -559024.8876550  -7381.2463470  
314     744     1592    47      105     84.6843646    -135.0615245  0.000   0.091   8.329   0.352   2      3.133   7.000   791     1697    84.8771992    -134.0939052  -576224.8876550  618.7536530   -555224.8876550  -8781.2463470  
315     576     1600    72      97      84.6897296    -138.4079233  0.000   0.297   32.577  0.647   3      4.800   6.467   648     1697    84.8745810    -137.0443050  -574624.8876550  34218.7536530  -555224.8876550  19818.7536530  
316     312     1608    73      102     84.6533264    -143.6348834  0.000   0.247   24.901  0.508   3      4.867   6.800   385     1710    84.8582615    -142.4657859  -573024.8876550  87018.7536530  -552624.8876550  72418.7536530  
317     360     1608    73      101     84.6658863    -142.6943783  0.000   0.293   32.101  0.599   3      4.867   6.733   433     1709    84.8671727    -141.4828428  -573024.8876550  77418.7536530  -552824.8876550  62818.7536530  
318     448     1608    72      99      84.6851616    -140.9595893  0.000   0.238   25.209  0.580   3      4.800   6.600   520     1707    84.8791171    -139.6933532  -573024.8876550  59818.7536530  -553224.8876550  45418.7536530  
319     680     1608    72      95      84.7123999    -136.3414731  0.000   0.282   29.805  0.563   3      4.800   6.333   752     1703    84.8888873    -134.8985222  -573024.8876550  13418.7536530  -554024.8876550  -981.2463470  
320     792     1608    47      102     84.7131988    -134.1020540  5.625   0.252   26.272  0.587   3      3.133   6.800   839     1710    84.8989787    -133.0949470  -573024.8876550  -8981.2463470  -552624.8876550  -18381.2463470  
321     536     1624    73      97      84.7289384    -139.2373451  0.000   0.291   30.733  0.645   3      4.867   6.467   609     1721    84.9156845    -137.8725299  -569824.8876550  42218.7536530  -550424.8876550  27618.7536530  
322     624     1624    73      96      84.7384302    -137.4738723  0.000   0.250   26.388  0.543   3      4.867   6.400   697     1720    84.9193824    -136.0423956  -569824.8876550  24618.7536530  -550624.8876550  10018.7536530  
323     480     1632    73      99      84.7349860    -140.3705850  0.000   0.334   37.875  0.691   3      4.867   6.600   553     1731    84.9278501    -139.0487722  -568224.8876550  53418.7536530  -548424.8876550  38818.7536530  
324     584     1632    73      97      84.7494495    -138.2854388  0.000   0.255   31.257  0.644   3      4.867   6.467   657     1729    84.9340825    -136.8804319  -568224.8876550  32618.7536530  -548824.8876550  18018.7536530  
325     328     1640    73      102     84.7160033    -143.4145337  0.000   0.375   39.301  0.716   3      4.867   6.800   401     1742    84.9205142    -142.2221456  -566624.8876550  83818.7536530  -546224.8876550  69218.7536530  
326     392     1640    73      101     84.7319656    -142.1439963  0.000   0.307   32.769  0.611   3      4.867   6.733   465     1741    84.9321549    -140.8949406  -566624.8876550  71018.7536530  -546424.8876550  56418.7536530  
327     744     1648    50      105     84.7875457    -135.0627441  5.625   0.245   26.150  0.655   3      3.333   7.000   794     1753    84.9802899    -134.0120809  -565024.8876550  618.7536530   -544024.8876550  -9381.2463470  
328     440     1656    74      100     84.7715392    -141.2212284  0.000   0.241   25.040  0.508   3      4.933   6.667   514     1756    84.9681723    -139.9032244  -563424.8876550  61418.7536530  -543424.8876550  46618.7536530  
329     712     1656    51      107     84.8018869    -135.7137139  5.625   0.262   26.981  0.721   3      3.400   7.133   763     1763    84.9993778    -134.6637241  -563424.8876550  7018.7536530  -542024.8876550  -3181.2463470  
330     600     1664    74      96      84.8099393    -137.9974329  0.000   0.215   22.144  0.471   3      4.933   6.400   674     1760    84.9921210    -136.5432214  -561824.8876550  29418.7536530  -542624.8876550  14618.7536530  
331     672     1664    52      109     84.8151815    -136.5312713  5.625   0.170   16.351  0.460   3      3.467   7.267   724     1773    85.0177108    -135.4900304  -561824.8876550  15018.7536530  -540024.8876550  4618.7536530  
332     840     1664    46      101     84.8142005    -133.1057459  5.625   0.246   25.501  0.558   3      3.067   6.733   886     1765    84.9965888    -132.0637345  -561824.8876550  -18581.2463470  -541624.8876550  -27781.2463470  
333     352     1680    74      102     84.7952784    -143.0512030  0.000   0.242   27.384  0.575   3      4.933   6.800   426     1782    84.9993015    -141.8041272  -558624.8876550  79018.7536530  -538224.8876550  64218.7536530  
334     496     1680    74      98      84.8257581    -140.1369158  0.000   0.350   37.647  0.699   3      4.933   6.533   570     1778    85.0163963    -138.7594404  -558624.8876550  50218.7536530  -539024.8876550  35418.7536530  
335     528     1680    74      98      84.8307035    -139.4851195  0.000   0.321   34.731  0.629   3      4.933   6.533   602     1778    85.0199149    -138.0815806  -558624.8876550  43818.7536530  -539024.8876550  29018.7536530  
336     456     1688    74      99      84.8332996    -140.9667382  0.000   0.292   31.580  0.622   3      4.933   6.600   530     1787    85.0275524    -139.6206272  -557024.8876550  58218.7536530  -537224.8876550  43418.7536530  
337     400     1696    74      101     84.8361824    -142.1240659  0.000   0.278   28.917  0.609   3      4.933   6.733   474     1797    85.0365095    -140.8267626  -555424.8876550  69418.7536530  -535224.8876550  54618.7536530  
338     752     1696    49      106     84.8759882    -134.8987780  5.625   0.198   19.661  0.439   3      3.267   7.067   801     1802    85.0703358    -133.8438650  -555424.8876550  -981.2463470  -534224.8876550  -10781.2463470  
339     816     1696    48      103     84.8744212    -133.5786642  5.625   0.247   26.258  0.578   3      3.200   6.867   864     1799    85.0611020    -132.4967615  -555424.8876550  -13781.2463470  -534824.8876550  -23381.2463470  
340     568     1704    54      114     84.8800771    -138.7004641  0.000   0.260   27.027  0.503   3      3.600   7.600   622     1818    85.0953982    -137.6974437  -553824.8876550  35818.7536530  -531024.8876550  25018.7536530  
341     600     1704    54      113     84.8835440    -138.0406502  0.000   0.296   31.718  0.598   3      3.600   7.533   654     1817    85.0959774    -137.0073222  -553824.8876550  29418.7536530  -531224.8876550  18618.7536530  
342     864     1712    49      100     84.9009214    -132.5755401  0.000   0.131   11.946  0.194   1      3.267   6.667   913     1812    85.0802460    -131.4325457  -552224.8876550  -23381.2463470  -532224.8876550  -33181.2463470  
343     672     1720    53      110     84.9183352    -136.5624029  0.000   0.224   22.938  0.560   3      3.533   7.333   725     1830    85.1227724    -135.4789219  -550624.8876550  15018.7536530  -528624.8876550  4418.7536530  
344     400     1728    75      100     84.8946883    -142.2062433  0.000   0.321   32.964  0.680   3      5.000   6.667   475     1828    85.0935319    -140.8731390  -549024.8876550  69418.7536530  -529024.8876550  54418.7536530  
345     512     1728    75      98      84.9164474    -139.8948944  0.000   0.308   32.506  0.567   3      5.000   6.533   587     1826    85.1066563    -138.4609398  -549024.8876550  47018.7536530  -529424.8876550  32018.7536530  
346     800     1728    50      104     84.9340250    -133.8958866  0.000   0.216   21.470  0.516   3      3.333   6.933   850     1832    85.1229352    -132.7687110  -549024.8876550  -10581.2463470  -528224.8876550  -20581.2463470  
347     600     1744    55      113     84.9571498    -138.0851306  0.000   0.327   34.855  0.646   3      3.667   7.533   655     1857    85.1697191    -137.0161144  -545824.8876550  29418.7536530  -523224.8876550  18418.7536530  
348     632     1744    54      112     84.9599791    -137.4148704  0.000   0.305   31.103  0.587   3      3.600   7.467   686     1856    85.1695486    -136.3372614  -545824.8876550  23018.7536530  -523424.8876550  12218.7536530  
349     720     1752    52      108     84.9789437    -135.5704654  5.625   0.242   23.777  0.609   3      3.467   7.200   772     1860    85.1780164    -134.4539186  -544224.8876550  5418.7536530  -522624.8876550  -4981.2463470  
350     424     1760    76      100     84.9586074    -141.7911144  0.000   0.312   35.158  0.620   3      5.067   6.667   500     1860    85.1567511    -140.4017556  -542624.8876550  64618.7536530  -522624.8876550  49418.7536530  
351     552     1760    55      114     84.9810254    -139.1129124  0.000   0.369   38.754  0.659   3      3.667   7.600   607     1874    85.1970852    -138.0852782  -542624.8876550  39018.7536530  -519824.8876550  28018.7536530  
352     512     1776    55      115     85.0045750    -139.9815730  0.000   0.372   42.947  0.730   3      3.667   7.667   567     1891    85.2238111    -138.9897108  -539424.8876550  47018.7536530  -516424.8876550  36018.7536530  
353     624     1776    54      112     85.0182476    -137.6131026  0.000   0.363   39.521  0.673   3      3.600   7.467   678     1888    85.2281419    -136.5310052  -539424.8876550  24618.7536530  -517024.8876550  13818.7536530  
354     440     1800    76      100     85.0352495    -141.5535213  0.000   0.234   23.727  0.325   2      5.067   6.667   516     1900    85.2328728    -140.1319980  -534624.8876550  61418.7536530  -514624.8876550  46218.7536530  
355     552     1800    55      114     85.0545490    -139.1742411  0.000   0.335   35.306  0.645   3      3.667   7.600   607     1914    85.2707044    -138.1334068  -534624.8876550  39018.7536530  -511824.8876550  28018.7536530  
356     632     1816    55      112     85.0925483    -137.4802255  0.000   0.236   22.850  0.547   3      3.667   7.467   687     1928    85.3022654    -136.3525781  -531424.8876550  23018.7536530  -509024.8876550  12018.7536530  
357     512     1824    56      115     85.0926965    -140.0713685  0.000   0.301   33.564  0.639   3      3.733   7.667   568     1939    85.3121983    -139.0425340  -529824.8876550  47018.7536530  -506824.8876550  35818.7536530  
358     576     1832    56      113     85.1164257    -138.7064791  0.000   0.272   30.003  0.623   3      3.733   7.533   632     1945    85.3300823    -137.6066110  -528224.8876550  34218.7536530  -505624.8876550  23018.7536530  
359     696     1832    56      110     85.1257179    -136.1082750  0.000   0.208   20.569  0.509   3      3.733   7.333   752     1942    85.3293703    -134.8889403  -528224.8876550  10218.7536530  -506224.8876550  -981.2463470  
360     768     1848    52      107     85.1559645    -134.5437117  0.000   0.181   17.938  0.482   3      3.467   7.133   820     1955    85.3513973    -133.3416019  -525024.8876550  -4181.2463470  -503624.8876550  -14581.2463470  
361     488     1856    57      116     85.1472825    -140.6538254  0.000   0.223   24.844  0.548   3      3.800   7.733   545     1972    85.3696534    -139.6195298  -523424.8876550  51818.7536530  -500224.8876550  40418.7536530  
362     544     1856    57      114     85.1563604    -139.4373669  0.000   0.276   30.121  0.617   3      3.800   7.600   601     1970    85.3731405    -138.3402539  -523424.8876550  40618.7536530  -500624.8876550  29218.7536530  
363     640     1856    56      112     85.1668259    -137.3432587  0.000   0.249   21.979  0.542   3      3.733   7.467   696     1968    85.3763456    -136.1684256  -523424.8876550  21418.7536530  -501024.8876550  10218.7536530  
364     744     1880    53      108     85.2150947    -135.0683576  0.000   0.154   15.171  0.396   2      3.533   7.200   797     1988    85.4132503    -133.8495417  -518624.8876550  618.7536530   -497024.8876550  -9981.2463470  
365     488     1888    57      116     85.2059719    -140.7233496  0.000   0.227   25.025  0.464   3      3.800   7.733   545     2004    85.4284482    -139.6791350  -517024.8876550  51818.7536530  -493824.8876550  40418.7536530  
366     536     1888    57      114     85.2139842    -139.6682499  0.000   0.244   26.524  0.614   3      3.800   7.600   593     2002    85.4311339    -138.5682159  -517024.8876550  42218.7536530  -494224.8876550  30818.7536530  
367     624     1896    57      112     85.2391737    -137.7345972  0.000   0.278   30.414  0.662   3      3.800   7.467   681     2008    85.4494098    -136.5358198  -515424.8876550  24618.7536530  -493024.8876550  13218.7536530  
368     592     1904    58      113     85.2507138    -138.4546583  0.000   0.240   26.758  0.646   3      3.867   7.533   650     2017    85.4640976    -137.2637974  -513824.8876550  31018.7536530  -491224.8876550  19418.7536530  
369     736     1912    57      108     85.2740364    -135.2481809  0.000   0.212   20.486  0.449   3      3.800   7.200   793     2020    85.4723728    -133.9279279  -512224.8876550  2218.7536530  -490624.8876550  -9181.2463470  
370     504     1920    58      115     85.2675429    -140.4389767  0.000   0.311   33.349  0.660   3      3.867   7.667   562     2035    85.4878836    -139.3413651  -510624.8876550  48618.7536530  -487624.8876550  37018.7536530  
371     704     1920    58      110     85.2881564    -135.9669942  0.000   0.245   26.658  0.535   3      3.867   7.333   762     2030    85.4915158    -134.6504257  -510624.8876550  8618.7536530  -488624.8876550  -2981.2463470  
372     768     1920    57      107     85.2886689    -134.5308446  0.000   0.201   20.365  0.445   3      3.800   7.133   825     2027    85.4837826    -133.1758124  -510624.8876550  -4181.2463470  -489224.8876550  -15581.2463470  
373     528     1952    59      115     85.3302969    -139.9667082  0.000   0.257   27.501  0.519   3      3.933   7.667   587     2067    85.5500031    -138.8066182  -504224.8876550  43818.7536530  -481224.8876550  32018.7536530  
374     728     1952    59      109     85.3476791    -135.4339220  0.000   0.260   27.121  0.474   3      3.933   7.267   787     2061    85.5481411    -134.0521840  -504224.8876550  3818.7536530  -482424.8876550  -7981.2463470  
375     656     1960    59      111     85.3595168    -137.0759038  0.000   0.330   37.614  0.705   3      3.933   7.400   715     2071    85.5667904    -135.7654591  -502624.8876550  18218.7536530  -480424.8876550  6418.7536530  
376     696     1960    59      110     85.3616018    -136.1647072  0.000   0.235   24.089  0.516   3      3.933   7.333   755     2070    85.5653180    -134.8114987  -502624.8876550  10218.7536530  -480624.8876550  -1581.2463470  
377     544     1992    60      114     85.4062504    -139.6795438  0.000   0.289   30.391  0.592   3      4.000   7.600   604     2106    85.6237465    -138.4593467  -496224.8876550  40618.7536530  -473424.8876550  28618.7536530  
378     696     1992    60      110     85.4205780    -136.1797246  0.000   0.328   34.604  0.675   3      4.000   7.333   756     2102    85.6243076    -134.7847911  -496224.8876550  10218.7536530  -474224.8876550  -1781.2463470  
379     584     2016    60      113     85.4558233    -138.7974867  0.000   0.398   44.117  0.672   3      4.000   7.533   644     2129    85.6699407    -137.5182255  -491424.8876550  32618.7536530  -468824.8876550  20618.7536530  
380     632     2040    61      112     85.5050194    -137.7082360  0.000   0.326   34.311  0.679   3      4.067   7.467   693     2152    85.7153629    -136.3350356  -486624.8876550  23018.7536530  -464224.8876550  10818.7536530  
381     576     2048    61      113     85.5136706    -139.0355599  0.000   0.329   36.289  0.705   3      4.067   7.533   637     2161    85.7282890    -137.7261281  -485024.8876550  34218.7536530  -462424.8876550  22018.7536530  
382     720     2048    61      109     85.5245043    -135.6400884  0.000   0.213   22.621  0.540   3      4.067   7.267   781     2157    85.7252863    -134.1612950  -485024.8876550  5418.7536530  -463224.8876550  -6781.2463470  
383     616     2096    62      112     85.6066171    -138.1565529  0.000   0.298   33.060  0.711   3      4.133   7.467   678     2208    85.8178373    -136.7471685  -475424.8876550  26218.7536530  -453024.8876550  13818.7536530  
384     648     2104    62      112     85.6242067    -137.3951241  0.000   0.268   27.456  0.584   3      4.133   7.467   710     2216    85.8339693    -135.9415188  -473824.8876550  19818.7536530  -451424.8876550  7418.7536530  
385     696     2104    61      111     85.6270102    -136.2354790  0.000   0.316   34.019  0.646   3      4.067   7.400   757     2215    85.8326473    -134.7486491  -473824.8876550  10218.7536530  -451624.8876550  -1981.2463470  
386     616     2128    62      113     85.6655244    -138.1995362  0.000   0.296   32.324  0.684   3      4.133   7.533   678     2241    85.8786584    -136.7729825  -469024.8876550  26218.7536530  -446424.8876550  13818.7536530  
387     632     2160    63      113     85.7259990    -137.8485079  0.000   0.293   32.261  0.594   3      4.200   7.533   695     2273    85.9385007    -136.3563758  -462624.8876550  23018.7536530  -440024.8876550  10418.7536530  
388     664     2184    63      112     85.7727471    -137.0788878  0.000   0.303   33.289  0.655   3      4.200   7.467   727     2296    85.9818801    -135.5287963  -457824.8876550  16618.7536530  -435424.8876550  4018.7536530  
389     664     2216    64      112     85.8317119    -137.1083344  0.000   0.197   19.027  0.354   2      4.267   7.467   728     2328    86.0409059    -135.5099767  -451424.8876550  16618.7536530  -429024.8876550  3818.7536530  
