CP      startX  startY  dispX   dispY   sLat          sLon          theta   pCorr   pkStr   cCorr   conf   velX    velY    endX    endY    eLat          eLon          nps_startX    nps_startY    nps_endX      nps_endY      
0       1040    432     -1      44      69.5684975    179.0970524   0.000   0.179   17.563  0.408   3      -0.022  0.978   1039    476     69.6219520    178.9311094   -1556046.5590000  1605880.7891400  -1547246.5590000  1606080.7891400  
1       1096    448     1       43      69.6603890    179.2385185   5.625   0.130   11.475  0.440   3      0.022   0.956   1097    491     69.7153286    179.0830794   -1552846.5590000  1594680.7891400  -1544246.5590000  1594480.7891400  
2       1128    472     3       40      69.7314392    179.2650241   0.000   0.121   11.855  0.337   2      0.067   0.889   1131    512     69.7852460    179.1274721   -1548046.5590000  1588280.7891400  -1540046.5590000  1587680.7891400  
3       1176    480     -20     55      69.8029598    179.4090417   0.000   0.136   11.479  0.315   2      -0.444  1.222   1156    535     69.8460912    179.1321345   -1546446.5590000  1578680.7891400  -1535446.5590000  1582680.7891400  
4       1080    496     4       42      69.6996670    179.0035440   5.625   0.124   10.711  0.309   2      0.089   0.933   1084    538     69.7570249    178.8616308   -1543246.5590000  1597880.7891400  -1534846.5590000  1597080.7891400  
5       1128    504     -20     53      69.7714081    179.1463869   0.000   0.120   10.773  0.256   1      -0.444  1.178   1108    557     69.8116131    178.8768345   -1541646.5590000  1588280.7891400  -1531046.5590000  1592280.7891400  
6       1016    512     3       45      69.6368757    178.7157361   0.000   0.215   20.811  0.404   3      0.067   1.000   1019    557     69.6963801    178.5586791   -1540046.5590000  1610680.7891400  -1531046.5590000  1610080.7891400  
7       1248    512     -16     52      69.9351978    179.5527241   5.625   0.120   13.872  0.487   3      -0.356  1.156   1232    564     69.9799624    179.3001147   -1540046.5590000  1564280.7891400  -1529646.5590000  1567480.7891400  
8       1208    520     -18     54      69.8940769    179.3768396   0.000   0.124   12.113  0.223   1      -0.400  1.200   1190    574     69.9384918    179.1095953   -1538446.5590000  1572280.7891400  -1527646.5590000  1575880.7891400  
9       984     528     5       47      69.6151678    178.5427402   0.000   0.117   11.524  0.353   2      0.111   1.044   989     575     69.6795667    178.3849283   -1536846.5590000  1617080.7891400  -1527446.5590000  1616080.7891400  
10      1280    528     -15     49      69.9961852    179.6105783   5.625   0.202   20.195  0.459   3      -0.333  1.089   1265    577     70.0385656    179.3722388   -1536846.5590000  1557880.7891400  -1527046.5590000  1560880.7891400  
11      1016    544     -16     49      69.6764374    178.5965668   0.000   0.119   9.839   0.243   1      -0.356  1.089   1000    593     69.7160284    178.3564007   -1533646.5590000  1610680.7891400  -1523846.5590000  1613880.7891400  
12      1056    552     -16     50      69.7381674    178.7091833   0.000   0.166   15.799  0.469   3      -0.356  1.111   1040    602     69.7791618    178.4647348   -1532046.5590000  1602680.7891400  -1522046.5590000  1605880.7891400  
13      1192    552     -21     56      69.9135960    179.1992231   0.000   0.220   21.467  0.462   3      -0.467  1.244   1171    608     69.9563416    178.9129112   -1532046.5590000  1575480.7891400  -1520846.5590000  1579680.7891400  
14      1224    552     -21     55      69.9546750    179.3157958   0.000   0.205   20.214  0.465   3      -0.467  1.222   1203    607     69.9963794    179.0329023   -1532046.5590000  1569080.7891400  -1521046.5590000  1573280.7891400  
15      1088    560     -17     52      69.7894880    178.7937975   0.000   0.079   8.484   0.248   1      -0.378  1.156   1071    612     69.8317833    178.5377842   -1530446.5590000  1596280.7891400  -1520046.5590000  1599680.7891400  
16      1128    560     -21     57      69.8411594    178.9376187   0.000   0.186   19.294  0.402   3      -0.467  1.267   1107    617     69.8846839    178.6480303   -1530446.5590000  1588280.7891400  -1519046.5590000  1592480.7891400  
17      1176    584     -21     56      69.9329267    179.0212559   0.000   0.304   31.005  0.521   3      -0.467  1.244   1155    640     69.9753685    178.7342782   -1525646.5590000  1578680.7891400  -1514446.5590000  1582880.7891400  
18      1128    600     -21     57      69.8908291    178.7875953   0.000   0.177   17.254  0.440   3      -0.467  1.267   1107    657     69.9340977    178.4969466   -1522446.5590000  1588280.7891400  -1511046.5590000  1592480.7891400  
19      1272    608     -21     53      70.0863843    179.2814198   5.625   0.136   13.308  0.472   3      -0.467  1.178   1251    661     70.1255535    179.0041249   -1520846.5590000  1559480.7891400  -1510246.5590000  1563680.7891400  
20      1368    608     -23     48      70.2092767    179.6362502   5.625   0.152   15.673  0.438   3      -0.511  1.067   1345    656     70.2402063    179.3694564   -1520846.5590000  1540280.7891400  -1511246.5590000  1544880.7891400  
21      1080    632     -21     58      69.8681555    178.4946094   0.000   0.151   14.337  0.428   3      -0.467  1.289   1059    690     69.9121364    178.1998586   -1516046.5590000  1597880.7891400  -1504446.5590000  1602080.7891400  
22      1120    632     -20     57      69.9200978    178.6382189   0.000   0.196   19.900  0.373   2      -0.444  1.267   1100    689     69.9644123    178.3503996   -1516046.5590000  1589880.7891400  -1504646.5590000  1593880.7891400  
23      1152    632     -20     57      69.9615680    178.7536528   0.000   0.238   25.170  0.538   3      -0.444  1.267   1132    689     70.0060866    178.4654846   -1516046.5590000  1583480.7891400  -1504646.5590000  1587480.7891400  
24      1184    632     -20     56      70.0029631    178.8695745   0.000   0.257   25.858  0.526   3      -0.444  1.244   1164    688     70.0464505    178.5848625   -1516046.5590000  1577080.7891400  -1504846.5590000  1581080.7891400  
25      1224    632     -20     56      70.0546008    179.0151660   0.000   0.162   15.376  0.347   2      -0.444  1.244   1204    688     70.0983417    178.7300242   -1516046.5590000  1569080.7891400  -1504846.5590000  1573080.7891400  
26      1320    648     -20     52      70.1981007    179.3072182   5.625   0.151   15.287  0.551   3      -0.444  1.156   1300    700     70.2373668    179.0358735   -1512846.5590000  1549880.7891400  -1502446.5590000  1553880.7891400  
27      1360    648     -20     49      70.2493850    179.4554379   5.625   0.142   14.665  0.445   3      -0.444  1.089   1340    697     70.2851424    179.1951074   -1512846.5590000  1541880.7891400  -1503046.5590000  1545880.7891400  
28      1472    648     -24     30      70.3923247    179.8746465   5.625   0.085   8.864   0.252   1      -0.533  0.667   1448    678     70.3996673    179.6704537   -1512846.5590000  1519480.7891400  -1506846.5590000  1524280.7891400  
29      976     656     -23     57      69.7619333    178.0341038   0.000   0.201   18.872  0.371   2      -0.511  1.267   953     713     69.8012366    177.7366976   -1511246.5590000  1618680.7891400  -1499846.5590000  1623280.7891400  
30      1256    656     -18     54      70.1257698    179.0413927   0.000   0.153   14.675  0.295   1      -0.400  1.200   1238    710     70.1696731    178.7702056   -1511246.5590000  1562680.7891400  -1500446.5590000  1566280.7891400  
31      1136    664     -20     57      69.9804248    178.5748193   0.000   0.166   15.809  0.391   2      -0.444  1.267   1116    721     70.0246370    178.2859709   -1509646.5590000  1586680.7891400  -1498246.5590000  1590680.7891400  
32      1176    672     -19     56      70.0422251    178.6891174   0.000   0.135   13.867  0.290   1      -0.422  1.244   1157    728     70.0867126    178.4070496   -1508046.5590000  1578680.7891400  -1496846.5590000  1582480.7891400  
33      1224    672     -18     55      70.1043712    178.8636982   0.000   0.134   12.438  0.424   3      -0.400  1.222   1206    727     70.1492222    178.5885894   -1508046.5590000  1569080.7891400  -1497046.5590000  1572680.7891400  
34      1344    680     -17     50      70.2690067    179.2746386   5.625   0.181   20.762  0.577   3      -0.378  1.111   1327    730     70.3096059    179.0209778   -1506446.5590000  1545080.7891400  -1496446.5590000  1548480.7891400  
35      1280    688     -18     54      70.1966088    179.0079646   0.000   0.156   12.133  0.330   2      -0.400  1.200   1262    742     70.2404666    178.7357110   -1504846.5590000  1557880.7891400  -1494046.5590000  1561480.7891400  
36      1312    688     -17     52      70.2378552    179.1258341   5.625   0.150   16.186  0.526   3      -0.378  1.156   1295    740     70.2807150    178.8646109   -1504846.5590000  1551480.7891400  -1494446.5590000  1554880.7891400  
37      1072    696     -21     57      69.9364814    178.2234829   0.000   0.208   20.390  0.474   3      -0.467  1.267   1051    753     69.9787683    177.9309361   -1503246.5590000  1599480.7891400  -1491846.5590000  1603680.7891400  
38      1392    696     -16     47      70.3506770    179.3922403   5.625   0.178   17.885  0.451   3      -0.356  1.044   1376    743     70.3889987    179.1529755   -1503246.5590000  1535480.7891400  -1493846.5590000  1538680.7891400  
39      1104    704     -19     57      69.9880791    178.3076790   0.000   0.171   14.837  0.269   1      -0.422  1.267   1085    761     70.0331411    178.0217003   -1501646.5590000  1593080.7891400  -1490246.5590000  1596880.7891400  
40      1136    704     -19     57      70.0297857    178.4228123   0.000   0.168   15.844  0.246   1      -0.422  1.267   1117    761     70.0750495    178.1364877   -1501646.5590000  1586680.7891400  -1490246.5590000  1590480.7891400  
41      1168    712     -22     58      70.0812967    178.5079367   0.000   0.116   10.378  0.291   1      -0.489  1.289   1146    770     70.1240190    178.2063828   -1500046.5590000  1580280.7891400  -1488446.5590000  1584680.7891400  
42      1200    720     -23     61      70.1327721    178.5935109   0.000   0.133   13.145  0.285   1      -0.511  1.356   1177    781     70.1780373    178.2761803   -1498446.5590000  1573880.7891400  -1486246.5590000  1578480.7891400  
43      1288    720     -24     62      70.2467879    178.9153659   0.000   0.134   10.454  0.451   3      -0.533  1.378   1264    782     70.2926099    178.5894006   -1498446.5590000  1556280.7891400  -1486046.5590000  1561080.7891400  
44      1680    720     -1      0       70.7474516    -179.6041050  0.000   0.115   12.061  0.253   1      -0.022  0.000   1679    720     70.7461899    -179.6079813  -1498446.5590000  1477880.7891400  -1498446.5590000  1478080.7891400  
45      960     728     -13     68      69.8286843    177.7041600   0.000   0.121   11.704  0.266   1      -0.289  1.511   947     796     69.8939272    177.3979181   -1496846.5590000  1621880.7891400  -1483246.5590000  1624480.7891400  
46      1256    728     -24     63      70.2153238    178.7673124   0.000   0.148   14.398  0.414   3      -0.533  1.400   1232    791     70.2620907    178.4376756   -1496846.5590000  1562680.7891400  -1484246.5590000  1567480.7891400  
47      1136    736     -21     57      70.0691799    178.3006545   0.000   0.121   13.139  0.403   3      -0.467  1.267   1115    793     70.1116170    178.0062836   -1495246.5590000  1586680.7891400  -1483846.5590000  1590880.7891400  
48      1032    744     -21     56      69.9428405    177.8977665   0.000   0.131   14.368  0.273   1      -0.467  1.244   1011    800     69.9833428    177.6082838   -1493646.5590000  1607480.7891400  -1482446.5590000  1611680.7891400  
49      1720    744     -1      0       70.8286128    -179.5405309  0.000   0.178   17.354  0.377   2      -0.022  0.000   1719    744     70.8273523    -179.5444282  -1493646.5590000  1469880.7891400  -1493646.5590000  1470080.7891400  
50      976     768     -18     64      69.8983406    177.6075418   0.000   0.110   10.267  0.335   2      -0.400  1.422   958     832     69.9519631    177.2977707   -1488846.5590000  1618680.7891400  -1476046.5590000  1622280.7891400  
51      1680    768     -1      0       70.8087589    -179.7882214  0.000   0.167   16.581  0.273   1      -0.022  0.000   1679    768     70.8074929    -179.7920979  -1488846.5590000  1477880.7891400  -1488846.5590000  1478080.7891400  
52      1048    776     -18     61      70.0028849    177.8320208   0.000   0.157   15.069  0.303   2      -0.400  1.356   1030    837     70.0533038    177.5328202   -1487246.5590000  1604280.7891400  -1475046.5590000  1607880.7891400  
53      1424    776     -31     52      70.4920729    179.2054008   0.000   0.097   8.635   0.334   2      -0.689  1.156   1393    828     70.5169767    178.8886211   -1487246.5590000  1529080.7891400  -1476846.5590000  1535280.7891400  
54      1248    784     -23     63      70.2742783    178.5231086   0.000   0.129   13.207  0.379   2      -0.511  1.400   1225    847     70.3218840    178.1955252   -1485646.5590000  1564280.7891400  -1473046.5590000  1568880.7891400  
55      1728    784     -1      0       70.8898926    -179.6631692  0.000   0.151   14.995  0.223   1      -0.022  0.000   1727    784     70.8886292    -179.6670709  -1485646.5590000  1468280.7891400  -1485646.5590000  1468480.7891400  
56      1080    792     -17     59      70.0644535    177.8846817   0.000   0.093   9.001   0.239   1      -0.378  1.311   1063    851     70.1138680    177.5959941   -1484046.5590000  1597880.7891400  -1472246.5590000  1601280.7891400  
57      1184    792     -22     63      70.2007039    178.2591941   0.000   0.162   16.188  0.387   2      -0.489  1.400   1162    855     70.2491039    177.9358273   -1484046.5590000  1577080.7891400  -1471446.5590000  1581480.7891400  
58      1384    792     -19     67      70.4604939    178.9943074   0.000   0.115   10.833  0.253   1      -0.422  1.489   1365    859     70.5191849    178.6640016   -1484046.5590000  1537080.7891400  -1470646.5590000  1540880.7891400  
59      1216    800     -23     63      70.2523235    178.3446343   0.000   0.127   12.194  0.237   1      -0.511  1.400   1193    863     70.2995815    178.0169880   -1482446.5590000  1570680.7891400  -1469846.5590000  1575280.7891400  
60      1296    808     -23     65      70.3663689    178.6066488   0.000   0.153   14.997  0.394   2      -0.511  1.444   1273    873     70.4166079    178.2699099   -1480846.5590000  1554680.7891400  -1467846.5590000  1559280.7891400  
61      1328    808     -22     65      70.4079144    178.7246958   0.000   0.171   17.001  0.363   2      -0.489  1.444   1306    873     70.4596965    178.3912194   -1480846.5590000  1548280.7891400  -1467846.5590000  1552680.7891400  
62      1032    816     -16     61      70.0304699    177.6210864   0.000   0.130   13.362  0.454   3      -0.356  1.356   1016    877     70.0831667    177.3280062   -1479246.5590000  1607480.7891400  -1467046.5590000  1610680.7891400  
63      1680    816     -1      0       70.8698809    -179.9735375  0.000   0.176   17.612  0.381   2      -0.022  0.000   1679    816     70.8686106    -179.9774142  -1479246.5590000  1477880.7891400  -1479246.5590000  1478080.7891400  
64      1608    824     -1      0       70.7883292    179.7176790   0.000   0.175   18.176  0.437   3      -0.022  0.000   1607    824     70.7870523    179.7138400   -1477646.5590000  1492280.7891400  -1477646.5590000  1492480.7891400  
65      1232    832     -23     64      70.3125967    178.2792268   0.000   0.133   13.763  0.298   1      -0.511  1.422   1209    896     70.3609583    177.9464911   -1476046.5590000  1567480.7891400  -1463246.5590000  1572080.7891400  
66      1648    832     -1      0       70.8494772    179.8406307   0.000   0.167   16.101  0.280   1      -0.022  0.000   1647    832     70.8482029    179.8367708   -1476046.5590000  1484280.7891400  -1476046.5590000  1484480.7891400  
67      1112    840     -24     63      70.1650669    177.8139360   0.000   0.109   9.660   0.242   1      -0.533  1.400   1088    903     70.2099634    177.4829177   -1474446.5590000  1591480.7891400  -1461846.5590000  1596280.7891400  
68      1296    840     -23     65      70.4059351    178.4827287   0.000   0.173   16.874  0.483   3      -0.511  1.444   1273    905     70.4559341    178.1449733   -1474446.5590000  1554680.7891400  -1461446.5590000  1559280.7891400  
69      1032    848     -26     65      70.0692760    177.4973223   0.000   0.161   16.472  0.369   2      -0.578  1.444   1006    913     70.1132884    177.1523297   -1472846.5590000  1607480.7891400  -1459846.5590000  1612680.7891400  
70      1424    848     -10     63      70.5819850    178.9268204   0.000   0.092   8.772   0.269   1      -0.222  1.400   1414    911     70.6473104    178.6434971   -1472846.5590000  1529080.7891400  -1460246.5590000  1531080.7891400  
71      1384    864     -14     65      70.5500545    178.7151981   0.000   0.114   11.063  0.294   1      -0.311  1.444   1370    929     70.6122768    178.4089102   -1469646.5590000  1537080.7891400  -1456646.5590000  1539880.7891400  
72      1304    872     -23     65      70.4558543    178.3877487   0.000   0.146   13.640  0.361   2      -0.511  1.444   1281    937     70.5056717    178.0488659   -1468046.5590000  1553080.7891400  -1455046.5590000  1557680.7891400  
73      1392    896     -9      63      70.6001233    178.6201092   0.000   0.087   7.416   0.223   1      -0.200  1.400   1383    959     70.6662526    178.3391881   -1463246.5590000  1535480.7891400  -1450646.5590000  1537280.7891400  
74      1560    896     -1      0       70.8174538    179.2535049   0.000   0.174   17.318  0.288   1      -0.022  0.000   1559    896     70.8161666    179.2496915   -1463246.5590000  1501880.7891400  -1463246.5590000  1502080.7891400  
75      1160    904     -28     63      70.3062473    177.7377126   0.000   0.101   9.220   0.224   1      -0.622  1.400   1132    967     70.3457092    177.3897127   -1461646.5590000  1581880.7891400  -1449046.5590000  1587480.7891400  
76      1224    912     -25     64      70.4002283    177.9385135   0.000   0.277   27.763  0.600   3      -0.556  1.422   1199    976     70.4452898    177.5961553   -1460046.5590000  1569080.7891400  -1447246.5590000  1574080.7891400  
77      1320    912     -24     65      70.5260317    178.2904588   0.000   0.190   18.285  0.421   3      -0.533  1.444   1296    977     70.5743507    177.9464004   -1460046.5590000  1549880.7891400  -1447046.5590000  1554680.7891400  
78      800     928     -1      0       69.8557457    176.3757130   0.000   0.175   17.857  0.478   3      -0.022  0.000   799     928     69.8544010    176.3722766   -1456846.5590000  1653880.7891400  -1456846.5590000  1654080.7891400  
79      1080    928     -30     64      70.2296210    177.3565785   0.000   0.163   16.262  0.395   2      -0.667  1.422   1050    992     70.2668282    176.9981417   -1456846.5590000  1597880.7891400  -1444046.5590000  1603880.7891400  
80      1144    936     -28     63      70.3240300    177.5547250   0.000   0.114   10.403  0.268   1      -0.622  1.400   1116    999     70.3631186    177.2060343   -1455246.5590000  1585080.7891400  -1442646.5590000  1590680.7891400  
81      1392    936     -14     63      70.6496124    178.4632567   5.625   0.137   11.051  0.298   2      -0.311  1.400   1378    999     70.7089438    178.1624648   -1455246.5590000  1535480.7891400  -1442646.5590000  1538280.7891400  
82      1200    944     -28     62      70.4076858    177.7257693   0.000   0.134   12.267  0.237   1      -0.622  1.378   1172    1006    70.4459231    177.3798641   -1453646.5590000  1573880.7891400  -1441246.5590000  1579480.7891400  
83      1240    952     -26     64      70.4701370    177.8398650   0.000   0.211   20.867  0.416   3      -0.578  1.422   1214    1016    70.5136845    177.4923918   -1452046.5590000  1565880.7891400  -1439246.5590000  1571080.7891400  
84      808     960     -1      0       69.9043811    176.2781199   0.000   0.238   24.605  0.587   3      -0.022  0.000   807     960     69.9030342    176.2746817   -1450446.5590000  1652280.7891400  -1450446.5590000  1652480.7891400  
85      1472    960     -1      0       70.7834619    178.6684328   0.000   0.169   17.869  0.317   2      -0.022  0.000   1471    960     70.7821622    178.6646664   -1450446.5590000  1519480.7891400  -1450446.5590000  1519680.7891400  
86      1272    968     -26     64      70.5317871    177.8938399   0.000   0.240   24.313  0.595   3      -0.578  1.422   1246    1032    70.5754507    177.5453655   -1448846.5590000  1559480.7891400  -1436046.5590000  1564680.7891400  
87      1200    984     -26     64      70.4563287    177.5682062   0.000   0.144   14.921  0.402   3      -0.578  1.422   1174    1048    70.4993231    177.2203745   -1445646.5590000  1573880.7891400  -1432846.5590000  1579080.7891400  
88      1488    1000    -1      0       70.8538636    178.5704962   0.000   0.183   17.684  0.319   2      -0.022  0.000   1487    1000    70.8525614    178.5667225   -1442446.5590000  1516280.7891400  -1442446.5590000  1516480.7891400  
89      1080    1008    -35     62      70.3260354    177.0417214   0.000   0.101   9.570   0.241   1      -0.778  1.378   1045    1070    70.3534949    176.6711276   -1440846.5590000  1597880.7891400  -1428446.5590000  1604880.7891400  
90      776     1032    -1      0       69.9459506    175.8852387   0.000   0.240   24.036  0.483   3      -0.022  0.000   775     1032    69.9445954    175.8818202   -1436046.5590000  1658680.7891400  -1436046.5590000  1658880.7891400  
91      984     1032    -57     74      70.2263959    176.6066378   11.250  0.123   10.911  0.376   2      -1.267  1.644   927     1106    70.2373662    176.1126289   -1436046.5590000  1617080.7891400  -1421246.5590000  1628480.7891400  
92      1192    1032    -31     61      70.5039040    177.3490888   0.000   0.140   13.242  0.287   1      -0.689  1.356   1161    1093    70.5361813    176.9938933   -1436046.5590000  1575480.7891400  -1423846.5590000  1581680.7891400  
93      1496    1032    -1      -1      70.9038950    178.4734803   0.000   0.137   11.958  0.263   1      -0.022  -0.022  1495    1031    70.9013540    178.4736871   -1436046.5590000  1514680.7891400  -1436246.5590000  1514880.7891400  
94      1016    1040    -56     68      70.2788333    176.6877488   5.625   0.089   8.152   0.285   1      -1.244  1.511   960     1108    70.2842980    176.2199386   -1434446.5590000  1610680.7891400  -1420846.5590000  1621880.7891400  
95      1136    1040    -35     60      70.4391208    177.1153127   0.000   0.179   18.585  0.432   3      -0.778  1.333   1101    1100    70.4643568    176.7506418   -1434446.5590000  1586680.7891400  -1422446.5590000  1593680.7891400  
96      1232    1040    -29     62      70.5666228    177.4625249   0.000   0.129   11.982  0.287   1      -0.644  1.378   1203    1102    70.6030084    177.1095876   -1434446.5590000  1567480.7891400  -1422046.5590000  1573280.7891400  
97      1264    1048    -26     64      70.6186950    177.5474381   0.000   0.125   10.584  0.231   1      -0.578  1.422   1238    1112    70.6616641    177.1965843   -1432846.5590000  1561080.7891400  -1420046.5590000  1566280.7891400  
98      1080    1056    -39     60      70.3836149    176.8512962   0.000   0.130   12.226  0.282   1      -0.867  1.333   1041    1116    70.4029059    176.4731715   -1431246.5590000  1597880.7891400  -1419246.5590000  1605680.7891400  
99      1336    1056    -23     61      70.7235344    177.7801391   5.625   0.133   13.193  0.295   2      -0.511  1.356   1313    1117    70.7673281    177.4509665   -1431246.5590000  1546680.7891400  -1419046.5590000  1551280.7891400  
100     744     1064    -1      0       69.9399638    175.6495508   0.000   0.175   17.355  0.400   2      -0.022  0.000   743     1064    69.9386038    175.6461496   -1429646.5590000  1665080.7891400  -1429646.5590000  1665280.7891400  
101     1192    1064    -33     60      70.5425611    177.2217031   0.000   0.148   14.483  0.438   3      -0.733  1.333   1159    1124    70.5707043    176.8623922   -1429646.5590000  1575480.7891400  -1417646.5590000  1582080.7891400  
102     1032    1072    -50     65      70.3384463    176.6171035   11.250  0.118   10.457  0.355   2      -1.111  1.444   982     1137    70.3482774    176.1809266   -1428046.5590000  1607480.7891400  -1415046.5590000  1617480.7891400  
103     1112    1072    -36     59      70.4455519    176.9018451   0.000   0.117   9.137   0.228   1      -0.800  1.311   1076    1131    70.4677986    176.5372360   -1428046.5590000  1591480.7891400  -1416246.5590000  1598680.7891400  
104     1264    1080    -29     62      70.6575117    177.4196864   0.000   0.120   11.182  0.221   1      -0.644  1.378   1235    1142    70.6938171    177.0649753   -1426446.5590000  1561080.7891400  -1414046.5590000  1566880.7891400  
105     1296    1080    -25     64      70.6999055    177.5369205   0.000   0.106   10.442  0.220   1      -0.556  1.422   1271    1144    70.7441930    177.1881916   -1426446.5590000  1554680.7891400  -1413646.5590000  1559680.7891400  
106     2016    1080    -1      0       71.6329235    -179.6816136  0.000   0.109   14.125  0.399   2      -0.022  0.000   2015    1080    71.6316571    -179.6856746  -1426446.5590000  1410680.7891400  -1426446.5590000  1410880.7891400  
107     728     1096    -1      0       69.9554712    175.4682146   0.000   0.196   19.734  0.442   3      -0.022  0.000   727     1096    69.9541075    175.4648233   -1423246.5590000  1668280.7891400  -1423246.5590000  1668480.7891400  
108     760     1096    -1      0       69.9990759    175.5769853   0.000   0.182   18.075  0.480   3      -0.022  0.000   759     1096    69.9977143    175.5735789   -1423246.5590000  1661880.7891400  -1423246.5590000  1662080.7891400  
109     1112    1104    -36     57      70.4838694    176.7739500   0.000   0.178   17.866  0.439   3      -0.800  1.267   1076    1161    70.5034699    176.4165286   -1421646.5590000  1591480.7891400  -1410246.5590000  1598680.7891400  
110     1184    1104    -35     58      70.5800868    177.0328204   0.000   0.170   14.432  0.315   2      -0.778  1.289   1149    1162    70.6027662    176.6734147   -1421646.5590000  1577080.7891400  -1410046.5590000  1584080.7891400  
111     1216    1104    -35     58      70.6227328    177.1487136   0.000   0.161   12.317  0.358   2      -0.778  1.289   1181    1162    70.6456560    176.7886380   -1421646.5590000  1570680.7891400  -1410046.5590000  1577680.7891400  
112     1984    1104    -1      0       71.6229909    -179.9078463  0.000   0.143   16.304  0.477   3      -0.022  0.000   1983    1104    71.6217194    -179.9118893  -1421646.5590000  1417080.7891400  -1421646.5590000  1417280.7891400  
113     688     1112    -1      0       69.9194218    175.2693104   0.000   0.214   22.253  0.520   3      -0.022  0.000   687     1112    69.9180543    175.2659391   -1420046.5590000  1676280.7891400  -1420046.5590000  1676480.7891400  
114     1952    1112    -1      0       71.5924383    179.9308019   0.000   0.221   22.665  0.521   3      -0.022  0.000   1951    1112    71.5911634    179.9267771   -1420046.5590000  1423480.7891400  -1420046.5590000  1423680.7891400  
115     1744    1120    -1      0       71.3354618    179.0734571   0.000   0.258   26.841  0.518   3      -0.022  0.000   1743    1120    71.3341689    179.0695487   -1418446.5590000  1465080.7891400  -1418446.5590000  1465280.7891400  
116     1888    1120    -1      -1      71.5207937    179.6420629   0.000   0.207   20.330  0.462   3      -0.022  -0.022  1887    1119    71.5182475    179.6421130   -1418446.5590000  1436280.7891400  -1418646.5590000  1436480.7891400  
117     1920    1120    -1      0       71.5617452    179.7699950   0.000   0.247   25.257  0.553   3      -0.022  0.000   1919    1120    71.5604668    179.7659884   -1418446.5590000  1429880.7891400  -1418446.5590000  1430080.7891400  
118     744     1128    -1      0       70.0145069    175.3950452   0.000   0.203   20.478  0.393   2      -0.022  0.000   743     1128    70.0131415    175.3916488   -1416846.5590000  1665080.7891400  -1416846.5590000  1665280.7891400  
119     1072    1128    -40     58      70.4588526    176.5350541   0.000   0.119   11.552  0.250   1      -0.889  1.289   1032    1186    70.4737299    176.1596887   -1416846.5590000  1599480.7891400  -1405246.5590000  1607480.7891400  
120     1144    1128    -36     56      70.5554234    176.7923810   0.000   0.188   18.642  0.521   3      -0.800  1.244   1108    1184    70.5738766    176.4376818   -1416846.5590000  1585080.7891400  -1405646.5590000  1592280.7891400  
121     1264    1128    -34     57      70.7155668    177.2270782   0.000   0.107   10.021  0.389   2      -0.756  1.267   1230    1185    70.7387966    176.8730138   -1416846.5590000  1561080.7891400  -1405446.5590000  1567880.7891400  
122     1656    1128    -1      0       71.2313214    178.6993137   0.000   0.286   30.389  0.659   3      -0.022  0.000   1655    1128    71.2300207    178.6954536   -1416846.5590000  1482680.7891400  -1416846.5590000  1482880.7891400  
123     1688    1128    -1      0       71.2729026    178.8231242   0.000   0.278   29.624  0.597   3      -0.022  0.000   1687    1128    71.2716044    178.8192466   -1416846.5590000  1476280.7891400  -1416846.5590000  1476480.7891400  
124     1776    1128    -1      0       71.3868285    179.1664987   0.000   0.212   22.875  0.456   3      -0.022  0.000   1775    1128    71.3855374    179.1625727   -1416846.5590000  1458680.7891400  -1416846.5590000  1458880.7891400  
125     1808    1128    -1      0       71.4281006    179.2924230   0.000   0.199   21.150  0.454   3      -0.022  0.000   1807    1128    71.4268122    179.2884792   -1416846.5590000  1452280.7891400  -1416846.5590000  1452480.7891400  
126     1848    1128    -1      -1      71.4795727    179.4506300   0.000   0.220   22.871  0.482   3      -0.022  -0.022  1847    1127    71.4770268    179.4507068   -1416846.5590000  1444280.7891400  -1417046.5590000  1444480.7891400  
127     656     1136    -1      0       69.9033409    175.0660695   0.000   0.250   25.562  0.518   3      -0.022  0.000   655     1136    69.9019693    175.0627150   -1415246.5590000  1682680.7891400  -1415246.5590000  1682880.7891400  
128     1952    1144    -1      0       71.6330939    179.8013985   0.000   0.194   17.248  0.329   2      -0.022  0.000   1951    1144    71.6318160    179.7973739   -1413646.5590000  1423480.7891400  -1413646.5590000  1423680.7891400  
129     720     1160    -1      0       70.0187855    175.1857428   0.000   0.179   18.020  0.448   3      -0.022  0.000   719     1160    70.0174158    175.1823602   -1410446.5590000  1669880.7891400  -1410446.5590000  1670080.7891400  
130     1256    1160    -47     60      70.7434889    177.0688211   354.375  0.155   13.018  0.428   3      -1.044  1.333   1209    1220    70.7525378    176.6547349   -1410446.5590000  1562680.7891400  -1398446.5590000  1572080.7891400  
131     1288    1160    -47     61      70.7861302    177.1857995   354.375  0.112   11.311  0.447   3      -1.044  1.356   1241    1221    70.7966551    176.7667596   -1410446.5590000  1556280.7891400  -1398246.5590000  1565680.7891400  
132     1680    1160    -1      0       71.3023146    178.6625495   0.000   0.243   26.410  0.567   3      -0.022  0.000   1679    1160    71.3010129    178.6586771   -1410446.5590000  1477880.7891400  -1410446.5590000  1478080.7891400  
133     1768    1160    -1      0       71.4165581    179.0054770   0.000   0.221   24.578  0.572   3      -0.022  0.000   1767    1160    71.4152634    179.0015561   -1410446.5590000  1460280.7891400  -1410446.5590000  1460480.7891400  
134     1808    1160    -1      0       71.4682805    179.1627724   0.000   0.228   25.575  0.624   3      -0.022  0.000   1807    1160    71.4669890    179.1588292   -1410446.5590000  1452280.7891400  -1410446.5590000  1452480.7891400  
135     1416    1168    -37     59      70.9656938    177.6266272   354.375  0.094   9.457   0.316   1      -0.822  1.311   1379    1227    70.9881775    177.2490271   -1408846.5590000  1530680.7891400  -1397046.5590000  1538080.7891400  
136     1080    1176    -51     55      70.5266652    176.3702301   0.000   0.104   10.632  0.238   1      -1.133  1.222   1029    1231    70.5227394    175.9667666   -1407246.5590000  1597880.7891400  -1396246.5590000  1608080.7891400  
137     1112    1176    -48     56      70.5697478    176.4843111   0.000   0.107   8.907   0.182   1      -1.067  1.244   1064    1232    70.5713292    176.0864789   -1407246.5590000  1591480.7891400  -1396046.5590000  1601080.7891400  
138     1152    1176    -49     56      70.6235017    176.6276383   0.000   0.128   11.725  0.395   2      -1.089  1.244   1103    1232    70.6240626    176.2251263   -1407246.5590000  1583480.7891400  -1396046.5590000  1593280.7891400  
139     1192    1176    -49     58      70.6771442    176.7717769   0.000   0.137   12.985  0.401   3      -1.089  1.289   1143    1234    70.6804142    176.3599853   -1407246.5590000  1575480.7891400  -1395646.5590000  1585280.7891400  
140     1320    1176    -48     61      70.8480383    177.2385327   0.000   0.165   16.024  0.402   3      -1.067  1.356   1272    1237    70.8573510    176.8144895   -1407246.5590000  1549880.7891400  -1395046.5590000  1559480.7891400  
141     1720    1184    -1      0       71.3842001    178.7203257   0.000   0.177   13.651  0.405   3      -0.022  0.000   1719    1184    71.3828993    178.7164319   -1405646.5590000  1469880.7891400  -1405646.5590000  1470080.7891400  
142     624     1192    -1      0       69.9237235    174.7350162   0.000   0.259   25.916  0.579   3      -0.022  0.000   623     1192    69.9223451    174.7316814   -1404046.5590000  1689080.7891400  -1404046.5590000  1689280.7891400  
143     1656    1192    -1      -1      71.3106889    178.4396532   0.000   0.128   10.891  0.261   1      -0.022  -0.022  1655    1191    71.3081450    178.4398693   -1404046.5590000  1482680.7891400  -1404246.5590000  1482880.7891400  
144     1832    1192    -1      -1      71.5394135    179.1273429   0.000   0.166   17.497  0.404   2      -0.022  -0.022  1831    1191    71.5368674    179.1274653   -1404046.5590000  1447480.7891400  -1404246.5590000  1447680.7891400  
145     720     1200    -1      0       70.0649860    175.0251632   0.000   0.129   11.763  0.212   1      -0.022  0.000   719     1200    70.0636129    175.0217839   -1402446.5590000  1669880.7891400  -1402446.5590000  1670080.7891400  
146     1408    1200    -41     59      70.9939990    177.4668496   0.000   0.210   21.405  0.499   3      -0.911  1.311   1367    1259    71.0108023    177.0736846   -1402446.5590000  1532280.7891400  -1390646.5590000  1540480.7891400  
147     1472    1200    -37     61      71.0787258    177.7063136   354.375  0.097   8.342   0.361   2      -0.822  1.356   1435    1261    71.1038074    177.3183045   -1402446.5590000  1519480.7891400  -1390246.5590000  1526880.7891400  
148     1112    1216    -51     56      70.6172551    176.3222729   0.000   0.111   14.913  0.372   2      -1.133  1.244   1061    1272    70.6143896    175.9128145   -1399246.5590000  1591480.7891400  -1388046.5590000  1601680.7891400  
149     1272    1216    -50     59      70.8321683    176.9000910   0.000   0.173   16.759  0.445   3      -1.111  1.311   1222    1275    70.8355852    176.4772056   -1399246.5590000  1559480.7891400  -1387446.5590000  1569480.7891400  
150     1336    1216    -49     61      70.9176254    177.1349202   0.000   0.144   12.847  0.361   2      -1.089  1.356   1287    1277    70.9253442    176.7055969   -1399246.5590000  1546680.7891400  -1387046.5590000  1556480.7891400  
151     1368    1216    -48     62      70.9602429    177.2531386   0.000   0.084   7.588   0.219   1      -1.067  1.378   1320    1278    70.9707897    176.8224512   -1399246.5590000  1540280.7891400  -1386846.5590000  1549880.7891400  
152     1440    1216    -39     57      71.0558574    177.5211065   354.375  0.120   11.201  0.233   1      -0.867  1.267   1401    1273    71.0730377    177.1423316   -1399246.5590000  1525880.7891400  -1387846.5590000  1533680.7891400  
153     600     1224    -1      0       69.9271768    174.5265539   0.000   0.269   27.784  0.563   3      -0.022  0.000   599     1224    69.9257943    174.5232331   -1397646.5590000  1693880.7891400  -1397646.5590000  1694080.7891400  
154     680     1232    -1      0       70.0467579    174.7614601   0.000   0.260   26.191  0.615   3      -0.022  0.000   679     1232    70.0453796    174.7581025   -1396046.5590000  1677880.7891400  -1396046.5590000  1678080.7891400  
155     1192    1248    -51     57      70.7630641    176.4791633   0.000   0.123   13.756  0.352   2      -1.133  1.267   1141    1305    70.7617464    176.0624099   -1392846.5590000  1575480.7891400  -1381446.5590000  1585680.7891400  
156     1432    1248    -43     57      71.0840733    177.3603935   0.000   0.098   8.396   0.269   1      -0.956  1.267   1389    1305    71.0955609    176.9660588   -1392846.5590000  1527480.7891400  -1381446.5590000  1536080.7891400  
157     584     1256    -1      0       69.9414607    174.3444907   0.000   0.257   26.256  0.539   3      -0.022  0.000   583     1256    69.9400745    174.3411804   -1391246.5590000  1697080.7891400  -1391246.5590000  1697280.7891400  
158     1256    1256    -51     58      70.8586329    176.6785059   0.000   0.178   17.856  0.486   3      -1.133  1.289   1205    1314    70.8589757    176.2555000   -1391246.5590000  1562680.7891400  -1379646.5590000  1572880.7891400  
159     1360    1256    -51     61      70.9978455    177.0600902   0.000   0.180   19.464  0.450   3      -1.133  1.356   1309    1317    71.0026923    176.6215598   -1391246.5590000  1541880.7891400  -1379046.5590000  1552080.7891400  
160     1096    1264    -47     58      70.6524132    176.0697460   0.000   0.085   8.247   0.243   1      -1.044  1.289   1049    1322    70.6567377    175.6654797   -1389646.5590000  1594680.7891400  -1378046.5590000  1604080.7891400  
161     1160    1264    -52     56      70.7389370    176.2985757   0.000   0.203   20.824  0.475   3      -1.156  1.244   1108    1320    70.7346528    175.8829258   -1389646.5590000  1581880.7891400  -1378446.5590000  1592280.7891400  
162     1304    1272    -52     60      70.9421594    176.7883542   0.000   0.155   14.005  0.347   2      -1.156  1.333   1252    1332    70.9437924    176.3515661   -1388046.5590000  1553080.7891400  -1376046.5590000  1563480.7891400  
163     1128    1280    -49     59      70.7146241    176.1184501   0.000   0.093   9.001   0.270   1      -1.089  1.311   1079    1339    70.7175099    175.7016533   -1386446.5590000  1588280.7891400  -1374646.5590000  1598080.7891400  
164     1536    1280    -39     41      71.2608996    177.6202389   0.000   0.133   13.805  0.357   2      -0.867  0.911   1497    1321    71.2589345    177.3036231   -1386446.5590000  1506680.7891400  -1378246.5590000  1514480.7891400  
165     560     1288    -1      0       69.9444259    174.1357792   0.000   0.323   34.243  0.701   3      -0.022  0.000   559     1288    69.9430355    174.1324831   -1384846.5590000  1701880.7891400  -1384846.5590000  1702080.7891400  
166     672     1288    -1      0       70.0997640    174.5079094   0.000   0.179   17.926  0.234   1      -0.022  0.000   671     1288    70.0983804    174.5045607   -1384846.5590000  1679480.7891400  -1384846.5590000  1679680.7891400  
167     792     1288    -57     183     70.2653473    174.9132327   16.875  0.091   11.285  0.266   2      -1.267  4.067   735     1471    70.3949746    173.9674567   -1384846.5590000  1655480.7891400  -1348246.5590000  1666880.7891400  
168     1440    1288    -46     57      71.1431257    177.2260022   354.375  0.159   15.829  0.480   3      -1.022  1.267   1394    1345    71.1502927    176.8192002   -1384846.5590000  1525880.7891400  -1373446.5590000  1535080.7891400  
169     1160    1296    -53     56      70.7768324    176.1674752   0.000   0.142   13.306  0.302   2      -1.178  1.244   1107    1352    70.7708716    175.7474668   -1383246.5590000  1581880.7891400  -1372046.5590000  1592480.7891400  
170     1256    1296    -53     58      70.9063609    176.5144631   0.000   0.211   20.722  0.473   3      -1.178  1.289   1203    1354    70.9035955    176.0831671   -1383246.5590000  1562680.7891400  -1371646.5590000  1573280.7891400  
171     1376    1296    -52     61      71.0673554    176.9549759   0.000   0.121   10.606  0.254   1      -1.156  1.356   1324    1357    71.0705924    176.5111113   -1383246.5590000  1538680.7891400  -1371046.5590000  1549080.7891400  
172     712     1304    -62     150     70.1733536    174.5771465   0.000   0.164   16.780  0.414   3      -1.378  3.333   650     1454    70.2570651    173.7539184   -1381646.5590000  1671480.7891400  -1351646.5590000  1683880.7891400  
173     1344    1304    -53     61      71.0341161    176.8038101   0.000   0.173   17.545  0.528   3      -1.178  1.356   1291    1365    71.0356240    176.3570636   -1381646.5590000  1545080.7891400  -1369446.5590000  1555680.7891400  
174     520     1312    -1      0       69.9158095    173.9070354   0.000   0.345   35.349  0.732   3      -0.022  0.000   519     1312    69.9144148    173.9037603   -1380046.5590000  1709880.7891400  -1380046.5590000  1710080.7891400  
175     1304    1312    -53     60      70.9900014    176.6238581   0.000   0.201   21.064  0.419   3      -1.178  1.333   1251    1372    70.9898704    176.1823113   -1380046.5590000  1553080.7891400  -1368046.5590000  1563680.7891400  
176     672     1320    -62     149     70.1362225    174.3776968   0.000   0.154   14.492  0.359   2      -1.378  3.311   610     1469    70.2178373    173.5593510   -1378446.5590000  1679480.7891400  -1348646.5590000  1691880.7891400  
177     824     1320    -49     170     70.3462285    174.8918401   22.500  0.116   11.338  0.227   1      -1.089  3.778   775     1490    70.4722383    174.0231758   -1378446.5590000  1649080.7891400  -1344446.5590000  1658880.7891400  
178     1480    1320    -48     60      71.2350928    177.2438096   354.375  0.111   9.411   0.258   1      -1.067  1.333   1432    1380    71.2432181    176.8150285   -1378446.5590000  1517880.7891400  -1366446.5590000  1527480.7891400  
179     1112    1328    -49     60      70.7494923    175.8642466   0.000   0.150   14.884  0.378   2      -1.089  1.333   1063    1388    70.7529316    175.4425082   -1376846.5590000  1591480.7891400  -1364846.5590000  1601280.7891400  
180     1440    1328    -49     57      71.1914034    177.0608535   0.000   0.207   21.632  0.556   3      -1.089  1.267   1391    1385    71.1941581    176.6418119   -1376846.5590000  1525880.7891400  -1365446.5590000  1535680.7891400  
181     1512    1328    -44     59      71.2873704    177.3311912   0.000   0.126   11.833  0.449   3      -0.978  1.311   1468    1387    71.2998603    176.9203843   -1376846.5590000  1511480.7891400  -1365046.5590000  1520280.7891400  
182     1360    1336    -54     61      71.0939056    176.7306625   0.000   0.108   10.793  0.329   2      -1.200  1.356   1306    1397    71.0938749    176.2788154   -1375246.5590000  1541880.7891400  -1363046.5590000  1552680.7891400  
183     1408    1336    -50     56      71.1582429    176.9084847   0.000   0.210   20.124  0.483   3      -1.111  1.244   1358    1392    71.1580998    176.4906583   -1375246.5590000  1532280.7891400  -1364046.5590000  1542280.7891400  
184     528     1344    -1      0       69.9629590    173.8031277   0.000   0.304   32.306  0.688   3      -0.022  0.000   527     1344    69.9615620    173.7998521   -1373646.5590000  1708280.7891400  -1373646.5590000  1708480.7891400  
185     584     1344    -1      0       70.0410947    173.9873074   0.000   0.349   37.122  0.707   3      -0.022  0.000   583     1344    70.0397010    173.9840056   -1373646.5590000  1697080.7891400  -1373646.5590000  1697280.7891400  
186     1216    1344    -52     57      70.9093741    176.1714777   0.000   0.166   16.827  0.428   3      -1.156  1.267   1164    1401    70.9059521    175.7479242   -1373646.5590000  1570680.7891400  -1362246.5590000  1581080.7891400  
187     672     1352    -62     149     70.1725839    174.2469966   0.000   0.261   27.272  0.561   3      -1.378  3.311   610     1501    70.2535685    173.4265792   -1372046.5590000  1679480.7891400  -1342246.5590000  1691880.7891400  
188     824     1352    -37     168     70.3830094    174.7606892   22.500  0.181   16.700  0.482   3      -0.822  3.733   787     1520    70.5228669    173.9384222   -1372046.5590000  1649080.7891400  -1338446.5590000  1656480.7891400  
189     1264    1352    -54     58      70.9837363    176.3125006   0.000   0.205   21.537  0.467   3      -1.200  1.289   1210    1410    70.9791110    175.8758493   -1372046.5590000  1561080.7891400  -1360446.5590000  1571880.7891400  
190     1320    1352    -54     60      71.0592470    176.5171626   0.000   0.140   13.463  0.379   2      -1.200  1.333   1266    1412    71.0574902    176.0703404   -1372046.5590000  1549880.7891400  -1360046.5590000  1560680.7891400  
191     1096    1368    -51     61      70.7746311    175.6422240   0.000   0.160   17.899  0.354   2      -1.133  1.356   1045    1429    70.7759466    175.2086868   -1368846.5590000  1594680.7891400  -1356646.5590000  1604880.7891400  
192     1128    1368    -51     60      70.8182243    175.7561332   0.000   0.211   21.571  0.575   3      -1.133  1.333   1077    1428    70.8186600    175.3257652   -1368846.5590000  1588280.7891400  -1356846.5590000  1598480.7891400  
193     1392    1368    -51     55      71.1751671    176.7162852   0.000   0.147   14.351  0.519   3      -1.133  1.222   1341    1423    71.1720320    176.2985942   -1368846.5590000  1535480.7891400  -1357846.5590000  1545680.7891400  
194     536     1376    -1      0       70.0100501    173.6987203   0.000   0.308   32.061  0.643   3      -0.022  0.000   535     1376    70.0086509    173.6954443   -1367246.5590000  1706680.7891400  -1367246.5590000  1706880.7891400  
195     568     1376    -1      0       70.0547934    173.8038006   0.000   0.338   35.500  0.713   3      -0.022  0.000   567     1376    70.0533961    173.8005096   -1367246.5590000  1700280.7891400  -1367246.5590000  1700480.7891400  
196     608     1376    -62     148     70.1106379    173.9358285   0.000   0.205   21.058  0.473   3      -1.378  3.289   546     1524    70.1889931    173.1209347   -1367246.5590000  1692280.7891400  -1337646.5590000  1704680.7891400  
197     1160    1384    -51     59      70.8805521    175.8042274   0.000   0.157   15.338  0.401   3      -1.133  1.311   1109    1443    70.8799406    175.3766082   -1365646.5590000  1581880.7891400  -1353846.5590000  1592080.7891400  
198     1248    1384    -54     58      71.0000065    176.1215711   0.000   0.261   27.832  0.559   3      -1.200  1.289   1194    1442    70.9949061    175.6845946   -1365646.5590000  1564280.7891400  -1354046.5590000  1575080.7891400  
199     1440    1384    -51     56      71.2587432    176.8281936   0.000   0.118   12.602  0.344   2      -1.133  1.244   1389    1440    71.2570586    176.4043898   -1365646.5590000  1525880.7891400  -1354446.5590000  1536080.7891400  
200     1472    1384    -51     58      71.3016072    176.9478943   0.000   0.201   19.503  0.488   3      -1.133  1.289   1421    1442    71.3025915    176.5146896   -1365646.5590000  1519480.7891400  -1354046.5590000  1529680.7891400  
201     504     1400    -1      0       69.9920558    173.4959145   0.000   0.273   29.438  0.713   3      -0.022  0.000   503     1400    69.9906527    173.4926559   -1362446.5590000  1713080.7891400  -1362446.5590000  1713280.7891400  
202     680     1400    -62     149     70.2380860    174.0767499   0.000   0.200   20.164  0.469   3      -1.378  3.311   618     1549    70.3182511    173.2528561   -1362446.5590000  1677880.7891400  -1332646.5590000  1690280.7891400  
203     784     1400    -46     172     70.3825949    174.4269339   22.500  0.173   17.655  0.471   3      -1.022  3.822   738     1572    70.5126863    173.5552822   -1362446.5590000  1657080.7891400  -1328046.5590000  1666280.7891400  
204     576     1408    -1      0       70.1018976    173.6989035   0.000   0.194   19.535  0.334   2      -0.022  0.000   575     1408    70.1004980    173.6956120   -1360846.5590000  1698680.7891400  -1360846.5590000  1698880.7891400  
205     648     1408    -62     149     70.2025115    173.9371344   0.000   0.265   27.471  0.574   3      -1.378  3.311   586     1557    70.2819924    173.1141942   -1360846.5590000  1684280.7891400  -1331046.5590000  1696680.7891400  
206     1200    1408    -54     59      70.9631625    175.8481355   0.000   0.115   10.374  0.230   1      -1.200  1.311   1146    1467    70.9585498    175.4079145   -1360846.5590000  1573880.7891400  -1349046.5590000  1584680.7891400  
207     1312    1408    -56     59      71.1150337    176.2548932   0.000   0.111   10.445  0.448   3      -1.244  1.311   1256    1467    71.1087126    175.8037121   -1360846.5590000  1551480.7891400  -1349046.5590000  1562680.7891400  
208     616     1416    -62     148     70.1668259    173.7980302   0.000   0.214   22.499  0.580   3      -1.378  3.289   554     1564    70.2445206    172.9802325   -1359246.5590000  1690680.7891400  -1329646.5590000  1703080.7891400  
209     1352    1416    -56     60      71.1785734    176.3683452   0.000   0.154   16.416  0.503   3      -1.244  1.333   1296    1476    71.1737167    175.9113639   -1359246.5590000  1543480.7891400  -1347246.5590000  1554680.7891400  
210     1472    1416    -51     58      71.3400498    176.8141195   0.000   0.131   12.349  0.324   2      -1.133  1.289   1421    1474    71.3407085    176.3800047   -1359246.5590000  1519480.7891400  -1347646.5590000  1529680.7891400  
211     816     1424    -40     156     70.4543201    174.4365019   22.500  0.164   17.512  0.467   3      -0.889  3.467   776     1580    70.5749714    173.6493159   -1357646.5590000  1650680.7891400  -1326446.5590000  1658680.7891400  
212     1072    1424    17      96      70.8071587    175.3247484   22.500  0.167   11.289  0.426   3      0.378   2.133   1089    1520    70.9417713    174.9826323   -1357646.5590000  1599480.7891400  -1338446.5590000  1596080.7891400  
213     1608    1424    -24     6       71.5314713    177.2952846   0.000   0.162   14.732  0.413   3      -0.533  0.133   1584    1430    71.5067402    177.1784979   -1357646.5590000  1492280.7891400  -1356446.5590000  1497080.7891400  
214     1648    1424    -23     5       71.5846841    177.4486292   0.000   0.102   8.629   0.230   1      -0.511  0.111   1625    1429    71.5601669    177.3393275   -1357646.5590000  1484280.7891400  -1356646.5590000  1488880.7891400  
215     488     1432    -1      0       70.0052148    173.3125326   0.000   0.291   29.681  0.602   3      -0.022  0.000   487     1432    70.0038081    173.3092851   -1356046.5590000  1716280.7891400  -1356046.5590000  1716480.7891400  
216     520     1432    -1      0       70.0501988    173.4167020   0.000   0.308   33.365  0.747   3      -0.022  0.000   519     1432    70.0487939    173.4134395   -1356046.5590000  1709880.7891400  -1356046.5590000  1710080.7891400  
217     1384    1432    -52     54      71.2407914    176.4194486   0.000   0.155   14.545  0.362   2      -1.156  1.200   1332    1486    71.2344170    176.0008864   -1356046.5590000  1537080.7891400  -1345246.5590000  1547480.7891400  
218     1416    1432    -52     54      71.2839267    176.5380780   0.000   0.248   25.700  0.495   3      -1.156  1.200   1364    1486    71.2778294    176.1184914   -1356046.5590000  1530680.7891400  -1345246.5590000  1541080.7891400  
219     576     1440    -63     148     70.1377264    173.5671777   0.000   0.234   25.223  0.471   3      -1.400  3.289   513     1588    70.2128795    172.7464707   -1354446.5590000  1698680.7891400  -1324846.5590000  1711280.7891400  
220     1320    1440    -56     60      71.1637728    176.1503302   0.000   0.197   20.375  0.592   3      -1.244  1.333   1264    1500    71.1583554    175.6937815   -1354446.5590000  1549880.7891400  -1342446.5590000  1561080.7891400  
221     1536    1440    -26     27      71.4546504    176.9542909   0.000   0.107   9.774   0.366   2      -0.578  0.600   1510    1467    71.4522123    176.7424342   -1354446.5590000  1506680.7891400  -1349046.5590000  1511880.7891400  
222     936     1448    -11     129     70.6478287    174.7489679   5.625   0.105   10.507  0.339   2      -0.244  2.867   925     1577    70.7798524    174.1696488   -1352846.5590000  1626680.7891400  -1327046.5590000  1628880.7891400  
223     648     1456    -63     149     70.2565124    173.7389975   0.000   0.268   28.636  0.586   3      -1.400  3.311   585     1605    70.3336190    172.9096889   -1351246.5590000  1684280.7891400  -1321446.5590000  1696880.7891400  
224     896     1456    -10     134     70.6016965    174.5775399   5.625   0.111   10.781  0.265   2      -0.222  2.978   886     1590    70.7401779    173.9807249   -1351246.5590000  1634680.7891400  -1324446.5590000  1636680.7891400  
225     424     1464    -1      0       69.9504149    172.9740766   0.000   0.267   29.367  0.662   3      -0.022  0.000   423     1464    69.9490019    172.9708623   -1349646.5590000  1729080.7891400  -1349646.5590000  1729280.7891400  
226     456     1464    -1      0       69.9956014    173.0771776   0.000   0.278   27.984  0.592   3      -0.022  0.000   455     1464    69.9941902    173.0739485   -1349646.5590000  1722680.7891400  -1349646.5590000  1722880.7891400  
227     488     1464    -1      0       70.0407302    173.1807544   0.000   0.239   25.539  0.613   3      -0.022  0.000   487     1464    70.0393208    173.1775104   -1349646.5590000  1716280.7891400  -1349646.5590000  1716480.7891400  
228     528     1472    -1      0       70.1059496    173.2778430   0.000   0.186   18.347  0.414   3      -0.022  0.000   527     1472    70.1045418    173.2745812   -1348046.5590000  1708280.7891400  -1348046.5590000  1708480.7891400  
229     1096    1472    -1      96      70.8958263    175.2091546   11.250  0.210   19.270  0.473   3      -0.022  2.133   1095    1568    71.0053906    174.8008902   -1348046.5590000  1594680.7891400  -1328846.5590000  1594880.7891400  
230     800     1488    -15     156     70.5048210    174.1161470   22.500  0.178   18.740  0.512   3      -0.333  3.467   785     1644    70.6592143    173.4088984   -1344846.5590000  1653880.7891400  -1313646.5590000  1656880.7891400  
231     944     1488    -5      126     70.7047641    174.6096862   11.250  0.165   15.693  0.527   3      -0.111  2.800   939     1614    70.8413169    174.0610717   -1344846.5590000  1625080.7891400  -1319646.5590000  1626080.7891400  
232     1008    1488    -4      116     70.7932061    174.8323896   5.625   0.078   7.781   0.203   1      -0.089  2.578   1004    1604    70.9204980    174.3288140   -1344846.5590000  1612280.7891400  -1321646.5590000  1613080.7891400  
233     1192    1488    2       78      71.0459827    175.4844113   11.250  0.119   10.912  0.402   3      0.044   1.733   1194    1566    71.1394956    175.1617819   -1344846.5590000  1575480.7891400  -1329246.5590000  1575080.7891400  
234     432     1496    -1      0       69.9969813    172.8677580   0.000   0.301   32.787  0.588   3      -0.022  0.000   431     1496    69.9955660    172.8645438   -1343246.5590000  1727480.7891400  -1343246.5590000  1727680.7891400  
235     496     1496    -1      0       70.0874403    173.0744373   0.000   0.227   25.335  0.575   3      -0.022  0.000   495     1496    70.0860286    173.0711932   -1343246.5590000  1714680.7891400  -1343246.5590000  1714880.7891400  
236     632     1504    -64     149     70.2878252    173.4867659   0.000   0.246   26.376  0.614   3      -1.422  3.311   568     1653    70.3622793    172.6518747   -1341646.5590000  1687480.7891400  -1311846.5590000  1700280.7891400  
237     1088    1504    6       96      70.9219018    175.0464742   11.250  0.147   13.090  0.347   2      0.133   2.133   1094    1600    71.0407845    174.6613838   -1341646.5590000  1596280.7891400  -1322446.5590000  1595080.7891400  
238     1120    1504    5       90      70.9659010    175.1598864   11.250  0.243   25.712  0.593   3      0.111   2.000   1125    1594    71.0767601    174.7966154   -1341646.5590000  1589880.7891400  -1323646.5590000  1588880.7891400  
239     528     1512    -64     147     70.1503069    173.1121137   0.000   0.300   31.442  0.666   3      -1.422  3.267   464     1659    70.2207283    172.2901895   -1340046.5590000  1708280.7891400  -1310646.5590000  1721080.7891400  
240     888     1512    -2      133     70.6545038    174.3160635   11.250  0.138   13.942  0.339   2      -0.044  2.956   886     1645    70.8021855    173.7472607   -1340046.5590000  1636280.7891400  -1313446.5590000  1636680.7891400  
241     1176    1520    9       80      71.0613538    175.2921436   11.250  0.112   9.992   0.369   2      0.200   1.778   1185    1600    71.1664777    174.9847826   -1338446.5590000  1578680.7891400  -1322446.5590000  1576880.7891400  
242     1376    1520    -22     53      71.3343027    176.0189084   5.625   0.126   13.181  0.439   3      -0.489  1.178   1354    1573    71.3667686    175.7125399   -1338446.5590000  1538680.7891400  -1327846.5590000  1543080.7891400  
243     560     1528    -64     147     70.2131767    173.1500343   0.000   0.277   29.268  0.602   3      -1.422  3.267   496     1675    70.2837895    172.3255724   -1336846.5590000  1701880.7891400  -1307446.5590000  1714680.7891400  
244     1464    1528    -27     53      71.4630203    176.3115724   5.625   0.260   25.582  0.572   3      -0.600  1.178   1437    1581    71.4892024    175.9849682   -1336846.5590000  1521080.7891400  -1326246.5590000  1526480.7891400  
245     480     1536    -1      0       70.1089474    172.8566304   0.000   0.156   11.279  0.304   2      -0.022  0.000   479     1536    70.1075315    172.8533985   -1335246.5590000  1717880.7891400  -1335246.5590000  1718080.7891400  
246     648     1536    -64     149     70.3460140    173.4063103   0.000   0.266   27.765  0.484   3      -1.422  3.311   584     1685    70.4200786    172.5685877   -1335246.5590000  1684280.7891400  -1305446.5590000  1697080.7891400  
247     1000    1536    1       115     70.8372652    174.6027032   5.625   0.177   18.417  0.470   3      0.022   2.556   1001    1651    70.9697462    174.1180379   -1335246.5590000  1613880.7891400  -1312246.5590000  1613680.7891400  
248     1304    1536    -10     74      71.2551399    175.6869852   5.625   0.133   13.364  0.313   2      -0.222  1.644   1294    1610    71.3279557    175.3351743   -1335246.5590000  1553080.7891400  -1320446.5590000  1555080.7891400  
249     416     1552    -1      0       70.0357249    172.5842637   0.000   0.296   30.934  0.647   3      -0.022  0.000   415     1552    70.0343041    172.5810636   -1332046.5590000  1730680.7891400  -1332046.5590000  1730880.7891400  
250     888     1552    1       133     70.6999466    174.1479901   5.625   0.203   20.442  0.590   3      0.022   2.956   889     1685    70.8513056    173.5867452   -1332046.5590000  1636280.7891400  -1305446.5590000  1636080.7891400  
251     1224    1552    -9      81      71.1644138    175.3290706   5.625   0.199   19.389  0.335   2      -0.200  1.800   1215    1633    71.2459729    174.9511877   -1332046.5590000  1569080.7891400  -1315846.5590000  1570880.7891400  
252     608     1560    -64     148     70.3163623    173.1739147   0.000   0.257   25.609  0.538   3      -1.422  3.289   544     1708    70.3881908    172.3408687   -1330446.5590000  1692280.7891400  -1300846.5590000  1705080.7891400  
253     856     1560    1       136     70.6643820    174.0048423   5.625   0.168   15.194  0.397   2      0.022   3.022   857     1696    70.8186143    173.4306742   -1330446.5590000  1642680.7891400  -1303246.5590000  1642480.7891400  
254     1488    1560    -23     50      71.5335033    176.2650336   5.625   0.111   9.841   0.201   1      -0.511  1.111   1465    1610    71.5615043    175.9648989   -1330446.5590000  1516280.7891400  -1320446.5590000  1520880.7891400  
255     456     1568    -1      0       70.1100509    172.6459813   0.000   0.122   11.627  0.251   1      -0.022  0.000   455     1568    70.1086309    172.6427645   -1328846.5590000  1722680.7891400  -1328846.5590000  1722880.7891400  
256     544     1568    -65     147     70.2347888    172.9308983   0.000   0.218   22.797  0.531   3      -1.444  3.267   479     1715    70.3029037    172.1015330   -1328846.5590000  1705080.7891400  -1299446.5590000  1718080.7891400  
257     576     1568    -65     148     70.2800394    173.0354146   0.000   0.240   24.379  0.511   3      -1.444  3.289   511     1716    70.3497557    172.2002150   -1328846.5590000  1698680.7891400  -1299246.5590000  1711680.7891400  
258     824     1568    0       144     70.6287030    173.8622307   5.625   0.158   14.411  0.340   2      0.000   3.200   824     1712    70.7899395    173.2503448   -1328846.5590000  1649080.7891400  -1300046.5590000  1649080.7891400  
259     1128    1568    -9      89      71.0509378    174.9177804   5.625   0.161   16.800  0.344   2      -0.200  1.978   1119    1657    71.1407521    174.5061163   -1328846.5590000  1588280.7891400  -1311046.5590000  1590080.7891400  
260     1160    1576    -9      86      71.1042868    174.9976826   5.625   0.157   15.243  0.510   3      -0.200  1.911   1151    1662    71.1908603    174.5981070   -1327246.5590000  1581880.7891400  -1310046.5590000  1583680.7891400  
261     1192    1576    -9      82      71.1483397    175.1120957   5.625   0.138   15.652  0.517   3      -0.200  1.822   1183    1658    71.2305825    174.7292935   -1327246.5590000  1575480.7891400  -1310846.5590000  1577280.7891400  
262     392     1584    -1      0       70.0364877    172.3743912   0.000   0.279   28.442  0.571   3      -0.022  0.000   391     1584    70.0350629    172.3712062   -1325646.5590000  1735480.7891400  -1325646.5590000  1735680.7891400  
263     736     1584    -15     185     70.5232972    173.4980797   11.250  0.164   14.642  0.491   3      -0.333  4.111   721     1769    70.7070124    172.6606787   -1325646.5590000  1666680.7891400  -1288646.5590000  1669680.7891400  
264     888     1584    4       132     70.7361871    174.0129508   5.625   0.255   26.334  0.603   3      0.089   2.933   892     1716    70.8902264    173.4640719   -1325646.5590000  1636280.7891400  -1299246.5590000  1635480.7891400  
265     1296    1584    -8      75      71.3003769    175.4535927   0.000   0.124   11.394  0.329   2      -0.178  1.667   1288    1659    71.3766519    175.1029391   -1325646.5590000  1554680.7891400  -1310646.5590000  1556280.7891400  
266     776     1592    -14     174     70.5884226    173.5987147   11.250  0.185   15.349  0.376   2      -0.311  3.867   762     1766    70.7619666    172.8101169   -1324046.5590000  1658680.7891400  -1289246.5590000  1661480.7891400  
267     1224    1592    -9      79      71.2108992    175.1588715   5.625   0.190   20.873  0.462   3      -0.200  1.756   1215    1671    71.2898019    174.7878992   -1324046.5590000  1569080.7891400  -1308246.5590000  1570880.7891400  
268     1256    1592    -8      77      71.2548605    175.2743316   0.000   0.135   12.993  0.428   3      -0.178  1.711   1248    1669    71.3330841    174.9151900   -1324046.5590000  1562680.7891400  -1308646.5590000  1564280.7891400  
269     1016    1600    9       113     70.9326164    174.3876450   5.625   0.225   22.138  0.570   3      0.200   2.511   1025    1713    71.0734645    173.9354291   -1322446.5590000  1610680.7891400  -1299846.5590000  1608880.7891400  
270     1056    1600    9       107     70.9881364    174.5276278   5.625   0.169   17.713  0.487   3      0.200   2.378   1065    1707    71.1225616    174.1009922   -1322446.5590000  1602680.7891400  -1301046.5590000  1600880.7891400  
271     456     1608    -65     146     70.1537835    172.4787899   0.000   0.275   30.684  0.627   3      -1.444  3.244   391     1754    70.2186032    171.6556226   -1320846.5590000  1722680.7891400  -1291646.5590000  1735680.7891400  
272     376     1616    -1      0       70.0484164    172.1898795   0.000   0.304   31.145  0.652   3      -0.022  0.000   375     1616    70.0469880    172.1867061   -1319246.5590000  1738680.7891400  -1319246.5590000  1738880.7891400  
273     536     1616    -65     147     70.2762521    172.7036514   0.000   0.299   33.084  0.639   3      -1.444  3.267   471     1763    70.3432568    171.8717307   -1319246.5590000  1706680.7891400  -1289846.5590000  1719680.7891400  
274     568     1616    -65     148     70.3216481    172.8078591   0.000   0.214   21.986  0.497   3      -1.444  3.289   503     1764    70.3902474    171.9700597   -1319246.5590000  1700280.7891400  -1289646.5590000  1713280.7891400  
275     600     1616    -65     148     70.3669859    172.9125576   0.000   0.143   12.722  0.287   1      -1.444  3.289   535     1764    70.4361053    172.0731438   -1319246.5590000  1693880.7891400  -1289646.5590000  1706880.7891400  
276     912     1616    8       128     70.8058781    173.9596662   5.625   0.105   13.333  0.447   2      0.178   2.844   920     1744    70.9609405    173.4392507   -1319246.5590000  1631480.7891400  -1293646.5590000  1629880.7891400  
277     1344    1616    -4      62      71.4034710    175.4919133   5.625   0.195   20.816  0.462   3      -0.089  1.378   1340    1678    71.4702450    175.2102908   -1319246.5590000  1545080.7891400  -1306846.5590000  1545880.7891400  
278     704     1624    -32     174     70.5228164    173.2224493   16.875  0.136   13.966  0.382   2      -0.711  3.867   672     1798    70.6689226    172.3738652   -1317646.5590000  1673080.7891400  -1282846.5590000  1679480.7891400  
279     736     1624    -7      183     70.5679236    173.3292349   11.250  0.188   20.157  0.518   3      -0.156  4.067   729     1807    70.7600472    172.5234095   -1317646.5590000  1666680.7891400  -1281046.5590000  1668080.7891400  
280     768     1624    -7      175     70.6129700    173.4365264   11.250  0.146   11.849  0.355   2      -0.156  3.889   761     1799    70.7968360    172.6644458   -1317646.5590000  1660280.7891400  -1282646.5590000  1661680.7891400  
281     1088    1624    11      103     71.0599798    174.5378963   5.625   0.217   22.641  0.576   3      0.244   2.289   1099    1727    71.1927060    174.1340171   -1317646.5590000  1596280.7891400  -1297046.5590000  1594080.7891400  
282     1200    1624    -6      81      71.2148879    174.9359320   5.625   0.214   22.421  0.522   3      -0.133  1.800   1194    1705    71.2997792    174.5659995   -1317646.5590000  1573880.7891400  -1301446.5590000  1575080.7891400  
283     1544    1624    16      -2      71.6853184    176.2010329   11.250  0.110   12.078  0.360   2      0.356   -0.044  1560    1622    71.7046177    176.2701017   -1317646.5590000  1505080.7891400  -1318046.5590000  1501880.7891400  
284     848     1632    10      135     70.7343013    173.6730201   5.625   0.172   17.923  0.433   3      0.222   3.000   858     1767    70.8990741    173.1288082   -1316046.5590000  1644280.7891400  -1289046.5590000  1642280.7891400  
285     1024    1632    12      111     70.9802019    174.2792934   5.625   0.166   15.535  0.451   3      0.267   2.467   1036    1743    71.1227346    173.8442017   -1316046.5590000  1609080.7891400  -1293846.5590000  1606680.7891400  
286     1056    1632    12      107     71.0247011    174.3912406   5.625   0.203   21.338  0.511   3      0.267   2.378   1068    1739    71.1630030    173.9732786   -1316046.5590000  1602680.7891400  -1294646.5590000  1600280.7891400  
287     1312    1632    -2      65      71.3782732    175.3063398   5.625   0.129   11.984  0.362   2      -0.044  1.444   1310    1697    71.4509815    175.0187132   -1316046.5590000  1551480.7891400  -1303046.5590000  1551880.7891400  
288     1432    1632    -2      52      71.5424748    175.7475223   5.625   0.157   15.630  0.393   2      -0.044  1.156   1430    1684    71.6007186    175.5154585   -1316046.5590000  1527480.7891400  -1305646.5590000  1527880.7891400  
289     968     1640    12      119     70.9112336    174.0505592   11.250  0.135   13.088  0.389   3      0.267   2.644   980     1759    71.0621475    173.5807288   -1314446.5590000  1620280.7891400  -1290646.5590000  1617880.7891400  
290     560     1648    -66     147     70.3454313    172.6469261   0.000   0.222   17.726  0.446   3      -1.467  3.267   494     1795    70.4107269    171.8086141   -1312846.5590000  1701880.7891400  -1283446.5590000  1715080.7891400  
291     456     1656    -66     146     70.2060502    172.2771682   0.000   0.326   35.020  0.579   3      -1.467  3.244   390     1802    70.2684464    171.4479736   -1311246.5590000  1722680.7891400  -1282046.5590000  1735880.7891400  
292     888     1656    12      130     70.8173553    173.7072175   5.625   0.166   15.658  0.449   3      0.267   2.889   900     1786    70.9795411    173.1893686   -1311246.5590000  1636280.7891400  -1285246.5590000  1633880.7891400  
293     1392    1656    0       56      71.5159430    175.4961609   5.625   0.280   29.053  0.663   3      0.000   1.244   1392    1712    71.5812631    175.2536107   -1311246.5590000  1535480.7891400  -1300046.5590000  1535480.7891400  
294     784     1664    2       169     70.6801030    173.3205011   16.875  0.147   11.688  0.354   3      0.044   3.756   786     1833    70.8697226    172.6006643   -1309646.5590000  1657080.7891400  -1275846.5590000  1656680.7891400  
295     816     1664    1       161     70.7251692    173.4284079   11.250  0.166   15.766  0.343   2      0.022   3.578   817     1825    70.9050384    172.7393159   -1309646.5590000  1650680.7891400  -1277446.5590000  1650480.7891400  
296     856     1664    13      134     70.7814152    173.5640156   5.625   0.212   21.679  0.502   3      0.289   2.978   869     1798    70.9490063    173.0319836   -1309646.5590000  1642680.7891400  -1282846.5590000  1640080.7891400  
297     1088    1664    15      102     71.1056886    174.3666938   5.625   0.118   12.097  0.389   2      0.333   2.267   1103    1766    71.2425014    173.9789964   -1309646.5590000  1596280.7891400  -1289246.5590000  1593280.7891400  
298     1128    1664    15      96      71.1612517    174.5079229   5.625   0.212   20.845  0.494   3      0.333   2.133   1143    1760    71.2915800    174.1461979   -1309646.5590000  1588280.7891400  -1290446.5590000  1585280.7891400  
299     944     1672    15      122     70.9138317    173.8309953   5.625   0.120   12.784  0.348   2      0.333   2.711   959     1794    71.0717342    173.3566110   -1308046.5590000  1625080.7891400  -1283646.5590000  1622080.7891400  
300     1336    1672    2       62      71.4577722    175.2216032   5.625   0.236   25.288  0.489   3      0.044   1.378   1338    1734    71.5324126    174.9600309   -1308046.5590000  1546680.7891400  -1295646.5590000  1546280.7891400  
301     1424    1672    3       51      71.5784628    175.5452127   5.625   0.165   16.653  0.454   3      0.067   1.133   1427    1723    71.6421523    175.3348809   -1308046.5590000  1529080.7891400  -1297846.5590000  1528480.7891400  
302     512     1688    -66     146     70.3207626    172.3221853   0.000   0.233   23.554  0.515   3      -1.467  3.244   446     1834    70.3833885    171.4881894   -1304846.5590000  1711480.7891400  -1275646.5590000  1724680.7891400  
303     1032    1688    19      109     71.0549543    174.0674072   5.625   0.254   26.464  0.537   3      0.422   2.422   1051    1797    71.2045767    173.6620287   -1304846.5590000  1607480.7891400  -1283046.5590000  1603680.7891400  
304     1392    1688    4       56      71.5533072    175.3577746   5.625   0.183   15.815  0.411   3      0.089   1.244   1396    1744    71.6239563    175.1289387   -1304846.5590000  1535480.7891400  -1293646.5590000  1534680.7891400  
305     1512    1696    18      3       71.7268696    175.7689517   16.875  0.127   10.354  0.262   1      0.400   0.067   1530    1699    71.7549505    175.8234812   -1303246.5590000  1511480.7891400  -1302646.5590000  1507880.7891400  
306     680     1704    -11     177     70.5773278    172.8031725   16.875  0.166   16.500  0.418   3      -0.244  3.933   669     1881    70.7547559    172.0046736   -1301646.5590000  1677880.7891400  -1266246.5590000  1680080.7891400  
307     1312    1704    6       63      71.4618404    174.9956568   5.625   0.101   10.026  0.345   2      0.133   1.400   1318    1767    71.5428422    174.7432626   -1301646.5590000  1551480.7891400  -1289046.5590000  1550280.7891400  
308     712     1712    -9      167     70.6315262    172.8751106   16.875  0.172   17.541  0.503   3      -0.200  3.711   703     1879    70.8013373    172.1251338   -1300046.5590000  1671480.7891400  -1266646.5590000  1673280.7891400  
309     872     1712    19      131     70.8576020    173.4130927   5.625   0.226   23.597  0.586   3      0.422   2.911   891     1843    71.0299638    172.9109867   -1300046.5590000  1639480.7891400  -1273846.5590000  1635680.7891400  
310     952     1712    20      119     70.9700613    173.6869540   5.625   0.208   21.706  0.489   3      0.444   2.644   972     1831    71.1313218    173.2401986   -1300046.5590000  1623480.7891400  -1276246.5590000  1619480.7891400  
311     1104    1712    21      99      71.1826337    174.2164450   5.625   0.112   9.348   0.406   2      0.467   2.200   1125    1811    71.3241674    173.8602583   -1300046.5590000  1593080.7891400  -1280246.5590000  1588880.7891400  
312     1144    1712    21      93      71.2383283    174.3578107   5.625   0.159   15.267  0.543   3      0.467   2.067   1165    1805    71.3733682    174.0278875   -1300046.5590000  1585080.7891400  -1281446.5590000  1580880.7891400  
313     1344    1712    7       60      71.5152143    175.0775950   5.625   0.133   14.071  0.421   2      0.156   1.333   1351    1772    71.5942644    174.8416052   -1300046.5590000  1545080.7891400  -1288046.5590000  1543680.7891400  
314     904     1720    21      126     70.9115853    173.4878666   5.625   0.171   15.625  0.468   3      0.467   2.800   925     1846    71.0814847    173.0136579   -1298446.5590000  1633080.7891400  -1273246.5590000  1628880.7891400  
315     984     1720    21      115     71.0239436    173.7629712   5.625   0.185   19.855  0.599   3      0.467   2.556   1005    1835    71.1823692    173.3365197   -1298446.5590000  1617080.7891400  -1275446.5590000  1612880.7891400  
316     1040    1720    23      108     71.1023571    173.9575229   5.625   0.245   25.081  0.577   3      0.511   2.400   1063    1828    71.2562512    173.5685357   -1298446.5590000  1605880.7891400  -1276846.5590000  1601280.7891400  
317     1072    1720    23      104     71.1470757    174.0694341   5.625   0.151   15.179  0.394   3      0.511   2.311   1095    1824    71.2967348    173.6979455   -1298446.5590000  1599480.7891400  -1277646.5590000  1594880.7891400  
318     1416    1728    8       51      71.6328683    175.2724432   5.625   0.263   26.191  0.610   3      0.178   1.133   1424    1779    71.7031420    175.0789675   -1296846.5590000  1530680.7891400  -1286646.5590000  1529080.7891400  
319     1448    1736    11      43      71.6861402    175.3559787   11.250  0.232   24.770  0.587   3      0.244   0.956   1459    1779    71.7513415    175.2085320   -1295246.5590000  1524280.7891400  -1286646.5590000  1522080.7891400  
320     872     1744    23      131     70.8932822    173.2755123   5.625   0.199   19.587  0.449   3      0.511   2.911   895     1875    71.0709488    172.7847466   -1293646.5590000  1639480.7891400  -1267446.5590000  1634880.7891400  
321     1104    1744    26      98      71.2189755    174.0780064   11.250  0.102   9.100   0.270   1      0.578   2.178   1130    1842    71.3661382    173.7420433   -1293646.5590000  1593080.7891400  -1274046.5590000  1587880.7891400  
322     1136    1744    25      93      71.2636320    174.1909187   5.625   0.162   16.509  0.430   3      0.556   2.067   1161    1837    71.4039766    173.8734659   -1293646.5590000  1586680.7891400  -1275046.5590000  1581680.7891400  
323     1336    1744    10      61      71.5412094    174.9091707   5.625   0.118   11.782  0.313   1      0.222   1.356   1346    1805    71.6253528    174.6786474   -1293646.5590000  1546680.7891400  -1281446.5590000  1544680.7891400  
324     1008    1752    26      111     71.0936136    173.7079228   5.625   0.114   9.852   0.379   1      0.578   2.467   1034    1863    71.2545346    173.3142832   -1292046.5590000  1612280.7891400  -1269846.5590000  1607080.7891400  
325     1040    1752    27      107     71.1384887    173.8191784   5.625   0.209   20.899  0.549   3      0.600   2.378   1067    1859    71.2966116    173.4466068   -1292046.5590000  1605880.7891400  -1270646.5590000  1600480.7891400  
326     1208    1760    31      87      71.3821484    174.3773748   11.250  0.088   8.112   0.285   2      0.689   1.933   1239    1847    71.5244434    174.1072092   -1290446.5590000  1572280.7891400  -1273046.5590000  1566080.7891400  
327     960     1768    27      117     71.0440931    173.4728210   5.625   0.188   17.672  0.470   3      0.600   2.600   987     1885    71.2125393    173.0552767   -1288846.5590000  1621880.7891400  -1265446.5590000  1616480.7891400  
328     920     1776    28      122     70.9966514    173.3009585   5.625   0.183   18.960  0.483   3      0.622   2.711   948     1898    71.1716098    172.8643676   -1287246.5590000  1629880.7891400  -1262846.5590000  1624280.7891400  
329     1072    1776    30      101     71.2103983    173.8267723   5.625   0.175   18.470  0.467   3      0.667   2.244   1102    1877    71.3660763    173.4897517   -1287246.5590000  1599480.7891400  -1267046.5590000  1593480.7891400  
330     1248    1776    37      78      71.4560597    174.4509621   5.625   0.202   19.688  0.397   3      0.822   1.733   1285    1854    71.5966193    174.2416480   -1287246.5590000  1564280.7891400  -1271646.5590000  1556880.7891400  
331     1032    1784    30      107     71.1632799    173.6524599   5.625   0.194   18.361  0.470   3      0.667   2.378   1062    1891    71.3252992    173.2883916   -1285646.5590000  1607480.7891400  -1264246.5590000  1601480.7891400  
332     1176    1784    30      86      71.3649004    174.1586932   5.625   0.179   17.386  0.488   3      0.667   1.911   1206    1870    71.5043265    173.8879312   -1285646.5590000  1578680.7891400  -1268446.5590000  1572680.7891400  
333     1288    1784    38      74      71.5207852    174.5601778   5.625   0.161   17.009  0.428   3      0.844   1.644   1326    1858    71.6583192    174.3722825   -1285646.5590000  1556280.7891400  -1270846.5590000  1548680.7891400  
334     1328    1792    39      71      71.5854556    174.6701739   0.000   0.097   8.715   0.290   1      0.867   1.578   1367    1863    71.7210809    174.4993842   -1284046.5590000  1548280.7891400  -1269846.5590000  1540480.7891400  
335     872     1800    30      130     70.9554692    173.0334864   11.250  0.122   11.213  0.447   3      0.667   2.889   902     1930    71.1413686    172.5668924   -1282446.5590000  1639480.7891400  -1256446.5590000  1633480.7891400  
336     992     1800    31      112     71.1249465    173.4442412   5.625   0.135   14.050  0.391   3      0.689   2.489   1023    1912    71.2934848    173.0604960   -1282446.5590000  1615480.7891400  -1260046.5590000  1609280.7891400  
337     904     1808    32      123     71.0096287    173.1075526   5.625   0.210   22.341  0.587   3      0.711   2.733   936     1931    71.1909063    172.6780482   -1280846.5590000  1633080.7891400  -1256246.5590000  1626680.7891400  
338     936     1808    32      119     71.0548690    173.2168543   5.625   0.168   16.898  0.461   3      0.711   2.644   968     1927    71.2320245    172.8050323   -1280846.5590000  1626680.7891400  -1257046.5590000  1620280.7891400  
339     1296    1824    42      72      71.5777039    174.4135830   5.625   0.286   31.698  0.610   3      0.933   1.600   1338    1896    71.7184083    174.2473815   -1277646.5590000  1554680.7891400  -1263246.5590000  1546280.7891400  
340     1008    1832    35      108     71.1832532    173.3600047   11.250  0.108   9.502   0.288   1      0.778   2.400   1043    1940    71.3528770    173.0058452   -1276046.5590000  1612280.7891400  -1254446.5590000  1605280.7891400  
341     1048    1832    36      103     71.2396239    173.4987750   5.625   0.220   21.330  0.556   3      0.800   2.289   1084    1935    71.4054047    173.1704747   -1276046.5590000  1604280.7891400  -1255446.5590000  1597080.7891400  
342     1088    1832    37      98      71.2958946    173.6383956   5.625   0.145   16.046  0.458   3      0.822   2.178   1125    1930    71.4577881    173.3360517   -1276046.5590000  1596280.7891400  -1256446.5590000  1588880.7891400  
343     1352    1832    43      66      71.6646935    174.5816636   5.625   0.200   19.205  0.507   3      0.956   1.467   1395    1898    71.8001093    174.4463603   -1276046.5590000  1543480.7891400  -1262846.5590000  1534880.7891400  
344     720     1840    11      158     70.7832507    172.3507335   5.625   0.220   21.719  0.643   3      0.244   3.511   731     1998    70.9700270    171.6954856   -1274446.5590000  1669880.7891400  -1242846.5590000  1667680.7891400  
345     752     1848    11      155     70.8376682    172.4221535   5.625   0.261   27.775  0.617   3      0.244   3.444   763     2003    71.0215097    171.7789810   -1272846.5590000  1663480.7891400  -1241846.5590000  1661280.7891400  
346     792     1848    25      161     70.8947102    172.5555391   5.625   0.124   10.334  0.257   1      0.556   3.578   817     2009    71.1056793    171.9317443   -1272846.5590000  1655480.7891400  -1240646.5590000  1650480.7891400  
347     936     1848    37      118     71.0992828    173.0424994   5.625   0.208   21.087  0.490   3      0.822   2.622   973     1966    71.2820762    172.6495525   -1272846.5590000  1626680.7891400  -1249246.5590000  1619280.7891400  
348     1256    1848    44      76      71.5493225    174.1637650   0.000   0.097   9.241   0.310   2      0.978   1.689   1300    1924    71.6971194    173.9852703   -1272846.5590000  1562680.7891400  -1257646.5590000  1553880.7891400  
349     1192    1856    40      82      71.4688840    173.8998639   5.625   0.096   9.613   0.408   3      0.889   1.822   1232    1938    71.6175209    173.6790140   -1271246.5590000  1575480.7891400  -1254846.5590000  1567480.7891400  
350     1328    1864    47      68      71.6679586    174.3529986   5.625   0.326   35.250  0.689   3      1.044   1.511   1375    1932    71.8110671    174.2215928   -1269646.5590000  1548280.7891400  -1256046.5590000  1538880.7891400  
351     864     1880    39      126     71.0323569    172.6579054   5.625   0.208   20.842  0.556   3      0.867   2.800   903     2006    71.2258336    172.2337924   -1266446.5590000  1641080.7891400  -1241246.5590000  1633280.7891400  
352     896     1880    40      123     71.0778780    172.7662440   5.625   0.190   18.109  0.540   3      0.889   2.733   936     2003    71.2697942    172.3589697   -1266446.5590000  1634680.7891400  -1241846.5590000  1626680.7891400  
353     928     1880    40      119     71.1233381    172.8751140   5.625   0.223   24.487  0.574   3      0.889   2.644   968     1999    71.3111488    172.4857836   -1266446.5590000  1628280.7891400  -1242646.5590000  1620280.7891400  
354     1064    1880    42      99      71.3158503    173.3438132   5.625   0.144   14.623  0.470   3      0.933   2.200   1106    1979    71.4854497    173.0515204   -1266446.5590000  1601080.7891400  -1246646.5590000  1592680.7891400  
355     960     1904    43      113     71.1952753    172.8790274   5.625   0.140   13.530  0.373   2      0.956   2.511   1003    2017    71.3808387    172.5253106   -1261646.5590000  1621880.7891400  -1239046.5590000  1613280.7891400  
356     864     1920    43      126     71.0762133    172.4824375   5.625   0.186   18.231  0.465   3      0.956   2.800   907     2046    71.2750319    172.0689761   -1258446.5590000  1641080.7891400  -1233246.5590000  1632480.7891400  
357     920     1920    45      119     71.1560336    172.6720740   5.625   0.226   22.374  0.476   3      1.000   2.644   965     2039    71.3505714    172.2970091   -1258446.5590000  1629880.7891400  -1234646.5590000  1620880.7891400  
358     992     1920    46      108     71.2583847    172.9183043   5.625   0.185   16.742  0.477   3      1.022   2.400   1038    2028    71.4428481    172.5965029   -1258446.5590000  1615480.7891400  -1236846.5590000  1606280.7891400  
359     1136    1920    48      88      71.4621354    173.4190430   5.625   0.159   16.741  0.413   3      1.067   1.956   1184    2008    71.6281797    173.1956550   -1258446.5590000  1586680.7891400  -1240846.5590000  1577080.7891400  
360     1192    1928    49      80      71.5500074    173.5812651   5.625   0.197   18.275  0.542   3      1.089   1.778   1241    2008    71.7087564    173.3978256   -1256846.5590000  1575480.7891400  -1240846.5590000  1565680.7891400  
361     1424    1928    80      9       71.8748111    174.4189111   11.250  0.110   14.386  0.474   3      1.778   0.200   1504    1937    71.9963352    174.6744962   -1256846.5590000  1529080.7891400  -1255046.5590000  1513080.7891400  
362     1032    1944    49      102     71.3417025    172.9500543   5.625   0.175   18.303  0.468   3      1.089   2.267   1081    2046    71.5239429    172.6644776   -1253646.5590000  1607480.7891400  -1233246.5590000  1597680.7891400  
363     1296    1952    56      69      71.7231980    173.8458820   5.625   0.194   21.823  0.559   3      1.244   1.533   1352    2021    71.8797374    173.7380828   -1252046.5590000  1554680.7891400  -1238246.5590000  1543480.7891400  
364     992     1960    50      107     71.3025268    172.7413000   5.625   0.112   14.010  0.469   3      1.111   2.378   1042    2067    71.4913160    172.4352040   -1250446.5590000  1615480.7891400  -1229046.5590000  1605480.7891400  
365     1120    1960    52      89      71.4841640    173.1851689   5.625   0.237   24.252  0.587   3      1.156   1.978   1172    2049    71.6567146    172.9689225   -1250446.5590000  1589880.7891400  -1232646.5590000  1579480.7891400  
366     1152    1968    53      84      71.5383381    173.2618465   5.625   0.130   13.944  0.408   3      1.178   1.867   1205    2052    71.7068714    173.0718023   -1248846.5590000  1583480.7891400  -1232046.5590000  1572880.7891400  
367     1184    1968    55      80      71.5835474    173.3747266   5.625   0.124   10.864  0.408   3      1.222   1.778   1239    2048    71.7505949    173.2104483   -1248846.5590000  1577080.7891400  -1232846.5590000  1566080.7891400  
368     1024    1976    53      102     71.3656853    172.7803323   11.250  0.127   11.934  0.413   3      1.178   2.267   1077    2078    71.5533798    172.5065219   -1247246.5590000  1609080.7891400  -1226846.5590000  1598480.7891400  
369     1056    1976    54      97      71.4111724    172.8909526   5.625   0.160   16.287  0.432   3      1.200   2.156   1110    2073    71.5949870    172.6436544   -1247246.5590000  1602680.7891400  -1227846.5590000  1591880.7891400  
370     984     2000    56      107     71.3350838    172.5360395   5.625   0.161   16.794  0.416   3      1.244   2.378   1040    2107    71.5321369    172.2478847   -1242446.5590000  1617080.7891400  -1221046.5590000  1605880.7891400  
371     1088    2000    57      92      71.4831665    172.8949905   5.625   0.192   21.307  0.512   3      1.267   2.044   1145    2092    71.6657968    172.6798856   -1242446.5590000  1596280.7891400  -1224046.5590000  1584880.7891400  
372     1184    2000    58      79      71.6192670    173.2315400   5.625   0.187   20.979  0.528   3      1.289   1.756   1242    2079    71.7893443    173.0807939   -1242446.5590000  1577080.7891400  -1226646.5590000  1565480.7891400  
373     1256    2008    60      69      71.7299262    173.4513295   5.625   0.235   24.154  0.626   3      1.333   1.533   1316    2077    71.8918855    173.3544062   -1240846.5590000  1562680.7891400  -1227046.5590000  1550680.7891400  
374     872     2016    53      122     71.1922553    172.0848123   5.625   0.185   14.265  0.426   2      1.178   2.711   925     2138    71.4003292    171.7161921   -1239246.5590000  1639480.7891400  -1214846.5590000  1628880.7891400  
375     952     2016    55      111     71.3068717    172.3554679   5.625   0.134   13.865  0.278   1      1.222   2.467   1007    2127    71.5065208    172.0442841   -1239246.5590000  1623480.7891400  -1217046.5590000  1612480.7891400  
376     1072    2032    60      94      71.4957110    172.6961274   5.625   0.204   19.858  0.513   3      1.333   2.089   1132    2126    71.6845894    172.4802245   -1236046.5590000  1599480.7891400  -1217246.5590000  1587480.7891400  
377     1144    2040    62      83      71.6069771    172.9111355   5.625   0.157   15.673  0.485   3      1.378   1.844   1206    2123    71.7868910    172.7533478   -1234446.5590000  1585080.7891400  -1217846.5590000  1572680.7891400  
378     928     2048    59      113     71.3073407    172.1310450   5.625   0.217   21.417  0.488   3      1.311   2.511   987     2161    71.5145206    171.8219114   -1232846.5590000  1628280.7891400  -1210246.5590000  1616480.7891400  
379     1112    2048    63      87      71.5703034    172.7632879   5.625   0.186   19.817  0.500   3      1.400   1.933   1175    2135    71.7558945    172.5896263   -1232846.5590000  1591480.7891400  -1215446.5590000  1578880.7891400  
380     1040    2056    64      97      71.4764140    172.4777814   5.625   0.098   12.709  0.437   3      1.422   2.156   1104    2153    71.6740258    172.2600205   -1231246.5590000  1605880.7891400  -1211846.5590000  1593080.7891400  
381     1184    2072    66      77      71.6992331    172.9072983   5.625   0.267   27.626  0.635   3      1.467   1.711   1250    2149    71.8782636    172.7903064   -1228046.5590000  1577080.7891400  -1212646.5590000  1563880.7891400  
382     1232    2080    67      69      71.7762686    173.0407506   11.250  0.147   14.559  0.419   3      1.489   1.533   1299    2149    71.9479753    172.9648547   -1226446.5590000  1567480.7891400  -1212646.5590000  1554080.7891400  
383     1008    2088    66      100     71.4655697    172.2238658   5.625   0.166   15.910  0.391   2      1.467   2.222   1074    2188    71.6689958    171.9966348   -1224846.5590000  1612280.7891400  -1204846.5590000  1599080.7891400  
384     1040    2088    68      97      71.5114107    172.3336971   5.625   0.177   16.704  0.375   2      1.511   2.156   1108    2185    71.7146118    172.1277802   -1224846.5590000  1605880.7891400  -1205446.5590000  1592280.7891400  
385     1016    2120    70      99      71.5118510    172.1067484   5.625   0.204   20.053  0.538   3      1.556   2.200   1086    2219    71.7198362    171.8959773   -1218446.5590000  1610680.7891400  -1198646.5590000  1596680.7891400  
386     1064    2128    72      91      71.5894260    172.2354047   5.625   0.172   15.547  0.385   3      1.600   2.022   1136    2219    71.7917960    172.0689600   -1216846.5590000  1601080.7891400  -1198646.5590000  1586680.7891400  
387     1104    2128    73      87      71.6467278    172.3737598   5.625   0.104   10.843  0.368   2      1.622   1.933   1177    2215    71.8463303    172.2302587   -1216846.5590000  1593080.7891400  -1199446.5590000  1578480.7891400  
388     1160    2168    77      77      71.7706350    172.3864511   5.625   0.196   17.715  0.478   3      1.711   1.711   1237    2245    71.9651346    172.3024992   -1208846.5590000  1581880.7891400  -1193446.5590000  1566480.7891400  
389     1088    2176    77      88      71.6760999    172.0997461   5.625   0.169   17.312  0.487   3      1.711   1.956   1165    2264    71.8823436    171.9622423   -1207246.5590000  1596280.7891400  -1189646.5590000  1580880.7891400  
390     1120    2184    79      83      71.7307543    172.1739565   11.250  0.135   13.812  0.432   3      1.756   1.844   1199    2267    71.9345307    172.0670731   -1205646.5590000  1589880.7891400  -1189046.5590000  1574080.7891400  
391     1152    2200    81      78      71.7941075    172.2119179   5.625   0.201   20.681  0.520   3      1.800   1.733   1233    2278    71.9953757    172.1353648   -1202446.5590000  1583480.7891400  -1186846.5590000  1567280.7891400  
392     1192    2240    86      72      71.8951029    172.1674882   5.625   0.157   16.460  0.464   3      1.911   1.600   1278    2312    72.0970683    172.1357243   -1194446.5590000  1575480.7891400  -1180046.5590000  1558280.7891400  
