CP      startX  startY  dispX   dispY   sLat          sLon          theta   pCorr   pkStr   cCorr   conf   velX    velY    endX    endY    eLat          eLon          nps_startX    nps_startY    nps_endX      nps_endY      
0       24      480     -1      1       81.7967422    86.5808946    0.000   0.237   24.433  0.358   2      -0.200  0.200   23      481     81.7941486    86.5819801    665809.6169860  590736.5355380  666009.6169860  590936.5355380  
1       104     504     -1      1       81.8601122    85.5977627    0.000   0.339   38.016  0.709   3      -0.200  0.200   103     505     81.8575215    85.5991706    670609.6169860  574736.5355380  670809.6169860  574936.5355380  
2       72      520     -1      1       81.7994931    85.7765869    0.000   0.325   34.752  0.693   3      -0.200  0.200   71      521     81.7969020    85.7779278    673809.6169860  581136.5355380  674009.6169860  581336.5355380  
3       136     520     -1      1       81.8758002    85.1465445    0.000   0.294   33.235  0.688   3      -0.200  0.200   135     521     81.8732111    85.1480994    673809.6169860  568336.5355380  674009.6169860  568536.5355380  
4       32      544     -1      1       81.7180680    85.9629586    0.000   0.284   29.648  0.558   3      -0.200  0.200   31      545     81.7154765    85.9642278    678609.6169860  589136.5355380  678809.6169860  589336.5355380  
5       184     544     -1      1       81.8983865    84.4665004    0.000   0.320   37.023  0.656   3      -0.200  0.200   183     545     81.8958001    84.4682776    678609.6169860  558736.5355380  678809.6169860  558936.5355380  
6       216     544     -1      1       81.9356323    84.1429641    0.000   0.303   34.857  0.686   3      -0.200  0.200   215     545     81.9330472    84.1448535    678609.6169860  552336.5355380  678809.6169860  552536.5355380  
7       72      552     -1      1       81.7548850    85.5088942    0.000   0.326   34.341  0.696   3      -0.200  0.200   71      553     81.7522949    85.5103122    680209.6169860  581136.5355380  680409.6169860  581336.5355380  
8       312     568     -1      1       82.0110841    82.9582461    0.000   0.308   33.428  0.622   3      -0.200  0.200   311     569     82.0085049    82.9605374    683409.6169860  533136.5355380  683609.6169860  533336.5355380  
9       216     576     -1      1       81.8899447    83.8799057    0.000   0.303   35.517  0.652   3      -0.200  0.200   215     577     81.8873611    83.8818685    685009.6169860  552336.5355380  685209.6169860  552536.5355380  
10      344     576     -1      1       82.0354700    82.5583994    0.000   0.323   36.509  0.673   3      -0.200  0.200   343     577     82.0328930    82.5608276    685009.6169860  526736.5355380  685209.6169860  526936.5355380  
11      120     584     -1      1       81.7667933    84.7741296    0.000   0.319   34.855  0.693   3      -0.200  0.200   119     585     81.7642060    84.7757813    686609.6169860  571536.5355380  686809.6169860  571736.5355380  
12      152     592     -1      1       81.7929263    84.3917858    0.000   0.332   37.488  0.682   3      -0.200  0.200   151     593     81.7903405    84.3935636    688209.6169860  565136.5355380  688409.6169860  565336.5355380  
13      376     592     -1      1       82.0477451    82.0919327    0.000   0.313   36.018  0.645   3      -0.200  0.200   375     593     82.0451709    82.0945161    688209.6169860  520336.5355380  688409.6169860  520536.5355380  
14      64      600     -1      1       81.6781697    85.1904147    0.000   0.302   31.558  0.620   3      -0.200  0.200   63      601     81.6755810    85.1919189    689809.6169860  582736.5355380  690009.6169860  582936.5355380  
15      32      616     -1      1       81.6177463    85.3682975    0.000   0.271   27.872  0.446   3      -0.200  0.200   31      617     81.6151572    85.3697358    693009.6169860  589136.5355380  693209.6169860  589336.5355380  
16      408     616     -1      1       82.0476892    81.5606638    0.000   0.297   33.003  0.675   3      -0.200  0.200   407     617     82.0451184    81.5634195    693009.6169860  513936.5355380  693209.6169860  514136.5355380  
17      464     616     -1      1       82.1085597    80.9586133    0.000   0.304   32.828  0.672   3      -0.200  0.200   463     617     82.1059929    80.9615869    693009.6169860  502736.5355380  693209.6169860  502936.5355380  
18      176     624     -1      1       81.7751633    83.8928667    0.000   0.331   37.108  0.625   3      -0.200  0.200   175     625     81.7725799    83.8947979    694609.6169860  560336.5355380  694809.6169860  560536.5355380  
19      216     624     -1      1       81.8211031    83.4908595    0.000   0.310   38.280  0.665   3      -0.200  0.200   215     625     81.8185216    83.4929290    694609.6169860  552336.5355380  694809.6169860  552536.5355380  
20      352     624     -1      1       81.9742394    82.0898928    0.000   0.330   38.372  0.708   3      -0.200  0.200   351     625     81.9716654    82.0924532    694609.6169860  525136.5355380  694809.6169860  525336.5355380  
21      64      632     -1      1       81.6331811    84.9297717    0.000   0.327   34.604  0.599   3      -0.200  0.200   63      633     81.6305936    84.9313487    696209.6169860  582736.5355380  696409.6169860  582936.5355380  
22      112     640     -1      1       81.6781464    84.3975119    0.000   0.318   35.159  0.590   3      -0.200  0.200   111     641     81.6755610    84.3992634    697809.6169860  573136.5355380  698009.6169860  573336.5355380  
23      320     648     -1      1       81.9035753    82.2340668    0.000   0.338   36.937  0.668   3      -0.200  0.200   319     649     81.9010007    82.2365588    699409.6169860  531536.5355380  699609.6169860  531736.5355380  
24      24      656     -1      1       81.5521750    85.1206351    0.000   0.264   26.242  0.306   2      -0.200  0.200   23      657     81.5495871    85.1221383    701009.6169860  590736.5355380  701209.6169860  590936.5355380  
25      192     656     -1      1       81.7476458    83.4763796    0.000   0.297   32.951  0.655   3      -0.200  0.200   191     657     81.7450646    83.4784351    701009.6169860  557136.5355380  701209.6169860  557336.5355380  
26      160     664     -1      1       81.6994829    83.7317778    0.000   0.338   37.668  0.654   3      -0.200  0.200   159     665     81.6969006    83.7337417    702609.6169860  563536.5355380  702809.6169860  563736.5355380  
27      456     664     -1      1       82.0284228    80.6709656    0.000   0.276   29.657  0.651   3      -0.200  0.200   455     665     82.0258583    80.6740020    702609.6169860  504336.5355380  702809.6169860  504536.5355380  
28      64      672     -1      1       81.5767092    84.6079052    0.000   0.353   38.479  0.712   3      -0.200  0.200   63      673     81.5741232    84.6095708    704209.6169860  582736.5355380  704409.6169860  582936.5355380  
29      128     672     -1      1       81.6511605    83.9842146    0.000   0.315   35.715  0.618   3      -0.200  0.200   127     673     81.6485771    83.9860887    704209.6169860  569936.5355380  704409.6169860  570136.5355380  
30      384     672     -1      1       81.9387193    81.3761901    0.000   0.343   40.189  0.681   3      -0.200  0.200   383     673     81.9361501    81.3789675    704209.6169860  518736.5355380  704409.6169860  518936.5355380  
31      264     680     -1      1       81.7943789    82.5586998    0.000   0.291   31.771  0.622   3      -0.200  0.200   263     681     81.7918026    82.5610564    705809.6169860  542736.5355380  706009.6169860  542936.5355380  
32      544     680     -1      1       82.0974410    79.5907088    0.000   0.315   35.989  0.663   3      -0.200  0.200   543     681     82.0948846    79.5941229    705809.6169860  486736.5355380  706009.6169860  486936.5355380  
33      704     688     -1      1       82.2482296    77.7336909    0.000   0.323   36.487  0.739   3      -0.200  0.200   703     689     82.2456894    77.7377837    707409.6169860  454736.5355380  707609.6169860  454936.5355380  
34      160     696     -1      1       81.6535471    83.4784545    0.000   0.306   34.498  0.656   3      -0.200  0.200   159     697     81.6509662    83.4804861    709009.6169860  563536.5355380  709209.6169860  563736.5355380  
35      192     696     -1      1       81.6899941    83.1601020    0.000   0.322   33.526  0.660   3      -0.200  0.200   191     697     81.6874148    83.1622417    709009.6169860  557136.5355380  709209.6169860  557336.5355380  
36      440     696     -1      1       81.9634997    80.5965541    0.000   0.318   34.573  0.642   3      -0.200  0.200   439     697     81.9609360    80.5995898    709009.6169860  507536.5355380  709209.6169860  507736.5355380  
37      128     704     -1      1       81.6053894    83.7309684    0.000   0.278   30.887  0.643   3      -0.200  0.200   127     705     81.6028074    83.7329104    710609.6169860  569936.5355380  710809.6169860  570136.5355380  
38      296     704     -1      1       81.7949322    82.0438818    0.000   0.323   30.059  0.624   3      -0.200  0.200   295     705     81.7923590    82.0464005    710609.6169860  536336.5355380  710809.6169860  536536.5355380  
39      408     704     -1      1       81.9172250    80.8757065    0.000   0.350   40.822  0.645   3      -0.200  0.200   407     705     81.9146593    80.8786359    710609.6169860  513936.5355380  710809.6169860  514136.5355380  
40      24      712     -1      1       81.4732706    84.6737363    0.000   0.294   28.163  0.218   1      -0.200  0.200   23      713     81.4706847    84.6753615    712209.6169860  590736.5355380  712409.6169860  590936.5355380  
41      264     712     -1      0       81.7476976    82.3090704    0.000   0.263   28.582  0.635   3      -0.200  0.000   263     712     81.7465840    82.3192477    712209.6169860  542736.5355380  712209.6169860  542936.5355380  
42      552     720     -1      1       82.0450882    79.2017582    0.000   0.316   28.787  0.623   3      -0.200  0.200   551     721     82.0425352    79.2052749    713809.6169860  485136.5355380  714009.6169860  485336.5355380  
43      800     720     -1      1       82.2920567    76.3897817    0.000   0.333   37.311  0.650   3      -0.200  0.200   799     721     82.2895300    76.3943407    713809.6169860  435536.5355380  714009.6169860  435736.5355380  
44      160     728     -1      1       81.6074531    83.2279184    0.000   0.324   34.634  0.659   3      -0.200  0.200   159     729     81.6048737    83.2300161    715409.6169860  563536.5355380  715609.6169860  563736.5355380  
45      832     728     -1      1       82.3099237    75.9573235    0.000   0.341   35.619  0.663   3      -0.200  0.200   831     729     82.3074016    75.9620354    715409.6169860  429136.5355380  715609.6169860  429336.5355380  
46      128     736     -1      1       81.5594593    83.4804830    0.000   0.311   33.737  0.670   3      -0.200  0.200   127     737     81.5568787    83.4824913    717009.6169860  569936.5355380  717209.6169860  570136.5355380  
47      584     736     -1      1       82.0535576    78.7304404    0.000   0.234   27.411  0.673   3      -0.200  0.200   583     737     82.0510087    78.7341126    717009.6169860  478736.5355380  717209.6169860  478936.5355380  
48      768     736     -1      1       82.2362335    76.6480478    0.000   0.353   41.957  0.688   3      -0.200  0.200   767     737     82.2337042    76.6524896    717009.6169860  441936.5355380  717209.6169860  442136.5355380  
49      864     736     -1      1       82.3273521    75.5228700    0.000   0.311   33.883  0.610   3      -0.200  0.200   863     737     82.3248349    75.5277357    717009.6169860  422736.5355380  717209.6169860  422936.5355380  
50      24      744     -1      1       81.4279572    84.4220808    0.000   0.262   25.474  0.350   2      -0.200  0.200   23      745     81.4253725    84.4237736    718609.6169860  590736.5355380  718809.6169860  590936.5355380  
51      96      744     -1      1       81.5113068    83.7301770    0.000   0.294   30.671  0.617   3      -0.200  0.200   95      745     81.5087251    83.7320977    718609.6169860  576336.5355380  718809.6169860  576536.5355380  
52      264     744     -1      1       81.7008647    82.0622631    0.000   0.270   29.389  0.591   3      -0.200  0.200   263     745     81.6982917    82.0647474    718609.6169860  542736.5355380  718809.6169860  542936.5355380  
53      432     744     -1      1       81.8831303    80.3176579    0.000   0.315   34.032  0.616   3      -0.200  0.200   431     745     81.8805688    80.3207517    718609.6169860  509136.5355380  718809.6169860  509336.5355380  
54      464     744     -1      1       81.9169787    79.9764885    0.000   0.346   37.158  0.657   3      -0.200  0.200   463     745     81.9144198    79.9797037    718609.6169860  502736.5355380  718809.6169860  502936.5355380  
55      688     744     -1      1       82.1456814    77.5074697    0.000   0.311   33.326  0.691   3      -0.200  0.200   687     745     82.1431437    77.5115822    718609.6169860  457936.5355380  718809.6169860  458136.5355380  
56      504     752     -1      1       81.9467731    79.4864995    0.000   0.267   32.093  0.631   3      -0.200  0.200   503     753     81.9442181    79.4898826    720209.6169860  494736.5355380  720409.6169860  494936.5355380  
57      616     752     -1      1       82.0614899    78.2581458    0.000   0.304   35.478  0.713   3      -0.200  0.200   615     753     82.0589453    78.2619736    720209.6169860  472336.5355380  720409.6169860  472536.5355380  
58      896     752     -1      1       82.3316102    75.0312144    0.000   0.302   33.137  0.568   3      -0.200  0.200   895     753     82.3290986    75.0362445    720209.6169860  416336.5355380  720409.6169860  416536.5355380  
59      56      760     -1      1       81.4423362    83.9916877    0.000   0.316   33.662  0.649   3      -0.200  0.200   55      761     81.4397534    83.9935137    721809.6169860  584336.5355380  722009.6169860  584536.5355380  
60      176     760     -1      1       81.5792560    82.8219782    0.000   0.312   31.021  0.620   3      -0.200  0.200   175     761     81.5766788    82.8241935    721809.6169860  560336.5355380  722009.6169860  560536.5355380  
61      216     760     -1      1       81.6241068    82.4236080    0.000   0.307   34.721  0.680   3      -0.200  0.200   215     761     81.6215319    82.4259581    721809.6169860  552336.5355380  722009.6169860  552536.5355380  
62      328     760     -1      1       81.7475111    81.2852857    0.000   0.292   32.402  0.686   3      -0.200  0.200   327     761     81.7449431    81.2880270    721809.6169860  529936.5355380  722009.6169860  530136.5355380  
63      928     760     -1      1       82.3480964    74.5934945    0.000   0.269   28.827  0.590   3      -0.200  0.200   927     761     82.3455900    74.5986793    721809.6169860  409936.5355380  722009.6169860  410136.5355380  
64      864     768     -1      1       82.2766211    75.3005955    0.000   0.356   40.799  0.669   3      -0.200  0.200   863     769     82.2741065    75.3055018    723409.6169860  422736.5355380  723609.6169860  422936.5355380  
65      88      776     -1      1       81.4562326    83.5598650    0.000   0.315   34.896  0.652   3      -0.200  0.200   87      777     81.4536519    83.5618249    725009.6169860  577936.5355380  725209.6169860  578136.5355380  
66      376     776     -1      1       81.7755261    80.6668541    0.000   0.264   28.398  0.627   3      -0.200  0.200   375     777     81.7729624    80.6697982    725009.6169860  520336.5355380  725209.6169860  520536.5355380  
67      576     776     -1      1       81.9842102    78.5254434    0.000   0.303   31.355  0.671   3      -0.200  0.200   575     777     81.9816634    78.5291491    725009.6169860  480336.5355380  725209.6169860  480536.5355380  
68      960     776     -1      1       82.3512885    74.1000820    0.000   0.319   34.610  0.632   3      -0.200  0.200   959     777     82.3487880    74.1054309    725009.6169860  403536.5355380  725209.6169860  403736.5355380  
69      632     784     -1      0       82.0282368    77.8483665    0.000   0.319   34.121  0.700   3      -0.200  0.000   631     784     82.0272399    77.8594958    726609.6169860  469136.5355380  726609.6169860  469336.5355380  
70      456     792     -1      1       81.8361969    79.7053333    0.000   0.282   30.979  0.601   3      -0.200  0.200   455     793     81.8336404    79.7086018    728209.6169860  504336.5355380  728409.6169860  504536.5355380  
71      528     792     -1      1       81.9107834    78.9325092    0.000   0.301   33.406  0.626   3      -0.200  0.200   527     793     81.9082332    78.9360526    728209.6169860  489936.5355380  728409.6169860  490136.5355380  
72      776     792     -1      1       82.1560423    76.1606725    0.000   0.345   36.473  0.684   3      -0.200  0.200   775     793     82.1535184    76.1652262    728209.6169860  440336.5355380  728409.6169860  440536.5355380  
73      160     800     -1      1       81.5031769    82.6742157    0.000   0.309   33.461  0.613   3      -0.200  0.200   159     801     81.5006008    82.6764561    729809.6169860  563536.5355380  730009.6169860  563736.5355380  
74      216     800     -1      1       81.5656414    82.1192656    0.000   0.329   37.825  0.644   3      -0.200  0.200   215     801     81.5630685    82.1216926    729809.6169860  552336.5355380  730009.6169860  552536.5355380  
75      408     800     -1      1       81.7736541    80.1534482    0.000   0.297   34.361  0.668   3      -0.200  0.200   407     801     81.7710943    80.1565520    729809.6169860  513936.5355380  730009.6169860  514136.5355380  
76      664     800     -1      1       82.0351636    77.3767826    0.000   0.293   27.378  0.598   3      -0.200  0.200   663     801     82.0326275    77.3808797    729809.6169860  462736.5355380  730009.6169860  462936.5355380  
77      824     800     -1      1       82.1886670    75.5492732    0.000   0.299   34.134  0.631   3      -0.200  0.200   823     801     82.1861498    75.5540437    729809.6169860  430736.5355380  730009.6169860  430936.5355380  
78      888     800     -1      1       82.2477960    74.7982635    0.000   0.304   35.385  0.684   3      -0.200  0.200   887     801     82.2452874    74.8033147    729809.6169860  417936.5355380  730009.6169860  418136.5355380  
79      928     800     -1      1       82.2840709    74.3230698    0.000   0.251   28.779  0.582   3      -0.200  0.200   927     801     82.2815679    74.3282994    729809.6169860  409936.5355380  730009.6169860  410136.5355380  
80      272     808     -1      1       81.6155021    81.4960458    0.000   0.289   30.231  0.645   3      -0.200  0.200   271     809     81.6129331    81.4986790    731409.6169860  541136.5355380  731609.6169860  541336.5355380  
81      368     808     -1      1       81.7191673    80.5117906    0.000   0.312   34.839  0.656   3      -0.200  0.200   367     809     81.7166049    80.5147628    731409.6169860  521936.5355380  731609.6169860  522136.5355380  
82      576     808     -1      1       81.9351254    78.2939919    0.000   0.328   34.833  0.663   3      -0.200  0.200   575     809     81.9325808    78.2977483    731409.6169860  480336.5355380  731609.6169860  480536.5355380  
83      856     808     -1      1       82.2056820    75.1207056    0.000   0.306   34.564  0.637   3      -0.200  0.200   855     809     82.2031698    75.1256253    731409.6169860  424336.5355380  731609.6169860  424536.5355380  
84      968     808     -1      1       82.3069279    73.7904161    0.000   0.285   31.151  0.615   3      -0.200  0.200   967     809     82.3044315    73.7958349    731409.6169860  401936.5355380  731609.6169860  402136.5355380  
85      24      816     -1      1       81.3254193    83.8655345    0.000   0.260   26.013  0.381   2      -0.200  0.200   23      817     81.3228375    83.8673735    733009.6169860  590736.5355380  733209.6169860  590936.5355380  
86      56      816     -1      1       81.3621675    83.5609573    0.000   0.285   33.603  0.627   3      -0.200  0.200   55      817     81.3595871    83.5628954    733009.6169860  584336.5355380  733209.6169860  584536.5355380  
87      96      816     -1      1       81.4077599    83.1765729    0.000   0.275   29.983  0.609   3      -0.200  0.200   95      817     81.4051814    83.1786371    733009.6169860  576336.5355380  733209.6169860  576536.5355380  
88      1064    816     -1      1       82.3773127    72.5710401    0.000   0.257   29.598  0.616   3      -0.200  0.200   1063    817     82.3748321    72.5769081    733009.6169860  382736.5355380  733209.6169860  382936.5355380  
89      480     824     -1      1       81.8126719    79.2158086    0.000   0.312   33.689  0.647   3      -0.200  0.200   479     825     81.8101195    79.2192208    734609.6169860  499536.5355380  734809.6169860  499736.5355380  
90      144     832     -1      1       81.4386956    82.5891925    0.000   0.289   31.223  0.589   3      -0.200  0.200   143     833     81.4361202    82.5914416    736209.6169860  566736.5355380  736409.6169860  566936.5355380  
91      320     832     -1      1       81.6319370    80.8289361    0.000   0.314   34.193  0.672   3      -0.200  0.200   319     833     81.6293726    80.8317797    736209.6169860  531536.5355380  736409.6169860  531736.5355380  
92      512     832     -1      1       81.8333784    78.8154292    0.000   0.344   40.486  0.722   3      -0.200  0.200   511     833     81.8308294    78.8189755    736209.6169860  493136.5355380  736409.6169860  493336.5355380  
93      704     832     -1      1       82.0243108    76.7024905    0.000   0.300   28.233  0.618   3      -0.200  0.200   703     833     82.0217816    76.7067967    736209.6169860  454736.5355380  736409.6169860  454936.5355380  
94      768     832     -1      1       82.0854844    75.9758160    0.000   0.346   39.549  0.712   3      -0.200  0.200   767     833     82.0829628    75.9803880    736209.6169860  441936.5355380  736409.6169860  442136.5355380  
95      888     832     -1      1       82.1966988    74.5830086    0.000   0.315   36.234  0.661   3      -0.200  0.200   887     833     82.1941929    74.5880960    736209.6169860  417936.5355380  736409.6169860  418136.5355380  
96      224     840     -1      1       81.5157431    81.7394272    0.000   0.327   34.939  0.589   3      -0.200  0.200   223     841     81.5131728    81.7419553    737809.6169860  550736.5355380  738009.6169860  550936.5355380  
97      264     840     -1      1       81.5594817    81.3383903    0.000   0.236   25.778  0.610   3      -0.200  0.200   263     841     81.5569139    81.3410541    737809.6169860  542736.5355380  738009.6169860  542936.5355380  
98      584     840     -1      0       81.8939241    77.9780023    0.000   0.281   30.627  0.693   3      -0.200  0.000   583     840     81.8929239    77.9889306    737809.6169860  478736.5355380  737809.6169860  478936.5355380  
99      24      848     -1      1       81.2795939    83.6224072    0.000   0.296   31.217  0.381   2      -0.200  0.200   23      849     81.2770135    83.6243087    739409.6169860  590736.5355380  739609.6169860  590936.5355380  
100     96      848     -1      1       81.3614913    82.9348119    0.000   0.308   33.802  0.596   3      -0.200  0.200   95      849     81.3589142    82.9369374    739409.6169860  576336.5355380  739609.6169860  576536.5355380  
101     360     848     -1      1       81.6507639    80.3002758    0.000   0.267   29.944  0.656   3      -0.200  0.200   359     849     81.6482033    80.3032886    739409.6169860  523536.5355380  739609.6169860  523736.5355380  
102     448     848     -1      1       81.7431194    79.3816480    0.000   0.221   28.162  0.651   3      -0.200  0.200   447     849     81.7405658    79.3849799    739409.6169860  505936.5355380  739609.6169860  506136.5355380  
103     1008    848     -2      1       82.2772523    73.0474291    0.000   0.294   31.250  0.605   3      -0.400  0.200   1006    849     82.2739009    73.0651328    739409.6169860  393936.5355380  739609.6169860  394336.5355380  
104     64      856     -1      1       81.3137038    83.1818245    0.000   0.307   33.123  0.645   3      -0.200  0.200   63      857     81.3111255    83.1838647    741009.6169860  582736.5355380  741209.6169860  582936.5355380  
105     616     856     -1      1       81.9010023    77.5143715    0.000   0.268   28.521  0.617   3      -0.200  0.200   615     857     81.8984652    77.5183573    741009.6169860  472336.5355380  741209.6169860  472536.5355380  
106     816     856     -1      1       82.0924562    75.2611056    0.000   0.346   39.171  0.722   3      -0.200  0.200   815     857     82.0899426    75.2659099    741009.6169860  432336.5355380  741209.6169860  432536.5355380  
107     968     856     -2      1       82.2294845    73.4761761    0.000   0.266   28.382  0.560   3      -0.400  0.200   966     857     82.2261156    73.4935847    741009.6169860  401936.5355380  741209.6169860  402336.5355380  
108     144     864     -1      1       81.3920570    82.3497461    0.000   0.311   33.791  0.629   3      -0.200  0.200   143     865     81.3894832    82.3520549    742609.6169860  566736.5355380  742809.6169860  566936.5355380  
109     496     864     -1      1       81.7681701    78.7575018    0.000   0.302   33.413  0.622   3      -0.200  0.200   495     865     81.7656219    78.7610380    742609.6169860  496336.5355380  742809.6169860  496536.5355380  
110     536     864     -1      1       81.8087766    78.3287287    0.000   0.318   36.296  0.677   3      -0.200  0.200   535     865     81.8062321    78.3324161    742609.6169860  488336.5355380  742809.6169860  488536.5355380  
111     648     864     -1      0       81.9200063    77.1054479    0.000   0.287   30.516  0.616   3      -0.200  0.000   647     864     81.9190295    77.1165187    742609.6169860  465936.5355380  742609.6169860  466136.5355380  
112     688     864     -1      1       81.9588282    76.6604123    0.000   0.260   32.340  0.648   3      -0.200  0.200   687     865     81.9562996    76.6646965    742609.6169860  457936.5355380  742809.6169860  458136.5355380  
113     720     864     -1      1       81.9895358    76.3012850    0.000   0.379   45.659  0.724   3      -0.200  0.200   719     865     81.9870109    76.3056993    742609.6169860  451536.5355380  742809.6169860  451736.5355380  
114     776     864     -1      1       82.0425138    75.6661732    0.000   0.290   34.418  0.675   3      -0.200  0.200   775     865     82.0399958    75.6708188    742609.6169860  440336.5355380  742809.6169860  440536.5355380  
115     888     864     -1      1       82.1454963    74.3705656    0.000   0.270   31.028  0.599   3      -0.200  0.200   887     865     82.1429931    74.3756876    742609.6169860  417936.5355380  742809.6169860  418136.5355380  
116     920     864     -2      1       82.1741741    73.9941746    0.000   0.292   32.604  0.590   3      -0.400  0.200   918     865     82.1707843    74.0112356    742609.6169860  411536.5355380  742809.6169860  411936.5355380  
117     208     872     -1      1       81.4510643    81.6613663    0.000   0.324   33.052  0.601   3      -0.200  0.200   207     873     81.4484947    81.6638988    744209.6169860  553936.5355380  744409.6169860  554136.5355380  
118     416     872     -1      0       81.6735049    79.5447064    0.000   0.259   25.415  0.614   3      -0.200  0.000   415     872     81.6724632    79.5551518    744209.6169860  512336.5355380  744209.6169860  512536.5355380  
119     176     880     -1      1       81.4041070    81.9180178    0.000   0.293   31.950  0.617   3      -0.200  0.200   175     881     81.4015359    81.9204594    745809.6169860  560336.5355380  746009.6169860  560536.5355380  
120     360     880     -1      1       81.6027242    80.0677323    0.000   0.261   30.295  0.675   3      -0.200  0.200   359     881     81.6001656    80.0707990    745809.6169860  523536.5355380  746009.6169860  523736.5355380  
121     40      888     -1      1       81.2402827    83.1707857    0.000   0.272   29.499  0.632   3      -0.200  0.200   39      889     81.2377047    83.1728121    747409.6169860  587536.5355380  747609.6169860  587736.5355380  
122     72      888     -1      1       81.2764684    82.8662868    0.000   0.256   25.997  0.563   3      -0.200  0.200   71      889     81.2738920    82.8684119    747409.6169860  581136.5355380  747609.6169860  581336.5355380  
123     616     888     -1      0       81.8513609    77.2914435    0.000   0.318   34.333  0.682   3      -0.200  0.000   615     888     81.8503793    77.3023983    747409.6169860  472336.5355380  747409.6169860  472536.5355380  
124     808     888     -1      1       82.0342339    75.1389064    0.000   0.294   35.405  0.608   3      -0.200  0.200   807     889     82.0317219    75.1437141    747409.6169860  433936.5355380  747609.6169860  434136.5355380  
125     1024    888     -2      1       82.2259533    72.6000139    0.000   0.332   36.443  0.622   3      -0.400  0.200   1022    889     82.2226208    72.6177933    747409.6169860  390736.5355380  747609.6169860  391136.5355380  
126     288     896     -1      0       81.5022029    80.6857979    0.000   0.266   26.219  0.614   3      -0.200  0.000   287     896     81.5011314    80.6958897    749009.6169860  537936.5355380  749009.6169860  538136.5355380  
127     504     896     -1      0       81.7273396    78.4455972    0.000   0.286   29.778  0.670   3      -0.200  0.000   503     896     81.7263270    78.4562477    749009.6169860  494736.5355380  749009.6169860  494936.5355380  
128     904     896     -2      1       82.1084768    73.9738792    0.000   0.332   37.852  0.716   3      -0.400  0.200   902     897     82.1050881    73.9908067    749009.6169860  414736.5355380  749209.6169860  415136.5355380  
129     984     896     -2      1       82.1786412    73.0286805    0.000   0.356   38.581  0.667   3      -0.400  0.200   982     897     82.1752910    73.0461685    749009.6169860  398736.5355380  749209.6169860  399136.5355380  
130     128     904     -1      1       81.3158206    82.2093374    0.000   0.300   30.796  0.580   3      -0.200  0.200   127     905     81.3132479    82.2116675    750609.6169860  569936.5355380  750809.6169860  570136.5355380  
131     208     904     -1      1       81.4038537    81.4266653    0.000   0.327   33.673  0.677   3      -0.200  0.200   207     905     81.4012858    81.4292542    750609.6169860  553936.5355380  750809.6169860  554136.5355380  
132     320     904     -1      1       81.5243643    80.3038285    0.000   0.260   26.948  0.619   3      -0.200  0.200   319     905     81.5218041    80.3067951    750609.6169860  531536.5355380  750809.6169860  531736.5355380  
133     472     904     -1      0       81.6825778    78.7286340    0.000   0.258   27.725  0.556   3      -0.200  0.000   471     904     81.6815577    78.7391923    750609.6169860  501136.5355380  750609.6169860  501336.5355380  
134     560     904     -1      0       81.7712385    77.7893010    0.000   0.283   29.652  0.615   3      -0.200  0.000   559     904     81.7702434    77.8000888    750609.6169860  483536.5355380  750609.6169860  483736.5355380  
135     240     912     -1      1       81.4267426    81.0510302    0.000   0.366   41.988  0.719   3      -0.200  0.200   239     913     81.4241772    81.0537389    752209.6169860  547536.5355380  752409.6169860  547736.5355380  
136     432     912     -1      1       81.6293905    79.0922871    0.000   0.211   23.994  0.591   3      -0.200  0.200   431     913     81.6268398    79.0956622    752209.6169860  509136.5355380  752409.6169860  509336.5355380  
137     952     912     -2      1       82.1249528    73.3066951    0.000   0.358   40.305  0.679   3      -0.400  0.200   950     913     82.1215913    73.3239447    752209.6169860  405136.5355380  752409.6169860  405536.5355380  
138     656     920     -1      0       81.8403838    76.6325079    0.000   0.307   34.395  0.676   3      -0.200  0.000   655     920     81.8394200    76.6435268    753809.6169860  464336.5355380  753809.6169860  464536.5355380  
139     720     920     -1      1       81.9014355    75.9218646    0.000   0.281   32.084  0.599   3      -0.200  0.200   719     921     81.8989150    75.9263493    753809.6169860  451536.5355380  754009.6169860  451736.5355380  
140     40      928     -1      1       81.1824336    82.8747815    0.000   0.247   25.984  0.550   3      -0.200  0.200   39      929     81.1798575    82.8768813    755409.6169860  587536.5355380  755609.6169860  587736.5355380  
141     88      928     -1      1       81.2362571    82.4182937    0.000   0.246   28.041  0.529   3      -0.200  0.200   87      929     81.2336834    82.4205411    755409.6169860  577936.5355380  755609.6169860  578136.5355380  
142     168     928     -1      1       81.3247191    81.6449401    0.000   0.327   36.783  0.659   3      -0.200  0.200   167     929     81.3221500    81.6474405    755409.6169860  561936.5355380  755609.6169860  562136.5355380  
143     272     928     -1      1       81.4373243    80.6158612    0.000   0.302   32.723  0.635   3      -0.200  0.200   271     929     81.4347620    80.6187039    755409.6169860  541136.5355380  755609.6169860  541336.5355380  
144     360     928     -1      0       81.5304153    79.7238895    0.000   0.262   27.297  0.654   3      -0.200  0.000   359     928     81.5293690    79.7341356    755409.6169860  523536.5355380  755409.6169860  523736.5355380  
145     688     928     -1      1       81.8584990    76.2246443    0.000   0.267   31.582  0.632   3      -0.200  0.200   687     929     81.8559753    76.2290113    755409.6169860  457936.5355380  755609.6169860  458136.5355380  
146     856     928     -2      1       82.0141487    74.3242455    0.000   0.275   32.163  0.673   3      -0.400  0.200   854     929     82.0107462    74.3408231    755409.6169860  424336.5355380  755609.6169860  424736.5355380  
147     904     928     -2      1       82.0569763    73.7677568    0.000   0.356   39.944  0.683   3      -0.400  0.200   902     929     82.0535961    73.7846622    755409.6169860  414736.5355380  755609.6169860  415136.5355380  
148     1032    928     -2      1       82.1674683    72.2544968    0.000   0.339   35.748  0.644   3      -0.400  0.200   1030    929     82.1641506    72.2722902    755409.6169860  389136.5355380  755609.6169860  389536.5355380  
149     624     936     -1      0       81.7844481    76.8748748    0.000   0.332   36.960  0.719   3      -0.200  0.000   623     936     81.7834778    76.8857898    757009.6169860  470736.5355380  757009.6169860  470936.5355380  
150     984     936     -2      1       82.1136702    72.7769358    0.000   0.321   34.743  0.619   3      -0.400  0.200   982     937     82.1103307    72.7943864    757009.6169860  398736.5355380  757209.6169860  399136.5355380  
151     752     944     -1      1       81.8934886    75.4035350    0.000   0.320   37.731  0.597   3      -0.200  0.200   751     945     81.8909740    75.4081767    758609.6169860  445136.5355380  758809.6169860  445336.5355380  
152     520     952     -1      0       81.6573064    77.8859114    0.000   0.346   39.887  0.764   3      -0.200  0.000   519     952     81.6563088    77.8965398    760209.6169860  491536.5355380  760209.6169860  491736.5355380  
153     24      960     -1      1       81.1180233    82.7913788    0.000   0.271   28.160  0.541   3      -0.200  0.200   23      961     81.1154479    82.7934876    761809.6169860  590736.5355380  762009.6169860  590936.5355380  
154     576     960     -1      0       81.7002816    77.2322693    0.000   0.356   39.233  0.723   3      -0.200  0.000   575     960     81.6993017    77.2430311    761809.6169860  480336.5355380  761809.6169860  480536.5355380  
155     832     960     -2      1       81.9412761    74.3930852    0.000   0.267   28.572  0.670   3      -0.400  0.200   830     961     81.9378711    74.4094833    761809.6169860  429136.5355380  762009.6169860  429536.5355380  
156     864     960     -2      1       81.9699716    74.0263760    0.000   0.379   44.156  0.732   3      -0.400  0.200   862     961     81.9665813    74.0429884    761809.6169860  422736.5355380  762009.6169860  423136.5355380  
157     912     960     -2      1       82.0123965    73.4713942    0.000   0.403   47.130  0.715   3      -0.400  0.200   910     961     82.0090286    73.4883306    761809.6169860  413136.5355380  762009.6169860  413536.5355380  
158     432     968     -1      1       81.5440143    78.7002914    0.000   0.205   25.706  0.662   3      -0.200  0.200   431     969     81.5414672    78.7037509    763409.6169860  509136.5355380  763609.6169860  509336.5355380  
159     672     968     -1      0       81.7804061    76.1340178    0.000   0.278   30.194  0.668   3      -0.200  0.000   671     968     81.7794561    76.1450142    763409.6169860  461136.5355380  763409.6169860  461336.5355380  
160     960     968     -2      1       82.0410736    72.8608253    0.000   0.359   39.917  0.669   3      -0.400  0.200   958     969     82.0377309    72.8780810    763409.6169860  403536.5355380  763609.6169860  403936.5355380  
161     1040    968     -2      1       82.1087075    71.9141286    0.000   0.329   36.415  0.668   3      -0.400  0.200   1038    969     82.1054045    71.9319323    763409.6169860  387536.5355380  763609.6169860  387936.5355380  
162     72      976     -1      1       81.1483718    82.2219770    0.000   0.168   19.275  0.491   3      -0.200  0.200   71      977     81.1457996    82.2242592    765009.6169860  581136.5355380  765209.6169860  581336.5355380  
163     240     976     -1      1       81.3314519    80.5922472    0.000   0.269   27.711  0.617   3      -0.200  0.200   239     977     81.3288901    80.5950621    765009.6169860  547536.5355380  765209.6169860  547736.5355380  
164     112     984     -1      1       81.1808372    81.7827097    0.000   0.281   28.055  0.601   3      -0.200  0.200   111     985     81.1782676    81.7851289    766609.6169860  573136.5355380  766809.6169860  573336.5355380  
165     160     984     -1      1       81.2333169    81.3196938    0.000   0.285   28.613  0.659   3      -0.200  0.200   159     985     81.2307503    81.3222637    766609.6169860  563536.5355380  766809.6169860  563736.5355380  
166     192     984     -1      1       81.2679853    81.0079261    0.000   0.327   33.172  0.656   3      -0.200  0.200   191     985     81.2654207    81.0105981    766609.6169860  557136.5355380  766809.6169860  557336.5355380  
167     344     984     -1      1       81.4290813    79.4929102    0.000   0.270   29.652  0.608   3      -0.200  0.200   343     985     81.4265278    79.4960864    766609.6169860  526736.5355380  766809.6169860  526936.5355380  
168     640     984     -1      0       81.7247764    76.3779980    0.000   0.231   25.037  0.558   3      -0.200  0.000   639     984     81.7238197    76.3888921    766609.6169860  467536.5355380  766609.6169860  467736.5355380  
169     744     984     -2      1       81.8226266    75.2312026    0.000   0.244   26.069  0.554   3      -0.400  0.200   742     985     81.8191888    75.2470105    766609.6169860  446736.5355380  766809.6169860  447136.5355380  
170     800     984     -2      1       81.8739424    74.6023540    0.000   0.263   27.258  0.702   3      -0.400  0.200   798     985     81.8705293    74.6185278    766609.6169860  435536.5355380  766809.6169860  435936.5355380  
171     992     984     -2      1       82.0422881    72.3860867    0.000   0.354   39.717  0.627   3      -0.400  0.200   990     985     82.0389653    72.4035444    766609.6169860  397136.5355380  766809.6169860  397536.5355380  
172     296     992     -1      1       81.3668180    79.9213704    0.000   0.203   24.696  0.602   3      -0.200  0.200   295     993     81.3642612    79.9243965    768209.6169860  536336.5355380  768409.6169860  536536.5355380  
173     392     992     -1      0       81.4665055    78.9473016    0.000   0.268   28.489  0.563   3      -0.200  0.000   391     992     81.4654798    78.9575654    768209.6169860  517136.5355380  768209.6169860  517336.5355380  
174     552     992     -1      0       81.6270443    77.2730592    0.000   0.340   36.412  0.662   3      -0.200  0.000   551     992     81.6260633    77.2837218    768209.6169860  485136.5355380  768209.6169860  485336.5355380  
175     608     992     -1      0       81.6815132    76.6719497    0.000   0.282   29.635  0.684   3      -0.200  0.000   607     992     81.6805486    76.6827529    768209.6169860  473936.5355380  768209.6169860  474136.5355380  
176     448     1000    -1      0       81.5112319    78.3138351    0.000   0.285   31.659  0.646   3      -0.200  0.000   447     1000    81.5102231    78.3242293    769809.6169860  505936.5355380  769809.6169860  506136.5355380  
177     480     1000    -1      1       81.5433671    77.9799098    0.000   0.318   35.921  0.668   3      -0.200  0.200   479     1001    81.5408266    77.9835863    769809.6169860  499536.5355380  770009.6169860  499736.5355380  
178     672     1000    -2      0       81.7300306    75.9227357    0.000   0.223   24.225  0.520   3      -0.400  0.000   670     1000    81.7281420    75.9446402    769809.6169860  461136.5355380  769809.6169860  461536.5355380  
179     928     1000    -2      1       81.9615673    73.0360501    0.000   0.380   42.317  0.704   3      -0.400  0.200   926     1001    81.9582176    73.0530615    769809.6169860  409936.5355380  770009.6169860  410336.5355380  
180     80      1008    -1      1       81.1103537    81.9164218    0.000   0.270   28.450  0.613   3      -0.200  0.200   79      1009    81.1077836    81.9187830    771409.6169860  579536.5355380  771609.6169860  579736.5355380  
181     888     1008    -2      1       81.9138369    73.4480771    0.000   0.340   38.557  0.682   3      -0.400  0.200   886     1009    81.9104704    73.4648162    771409.6169860  417936.5355380  771609.6169860  418336.5355380  
182     48      1016    -1      1       81.0632508    82.1619035    0.000   0.287   29.049  0.638   3      -0.200  0.200   47      1017    81.0606793    82.1641813    773009.6169860  585936.5355380  773209.6169860  586136.5355380  
183     112     1024    -1      1       81.1219182    81.4978764    0.000   0.295   30.428  0.605   3      -0.200  0.200   111     1025    81.1193507    81.5003621    774609.6169860  573136.5355380  774809.6169860  573336.5355380  
184     152     1024    -1      1       81.1653945    81.1135905    0.000   0.317   37.337  0.630   3      -0.200  0.200   151     1025    81.1628295    81.1162006    774609.6169860  565136.5355380  774809.6169860  565336.5355380  
185     304     1024    -1      0       81.3269287    79.6184967    0.000   0.202   21.700  0.587   3      -0.200  0.000   303     1024    81.3258855    79.6285144    774609.6169860  534736.5355380  774609.6169860  534936.5355380  
186     536     1024    -1      0       81.5616544    77.2285293    0.000   0.333   34.968  0.643   3      -0.200  0.000   535     1024    81.5606748    77.2391142    774609.6169860  488336.5355380  774609.6169860  488536.5355380  
187     224     1032    -1      1       81.2306720    80.3564772    0.000   0.269   28.180  0.585   3      -0.200  0.200   223     1033    81.2281123    80.3593287    776209.6169860  550736.5355380  776409.6169860  550936.5355380  
188     360     1032    -1      1       81.3727536    78.9988097    0.000   0.301   32.529  0.612   3      -0.200  0.200   359     1033    81.3702045    79.0021117    776209.6169860  523536.5355380  776409.6169860  523736.5355380  
189     408     1032    -1      1       81.4217280    78.5089609    0.000   0.292   32.582  0.657   3      -0.200  0.200   407     1033    81.4191830    78.5124278    776209.6169860  513936.5355380  776409.6169860  514136.5355380  
190     648     1032    -2      1       81.6569442    75.9751946    0.000   0.299   32.280  0.634   3      -0.400  0.200   646     1033    81.6534782    75.9903788    776209.6169860  465936.5355380  776409.6169860  466336.5355380  
191     680     1032    -2      0       81.6870436    75.6266501    0.000   0.275   29.959  0.662   3      -0.400  0.000   678     1032    81.6851714    75.6485082    776209.6169860  459536.5355380  776209.6169860  459936.5355380  
192     760     1032    -2      1       81.7609385    74.7442237    0.000   0.324   34.480  0.749   3      -0.400  0.200   758     1033    81.7575202    74.7601161    776209.6169860  443536.5355380  776409.6169860  443936.5355380  
193     816     1032    -2      1       81.8114920    74.1171184    0.000   0.368   41.339  0.673   3      -0.400  0.200   814     1033    81.8080987    74.1333707    776209.6169860  432336.5355380  776409.6169860  432736.5355380  
194     928     1032    -2      1       81.9096202    72.8397023    0.000   0.350   39.819  0.650   3      -0.400  0.200   926     1033    81.9062789    72.8566856    776209.6169860  409936.5355380  776409.6169860  410336.5355380  
195     984     1032    -2      1       81.9571578    72.1894288    0.000   0.310   35.872  0.729   3      -0.400  0.200   982     1033    81.9538437    72.2067826    776209.6169860  398736.5355380  776409.6169860  399136.5355380  
196     472     1040    -1      1       81.4737002    77.7933606    0.000   0.302   35.403  0.674   3      -0.200  0.200   471     1041    81.4711617    77.7970627    777809.6169860  501136.5355380  778009.6169860  501336.5355380  
197     504     1040    -1      0       81.5053854    77.4589627    0.000   0.305   32.018  0.655   3      -0.200  0.000   503     1040    81.5043996    77.4694505    777809.6169860  494736.5355380  777809.6169860  494936.5355380  
198     616     1040    -2      1       81.6139840    76.2688436    0.000   0.258   29.141  0.659   3      -0.400  0.200   614     1041    81.6105070    76.2838279    777809.6169860  472336.5355380  778009.6169860  472736.5355380  
199     24      1048    0       1       80.9898353    82.1595149    0.000   0.259   25.332  0.612   3      0.000   0.200   24      1049    80.9883726    82.1524385    779409.6169860  590736.5355380  779609.6169860  590736.5355380  
200     192     1048    -1      1       81.1726674    80.5578921    0.000   0.310   32.146  0.669   3      -0.200  0.200   191     1049    81.1701064    80.5606662    779409.6169860  557136.5355380  779609.6169860  557336.5355380  
201     104     1056    -1      1       81.0659354    81.3489500    0.000   0.283   32.433  0.585   3      -0.200  0.200   103     1057    81.0633691    81.3514630    781009.6169860  574736.5355380  781209.6169860  574936.5355380  
202     152     1056    -1      1       81.1178721    80.8894016    0.000   0.282   31.526  0.643   3      -0.200  0.200   151     1057    81.1153088    80.8920626    781009.6169860  565136.5355380  781209.6169860  565336.5355380  
203     280     1056    -1      1       81.2535434    79.6374660    0.000   0.307   36.886  0.648   3      -0.200  0.200   279     1057    81.2509893    79.6405359    781009.6169860  539536.5355380  781209.6169860  539736.5355380  
204     248     1064    -1      1       81.2079763    79.8990399    0.000   0.276   31.064  0.636   3      -0.200  0.200   247     1065    81.2054203    79.9020176    782609.6169860  545936.5355380  782809.6169860  546136.5355380  
205     680     1064    -2      1       81.6364090    75.4208117    0.000   0.290   29.477  0.586   3      -0.400  0.200   678     1065    81.6329646    75.4361883    782609.6169860  459536.5355380  782809.6169860  459936.5355380  
206     864     1064    -2      1       81.8023589    73.3762639    0.000   0.325   36.008  0.730   3      -0.400  0.200   862     1065    81.7989958    73.3928043    782609.6169860  422736.5355380  782809.6169860  423136.5355380  
207     384     1072    -1      1       81.3361552    78.4837147    0.000   0.402   47.666  0.702   3      -0.200  0.200   383     1073    81.3336108    78.4871547    784209.6169860  518736.5355380  784409.6169860  518936.5355380  
208     560     1072    -2      1       81.5101669    76.6576071    0.000   0.200   21.478  0.461   3      -0.400  0.200   558     1073    81.5066756    76.6722475    784209.6169860  483536.5355380  784409.6169860  483936.5355380  
209     728     1072    -2      1       81.6679620    74.8448435    0.000   0.335   39.083  0.735   3      -0.400  0.200   726     1073    81.6645401    74.8605165    784209.6169860  449936.5355380  784409.6169860  450336.5355380  
210     48      1080    -1      1       80.9693596    81.7099401    0.000   0.261   26.348  0.567   3      -0.200  0.200   47      1081    80.9667913    81.7123232    785809.6169860  585936.5355380  786009.6169860  586136.5355380  
211     216     1080    -1      1       81.1502206    80.1029422    0.000   0.290   31.443  0.632   3      -0.200  0.200   215     1081    81.1476632    80.1058413    785809.6169860  552336.5355380  786009.6169860  552536.5355380  
212     352     1080    -1      1       81.2913927    78.7537974    0.000   0.362   38.164  0.648   3      -0.200  0.200   351     1081    81.2888460    78.7571404    785809.6169860  525136.5355380  786009.6169860  525336.5355380  
213     632     1080    -2      1       81.5662027    75.8376420    0.000   0.261   28.555  0.583   3      -0.400  0.200   630     1081    81.5627424    75.8527190    785809.6169860  469136.5355380  786009.6169860  469536.5355380  
214     960     1080    -2      1       81.8585565    72.1818426    0.000   0.352   40.039  0.664   3      -0.400  0.200   958     1081    81.8552431    72.1989887    785809.6169860  403536.5355380  786009.6169860  403936.5355380  
215     96      1088    -1      1       81.0098973    81.2018865    0.000   0.288   29.648  0.577   3      -0.200  0.200   95      1089    81.0073322    81.2044259    787409.6169860  576336.5355380  787609.6169860  576536.5355380  
216     136     1088    -1      1       81.0530627    80.8209987    0.000   0.251   28.502  0.623   3      -0.200  0.200   135     1089    81.0505002    80.8236600    787409.6169860  568336.5355380  787609.6169860  568536.5355380  
217     184     1088    -1      1       81.1043390    80.3590603    0.000   0.271   30.556  0.629   3      -0.200  0.200   183     1089    81.1017798    80.3618704    787409.6169860  558736.5355380  787609.6169860  558936.5355380  
218     280     1088    -1      1       81.2051435    79.4191137    0.000   0.274   32.271  0.636   3      -0.200  0.200   279     1089    81.2025914    79.4222304    787409.6169860  539536.5355380  787609.6169860  539736.5355380  
219     464     1088    -1      1       81.3915725    77.5569646    0.000   0.293   32.739  0.610   3      -0.200  0.200   463     1089    81.3890366    77.5607012    787409.6169860  502736.5355380  787609.6169860  502936.5355380  
220     920     1088    -2      1       81.8116989    72.5936413    0.000   0.364   40.978  0.708   3      -0.400  0.200   918     1089    81.8083684    72.6105214    787409.6169860  411536.5355380  787609.6169860  411936.5355380  
221     992     1088    -2      1       81.8721246    71.7644701    0.000   0.357   41.708  0.723   3      -0.400  0.200   990     1089    81.8688289    71.7818152    787409.6169860  397136.5355380  787609.6169860  397536.5355380  
222     248     1096    -1      1       81.1597317    79.6803803    0.000   0.265   28.902  0.620   3      -0.200  0.200   247     1097    81.1571776    79.6834052    789009.6169860  545936.5355380  789209.6169860  546136.5355380  
223     432     1096    -1      1       81.3474702    77.8335702    0.000   0.404   47.244  0.753   3      -0.200  0.200   431     1097    81.3449318    77.8372063    789009.6169860  509136.5355380  789209.6169860  509336.5355380  
224     880     1096    -2      1       81.7644272    73.0007179    0.000   0.358   41.106  0.674   3      -0.400  0.200   878     1097    81.7610798    73.0173353    789009.6169860  419536.5355380  789209.6169860  419936.5355380  
225     312     1104    -1      1       81.2138770    78.9932063    0.000   0.285   33.647  0.607   3      -0.200  0.200   311     1105    81.2113285    78.9964500    790609.6169860  533136.5355380  790809.6169860  533336.5355380  
226     576     1104    -2      1       81.4753818    76.2808612    0.000   0.205   21.484  0.539   3      -0.400  0.200   574     1105    81.4719049    76.2955962    790609.6169860  480336.5355380  790809.6169860  480736.5355380  
227     712     1104    -2      1       81.6023523    74.8191039    0.000   0.302   33.639  0.733   3      -0.400  0.200   710     1105    81.5989318    74.8346647    790609.6169860  453136.5355380  790809.6169860  453536.5355380  
228     744     1104    -2      1       81.6314242    74.4687611    0.000   0.324   37.109  0.713   3      -0.400  0.200   742     1105    81.6280175    74.4845194    790609.6169860  446736.5355380  790809.6169860  447136.5355380  
229     56      1112    0       1       80.9309343    81.4126130    0.000   0.259   28.036  0.606   3      0.000   0.200   56      1113    80.9294574    81.4057042    792209.6169860  584336.5355380  792409.6169860  584336.5355380  
230     392     1112    -1      1       81.2828438    78.1355944    0.000   0.396   44.887  0.770   3      -0.200  0.200   391     1113    81.2803027    78.1391152    792209.6169860  517136.5355380  792409.6169860  517336.5355380  
231     496     1112    -2      1       81.3857363    77.0680376    0.000   0.214   28.584  0.685   3      -0.400  0.200   494     1113    81.3822301    77.0822987    792209.6169860  496336.5355380  792409.6169860  496736.5355380  
232     528     1112    -2      2       81.4167893    76.7344310    0.000   0.302   34.479  0.612   3      -0.400  0.400   526     1114    81.4117339    76.7424108    792209.6169860  489936.5355380  792609.6169860  490336.5355380  
233     840     1112    -2      1       81.7038188    73.3546726    0.000   0.316   35.399  0.657   3      -0.400  0.200   838     1113    81.7004570    73.3710248    792209.6169860  427536.5355380  792409.6169860  427936.5355380  
234     960     1112    -2      1       81.8062128    71.9934296    0.000   0.343   39.157  0.692   3      -0.400  0.200   958     1113    81.8029076    72.0105422    792209.6169860  403536.5355380  792409.6169860  403936.5355380  
235     176     1120    -1      1       81.0479117    80.2176091    0.000   0.271   29.323  0.613   3      -0.200  0.200   175     1121    81.0453537    80.2204421    793809.6169860  560336.5355380  794009.6169860  560536.5355380  
236     616     1120    -2      1       81.4880531    75.7537017    0.000   0.299   32.739  0.661   3      -0.400  0.200   614     1121    81.4845964    75.7686741    793809.6169860  472336.5355380  794009.6169860  472736.5355380  
237     672     1120    -2      1       81.5401804    75.1529801    0.000   0.380   44.954  0.736   3      -0.400  0.200   670     1121    81.5367469    75.1682905    793809.6169860  461136.5355380  794009.6169860  461536.5355380  
238     992     1120    -2      1       81.8195869    71.5784301    0.000   0.363   42.446  0.668   3      -0.400  0.200   990     1121    81.8162995    71.5957385    793809.6169860  397136.5355380  794009.6169860  397536.5355380  
239     24      1128    0       1       80.8723982    81.6006138    0.000   0.276   28.285  0.624   3      0.000   0.200   24      1129    80.8709249    81.5937190    795409.6169860  590736.5355380  795609.6169860  590736.5355380  
240     112     1128    -1      1       80.9677516    80.7748318    0.000   0.219   23.068  0.536   3      -0.200  0.200   111     1129    80.9651897    80.7774811    795409.6169860  573136.5355380  795609.6169860  573336.5355380  
241     144     1128    -1      1       81.0019585    80.4702154    0.000   0.226   22.910  0.557   3      -0.200  0.200   143     1129    80.9993987    80.4729617    795409.6169860  566736.5355380  795609.6169860  566936.5355380  
242     256     1128    -1      1       81.1196650    79.3856876    0.000   0.278   27.534  0.613   3      -0.200  0.200   255     1129    81.1171134    79.3887837    795409.6169860  544336.5355380  795609.6169860  544536.5355380  
243     360     1128    -1      1       81.2260684    78.3528082    0.000   0.401   44.191  0.795   3      -0.200  0.200   359     1129    81.2235255    78.3562430    795409.6169860  523536.5355380  795609.6169860  523736.5355380  
244     424     1128    -1      1       81.2901149    77.7047251    0.000   0.403   46.479  0.780   3      -0.200  0.200   423     1129    81.2875778    77.7083749    795409.6169860  510736.5355380  795609.6169860  510936.5355380  
245     872     1128    -2      1       81.7056102    72.8993711    0.000   0.346   37.624  0.695   3      -0.400  0.200   870     1129    81.7022673    72.9159114    795409.6169860  421136.5355380  795609.6169860  421536.5355380  
246     320     1136    -1      1       81.1732665    78.6998605    0.000   0.373   41.867  0.741   3      -0.200  0.200   319     1137    81.1707206    78.7031742    797009.6169860  531536.5355380  797209.6169860  531736.5355380  
247     720     1136    -2      1       81.5585614    74.5332181    0.000   0.346   41.025  0.708   3      -0.400  0.200   718     1137    81.5551524    74.5488139    797009.6169860  451536.5355380  797209.6169860  451936.5355380  
248     64      1144    0       1       80.8922698    81.1178126    0.000   0.246   24.786  0.556   3      0.000   0.200   64      1145    80.8907873    81.1109813    798609.6169860  582736.5355380  798809.6169860  582736.5355380  
249     392     1144    -1      1       81.2335881    77.9249176    0.000   0.409   46.998  0.782   3      -0.200  0.200   391     1145    81.2310491    77.9284798    798609.6169860  517136.5355380  798809.6169860  517336.5355380  
250     512     1144    -2      2       81.3513586    76.6950755    0.000   0.204   21.355  0.521   3      -0.400  0.400   510     1146    81.3463044    76.7030178    798609.6169860  493136.5355380  799009.6169860  493536.5355380  
251     928     1144    -2      1       81.7271061    72.1720099    0.000   0.325   35.882  0.709   3      -0.400  0.200   926     1145    81.7237936    72.1888867    798609.6169860  409936.5355380  798809.6169860  410336.5355380  
252     216     1152    0       0       81.0417730    79.6149830    0.000   0.229   22.887  0.586   3      0.000   0.000   216     1152    81.0417730    79.6149830    800209.6169860  552336.5355380  800209.6169860  552336.5355380  
253     672     1152    -2      1       81.4893116    74.9535431    0.000   0.381   45.144  0.760   3      -0.400  0.200   670     1153    81.4858861    74.9688423    800209.6169860  461136.5355380  800409.6169860  461536.5355380  
254     824     1152    -2      1       81.6251951    73.2926752    0.000   0.341   39.511  0.700   3      -0.400  0.200   822     1153    81.6218362    73.3088983    800209.6169860  430736.5355380  800409.6169860  431136.5355380  
255     960     1152    -2      1       81.7406653    71.7612858    0.000   0.375   45.025  0.705   3      -0.400  0.200   958     1153    81.7373703    71.7783552    800209.6169860  403536.5355380  800409.6169860  403936.5355380  
256     264     1160    0       0       81.0793685    79.0936599    0.000   0.275   30.114  0.590   3      0.000   0.000   264     1160    81.0793685    79.0936599    801809.6169860  542736.5355380  801809.6169860  542736.5355380  
257     424     1160    -2      2       81.2406199    77.4963134    0.000   0.146   15.344  0.480   3      -0.400  0.400   422     1162    81.2355502    77.5036905    801809.6169860  510736.5355380  802209.6169860  511136.5355380  
258     32      1168    0       1       80.8220565    81.2524225    0.000   0.313   34.353  0.645   3      0.000   0.200   32      1169    80.8205767    81.2456219    803409.6169860  589136.5355380  803609.6169860  589136.5355380  
259     376     1176    -1      1       81.1683087    77.8775390    0.000   0.352   38.664  0.724   3      -0.200  0.200   375     1177    81.1657705    77.8810884    805009.6169860  520336.5355380  805209.6169860  520536.5355380  
260     464     1176    -3      3       81.2549515    76.9851890    0.000   0.382   42.945  0.727   3      -0.600  0.600   461     1179    81.2473622    76.9967149    805009.6169860  502736.5355380  805609.6169860  503336.5355380  
261     616     1176    -2      1       81.3995154    75.4021284    0.000   0.274   30.434  0.632   3      -0.400  0.200   614     1177    81.3960728    75.4170877    805009.6169860  472336.5355380  805209.6169860  472736.5355380  
262     720     1176    -2      1       81.4945658    74.2884265    0.000   0.336   38.169  0.753   3      -0.400  0.200   718     1177    81.4911669    74.3040028    805009.6169860  451536.5355380  805209.6169860  451936.5355380  
263     752     1176    -2      1       81.5231606    73.9407524    0.000   0.327   36.412  0.642   3      -0.400  0.200   750     1177    81.5197756    73.9565211    805009.6169860  445136.5355380  805209.6169860  445536.5355380  
264     792     1176    -2      1       81.5584649    73.5028570    0.000   0.299   33.801  0.683   3      -0.400  0.200   790     1177    81.5550976    73.5188675    805009.6169860  437136.5355380  805209.6169860  437536.5355380  
265     920     1176    -2      1       81.6680879    72.0769995    0.000   0.313   34.352  0.688   3      -0.400  0.200   918     1177    81.6647798    72.0937943    805009.6169860  411536.5355380  805209.6169860  411936.5355380  
266     80      1184    0       1       80.8500360    80.6966611    0.000   0.161   15.266  0.309   2      0.000   0.200   80      1185    80.8485458    80.6899302    806609.6169860  579536.5355380  806809.6169860  579536.5355380  
267     248     1192    0       0       81.0142631    79.0385852    0.000   0.350   38.633  0.715   3      0.000   0.000   248     1192    81.0142631    79.0385852    808209.6169860  545936.5355380  808209.6169860  545936.5355380  
268     344     1192    -1      1       81.1116914    78.0935974    0.000   0.368   41.515  0.758   3      -0.200  0.200   343     1193    81.1091513    78.0970622    808209.6169860  526736.5355380  808409.6169860  526936.5355380  
269     528     1192    -3      3       81.2915119    76.2242366    0.000   0.302   32.298  0.645   3      -0.600  0.600   525     1195    81.2839461    76.2364751    808209.6169860  489936.5355380  808809.6169860  490536.5355380  
270     576     1192    -3      3       81.3368697    75.7239358    0.000   0.214   21.066  0.452   3      -0.600  0.600   573     1195    81.3293200    75.7366762    808209.6169860  480336.5355380  808809.6169860  480936.5355380  
271     688     1192    -2      1       81.4401102    74.5361574    0.000   0.350   39.607  0.758   3      -0.400  0.200   686     1193    81.4367015    74.5515356    808209.6169860  457936.5355380  808409.6169860  458336.5355380  
272     960     1200    -2      1       81.6618399    71.4875522    0.000   0.336   39.157  0.688   3      -0.400  0.200   958     1201    81.6585570    71.5045681    809809.6169860  403536.5355380  810009.6169860  403936.5355380  
273     632     1208    -2      2       81.3635272    75.0354159    0.000   0.229   22.937  0.585   3      -0.400  0.400   630     1210    81.3585097    75.0443402    811409.6169860  469136.5355380  811809.6169860  469536.5355380  
274     288     1216    -1      1       81.0184470    78.4910414    0.000   0.289   29.779  0.582   3      -0.200  0.200   287     1217    81.0159036    78.4943572    813009.6169860  537936.5355380  813209.6169860  538136.5355380  
275     456     1216    -2      3       81.1848457    76.8126844    0.000   0.350   41.190  0.708   3      -0.400  0.600   454     1219    81.1782302    76.8140982    813009.6169860  504336.5355380  813609.6169860  504736.5355380  
276     864     1216    -2      1       81.5556484    72.4728525    0.000   0.315   35.868  0.658   3      -0.400  0.200   862     1217    81.5523239    72.4892671    813009.6169860  422736.5355380  813209.6169860  423136.5355380  
277     248     1224    0       0       80.9655355    78.8292736    0.000   0.337   36.464  0.692   3      0.000   0.000   248     1224    80.9655355    78.8292736    814609.6169860  545936.5355380  814609.6169860  545936.5355380  
278     912     1224    -2      1       81.5828523    71.8922515    0.000   0.345   39.937  0.664   3      -0.400  0.200   910     1225    81.5795523    71.9089485    814609.6169860  413136.5355380  814809.6169860  413536.5355380  
279     336     1232    -2      3       81.0421196    77.9151825    0.000   0.270   28.900  0.575   3      -0.400  0.600   334     1235    81.0355024    77.9157568    816209.6169860  528336.5355380  816809.6169860  528736.5355380  
280     384     1232    -2      3       81.0896870    77.4377247    0.000   0.418   52.165  0.724   3      -0.400  0.600   382     1235    81.0830704    77.4386578    816209.6169860  518736.5355380  816809.6169860  519136.5355380  
281     560     1232    -2      3       81.2587186    75.6432257    0.000   0.291   30.914  0.636   3      -0.400  0.600   558     1235    81.2521083    75.6455388    816209.6169860  483536.5355380  816809.6169860  483936.5355380  
282     752     1232    -2      1       81.4330160    73.6067422    0.000   0.312   36.176  0.692   3      -0.400  0.200   750     1233    81.4296450    73.6224766    816209.6169860  445136.5355380  816409.6169860  445536.5355380  
283     416     1240    -2      3       81.1086136    77.0660776    0.000   0.380   44.042  0.717   3      -0.400  0.600   414     1243    81.1019979    77.0672901    817809.6169860  512336.5355380  818409.6169860  512736.5355380  
284     496     1240    -2      3       81.1856969    76.2539671    0.000   0.354   40.195  0.729   3      -0.400  0.600   494     1243    81.1790839    76.2558015    817809.6169860  496336.5355380  818409.6169860  496736.5355380  
285     640     1240    -2      2       81.3199102    74.7563278    0.000   0.353   38.346  0.684   3      -0.400  0.400   638     1242    81.3148995    74.7653688    817809.6169860  467536.5355380  818209.6169860  467936.5355380  
286     672     1240    -2      1       81.3489208    74.4172528    0.000   0.318   35.563  0.721   3      -0.400  0.200   670     1241    81.3455174    74.4325153    817809.6169860  461136.5355380  818009.6169860  461536.5355380  
287     720     1240    -2      1       81.3918680    73.9043693    0.000   0.348   39.996  0.741   3      -0.400  0.200   718     1241    81.3884850    73.9199110    817809.6169860  451536.5355380  818009.6169860  451936.5355380  
288     608     1248    -2      3       81.2778883    75.0445651    0.000   0.311   34.268  0.722   3      -0.400  0.600   606     1251    81.2712818    75.0473382    819409.6169860  473936.5355380  820009.6169860  474336.5355380  
289     840     1248    -2      1       81.4831631    72.5538270    0.000   0.264   24.834  0.594   3      -0.400  0.200   838     1249    81.4798355    72.5700697    819409.6169860  427536.5355380  819609.6169860  427936.5355380  
290     240     1256    0       0       80.9085550    78.6995742    0.000   0.330   36.377  0.724   3      0.000   0.000   240     1256    80.9085550    78.6995742    821009.6169860  547536.5355380  821009.6169860  547536.5355380  
291     272     1256    0       1       80.9410057    78.3893193    0.000   0.224   23.027  0.523   3      0.000   0.200   272     1257    80.9394733    78.3829070    821009.6169860  541136.5355380  821209.6169860  541136.5355380  
292     920     1256    -2      1       81.5369876    71.6226231    0.000   0.274   31.721  0.638   3      -0.400  0.200   918     1257    81.5336993    71.6393346    821009.6169860  411536.5355380  821209.6169860  411936.5355380  
293     312     1264    -2      3       80.9688786    77.9474315    0.000   0.319   35.244  0.719   3      -0.400  0.600   310     1267    80.9622620    77.9479774    822609.6169860  533136.5355380  823209.6169860  533536.5355380  
294     952     1264    -2      1       81.5499812    71.2203191    0.000   0.303   34.122  0.611   3      -0.400  0.200   950     1265    81.5467103    71.2372130    822609.6169860  405136.5355380  822809.6169860  405536.5355380  
295     384     1272    -2      3       81.0276360    77.1852657    0.000   0.320   36.932  0.602   3      -0.400  0.600   382     1275    81.0210206    77.1863790    824209.6169860  518736.5355380  824809.6169860  519136.5355380  
296     416     1272    -2      3       81.0587827    76.8654771    0.000   0.370   40.509  0.680   3      -0.400  0.600   414     1275    81.0521681    76.8668317    824209.6169860  512336.5355380  824809.6169860  512736.5355380  
297     488     1272    -2      3       81.1278412    76.1377786    0.000   0.323   36.789  0.763   3      -0.400  0.600   486     1275    81.1212293    76.1396879    824209.6169860  497936.5355380  824809.6169860  498336.5355380  
298     672     1272    -2      1       81.2976927    74.2265500    0.000   0.344   39.314  0.752   3      -0.400  0.200   670     1273    81.2942972    74.2417971    824209.6169860  461136.5355380  824409.6169860  461536.5355380  
299     744     1272    -2      1       81.3614686    73.4584946    0.000   0.303   33.383  0.623   3      -0.400  0.200   742     1273    81.3581040    73.4741561    824209.6169860  446736.5355380  824409.6169860  447136.5355380  
300     888     1272    -3      1       81.4842916    71.8884512    0.000   0.239   24.021  0.596   3      -0.600  0.200   885     1273    81.4801610    71.9160084    824209.6169860  417936.5355380  824409.6169860  418536.5355380  
301     528     1280    -2      3       81.1529592    75.6798190    0.000   0.310   32.173  0.332   2      -0.400  0.600   526     1283    81.1463496    75.6820770    825809.6169860  489936.5355380  826409.6169860  490336.5355380  
302     800     1280    -2      1       81.3970009    72.8074110    0.000   0.277   31.012  0.653   3      -0.400  0.200   798     1281    81.3936631    72.8233919    825809.6169860  435536.5355380  826009.6169860  435936.5355380  
303     352     1288    -2      3       80.9714350    77.4022918    0.000   0.164   19.284  0.285   1      -0.400  0.600   350     1291    80.9648195    77.4032386    827409.6169860  525136.5355380  828009.6169860  525536.5355380  
