CP      startX  startY  dispX   dispY   sLat          sLon          theta   pCorr   pkStr   cCorr   conf   velX    velY    endX    endY    eLat          eLon          nps_startX    nps_startY    nps_endX      nps_endY      
0       416     144     3       44      82.4209999    -91.3772808   0.000   0.234   24.718  0.356   2      0.150   2.200   419     188     82.4755175    -90.9206189   -595162.8882810  -567216.1396210  -586362.8882810  -567816.1396210  
1       448     152     3       45      82.3908754    -90.9790728   0.000   0.379   42.252  0.745   3      0.150   2.250   451     197     82.4462839    -90.5115809   -593562.8882810  -573616.1396210  -584562.8882810  -574216.1396210  
2       480     160     3       45      82.3603883    -90.5840331   0.000   0.320   33.858  0.625   3      0.150   2.250   483     205     82.4153678    -90.1155561   -591962.8882810  -580016.1396210  -582962.8882810  -580616.1396210  
3       544     160     2       -1      82.2775898    -89.9587369   0.000   0.254   26.326  0.669   3      0.100   -0.050  546     159     82.2736893    -89.9490907   -591962.8882810  -592816.1396210  -592162.8882810  -593216.1396210  
4       576     160     2       -1      82.2358551    -89.6511225   0.000   0.268   27.141  0.527   3      0.100   -0.050  578     159     82.2319479    -89.6416833   -591962.8882810  -599216.1396210  -592162.8882810  -599616.1396210  
5       608     168     0       0       82.2041729    -89.2693019   0.000   0.259   26.210  0.541   3      0.000   0.000   608     168     82.2041729    -89.2693019   -590362.8882810  -605616.1396210  -590362.8882810  -605616.1396210  
6       648     184     0       0       82.1717193    -88.7379739   0.000   0.372   40.667  0.762   3      0.000   0.000   648     184     82.1717193    -88.7379739   -587162.8882810  -613616.1396210  -587162.8882810  -613616.1396210  
7       472     192     3       44      82.4126406    -90.3517876   0.000   0.344   37.683  0.738   3      0.150   2.200   475     236     82.4660711    -89.8882990   -585562.8882810  -578416.1396210  -576762.8882810  -579016.1396210  
8       520     192     2       -1      82.3503680    -89.8802290   0.000   0.104   9.295   0.214   1      0.100   -0.050  522     191     82.3464654    -89.8705309   -585562.8882810  -588016.1396210  -585762.8882810  -588416.1396210  
9       560     192     2       -1      82.2980886    -89.4931261   0.000   0.260   27.718  0.621   3      0.100   -0.050  562     191     82.2941777    -89.4836909   -585562.8882810  -596016.1396210  -585762.8882810  -596416.1396210  
10      416     200     3       44      82.4951961    -90.8334502   0.000   0.301   32.573  0.665   3      0.150   2.200   419     244     82.5491415    -90.3682761   -583962.8882810  -567216.1396210  -575162.8882810  -567816.1396210  
11      616     200     0       0       82.2345238    -88.8816593   0.000   0.370   41.062  0.764   3      0.000   0.000   616     200     82.2345238    -88.8816593   -583962.8882810  -607216.1396210  -583962.8882810  -607216.1396210  
12      656     216     0       0       82.2015807    -88.3499041   0.000   0.400   44.999  0.752   3      0.000   0.000   656     216     82.2015807    -88.3499041   -580762.8882810  -615216.1396210  -580762.8882810  -615216.1396210  
13      512     224     9       23      82.4022364    -89.6434602   0.000   0.226   25.258  0.593   3      0.450   1.150   521     247     82.4200623    -89.3272688   -579162.8882810  -586416.1396210  -574562.8882810  -588216.1396210  
14      704     224     0       0       82.1471957    -87.8284621   0.000   0.369   40.317  0.732   3      0.000   0.000   704     224     82.1471957    -87.8284621   -579162.8882810  -624816.1396210  -579162.8882810  -624816.1396210  
15      408     232     3       43      82.5475890    -90.5987456   0.000   0.255   27.638  0.592   3      0.150   2.150   411     275     82.5999830    -90.1386361   -577562.8882810  -565616.1396210  -568962.8882810  -566216.1396210  
16      592     232     0       0       82.3070871    -88.7933888   0.000   0.401   45.119  0.751   3      0.000   0.000   592     232     82.3070871    -88.7933888   -577562.8882810  -602416.1396210  -577562.8882810  -602416.1396210  
17      656     248     0       0       82.2418391    -88.0330863   0.000   0.369   41.046  0.783   3      0.000   0.000   656     248     82.2418391    -88.0330863   -574362.8882810  -615216.1396210  -574362.8882810  -615216.1396210  
18      520     256     8       24      82.4329322    -89.2471464   0.000   0.193   21.108  0.556   3      0.400   1.200   528     280     82.4530683    -88.9283710   -572762.8882810  -588016.1396210  -567962.8882810  -589616.1396210  
19      760     256     0       0       82.1108811    -87.0045461   0.000   0.233   25.112  0.596   3      0.000   0.000   760     256     82.1108811    -87.0045461   -572762.8882810  -636016.1396210  -572762.8882810  -636016.1396210  
20      336     264     2       40      82.6820741    -91.0181447   0.000   0.186   19.964  0.262   1      0.100   2.000   338     304     82.7322540    -90.5934417   -571162.8882810  -551216.1396210  -563162.8882810  -551616.1396210  
21      440     264     3       43      82.5479928    -89.9572353   0.000   0.277   28.410  0.570   3      0.150   2.150   443     307     82.5997152    -89.4925965   -571162.8882810  -572016.1396210  -562562.8882810  -572616.1396210  
22      608     264     0       0       82.3263087    -88.3229968   0.000   0.402   44.587  0.739   3      0.000   0.000   608     264     82.3263087    -88.3229968   -571162.8882810  -605616.1396210  -571162.8882810  -605616.1396210  
23      576     280     0       0       82.3892639    -88.4661722   0.000   0.437   50.576  0.794   3      0.000   0.000   576     280     82.3892639    -88.4661722   -567962.8882810  -599216.1396210  -567962.8882810  -599216.1396210  
24      696     280     0       0       82.2276751    -87.3442191   0.000   0.328   34.505  0.724   3      0.000   0.000   696     280     82.2276751    -87.3442191   -567962.8882810  -623216.1396210  -567962.8882810  -623216.1396210  
25      504     296     8       23      82.5052522    -89.0006340   0.000   0.337   34.774  0.700   3      0.400   1.150   512     319     82.5239379    -88.6883262   -564762.8882810  -584816.1396210  -560162.8882810  -586416.1396210  
26      544     296     8       24      82.4521753    -88.6117420   0.000   0.229   21.034  0.464   3      0.400   1.200   552     320     82.4718446    -88.2904748   -564762.8882810  -592816.1396210  -559962.8882810  -594416.1396210  
27      608     296     0       0       82.3665507    -88.0008452   0.000   0.362   39.516  0.724   3      0.000   0.000   608     296     82.3665507    -88.0008452   -564762.8882810  -605616.1396210  -564762.8882810  -605616.1396210  
28      656     304     0       0       82.3117184    -87.4706831   0.000   0.437   48.898  0.774   3      0.000   0.000   656     304     82.3117184    -87.4706831   -563162.8882810  -615216.1396210  -563162.8882810  -615216.1396210  
29      336     312     2       40      82.7453349    -90.5327275   0.000   0.261   25.822  0.637   3      0.100   2.000   338     352     82.7950562    -90.1009252   -561562.8882810  -551216.1396210  -553562.8882810  -551616.1396210  
30      384     312     2       41      82.6832248    -90.0381204   0.000   0.234   24.049  0.490   3      0.100   2.050   386     353     82.7337634    -89.5963043   -561562.8882810  -560816.1396210  -553362.8882810  -561216.1396210  
31      576     312     0       0       82.4296150    -88.1420958   0.000   0.419   47.192  0.720   3      0.000   0.000   576     312     82.4296150    -88.1420958   -561562.8882810  -599216.1396210  -561562.8882810  -599216.1396210  
32      696     312     0       0       82.2671734    -87.0211427   0.000   0.344   37.303  0.729   3      0.000   0.000   696     312     82.2671734    -87.0211427   -561562.8882810  -623216.1396210  -561562.8882810  -623216.1396210  
33      544     336     7       23      82.5027148    -88.2036709   0.000   0.126   9.968   0.307   2      0.350   1.150   551     359     82.5221791    -87.8991295   -556762.8882810  -592816.1396210  -552162.8882810  -594216.1396210  
34      664     336     0       0       82.3404046    -87.0706708   0.000   0.440   47.941  0.816   3      0.000   0.000   664     336     82.3404046    -87.0706708   -556762.8882810  -616816.1396210  -556762.8882810  -616816.1396210  
35      360     344     2       40      82.7560494    -89.9560038   0.000   0.341   35.169  0.634   3      0.100   2.000   362     384     82.8052196    -89.5195996   -555162.8882810  -556016.1396210  -547162.8882810  -556416.1396210  
36      416     344     2       40      82.6828056    -89.3847231   0.000   0.238   24.764  0.498   3      0.100   2.000   418     384     82.7314229    -88.9488917   -555162.8882810  -567216.1396210  -547162.8882810  -567616.1396210  
37      480     344     5       21      82.5982360    -88.7457847   0.000   0.246   26.871  0.477   3      0.250   1.050   485     365     82.6182161    -88.4791944   -555162.8882810  -580016.1396210  -550962.8882810  -581016.1396210  
38      448     352     2       41      82.6508577    -88.9807782   0.000   0.291   30.435  0.675   3      0.100   2.050   450     393     82.7003485    -88.5336942   -553562.8882810  -573616.1396210  -545362.8882810  -574016.1396210  
39      632     352     0       0       82.4037635    -87.2036742   0.000   0.417   45.740  0.766   3      0.000   0.000   632     352     82.4037635    -87.2036742   -553562.8882810  -610416.1396210  -553562.8882810  -610416.1396210  
40      328     368     2       39      82.8288807    -90.0388967   0.000   0.272   28.065  0.530   3      0.100   1.950   330     407     82.8768404    -89.6091512   -550362.8882810  -549616.1396210  -542562.8882810  -550016.1396210  
41      696     368     0       0       82.3357014    -86.4477601   0.000   0.353   38.525  0.726   3      0.000   0.000   696     368     82.3357014    -86.4477601   -550362.8882810  -623216.1396210  -550362.8882810  -623216.1396210  
42      384     376     2       40      82.7660299    -89.3776259   0.000   0.289   30.036  0.594   3      0.100   2.000   386     416     82.8146422    -88.9366854   -548762.8882810  -560816.1396210  -540762.8882810  -561216.1396210  
43      416     376     2       40      82.7238481    -89.0526730   0.000   0.196   20.203  0.291   1      0.100   2.000   418     416     82.7721438    -88.6121381   -548762.8882810  -567216.1396210  -540762.8882810  -567616.1396210  
44      728     376     0       0       82.3011801    -86.0748617   0.000   0.339   37.326  0.760   3      0.000   0.000   728     376     82.3011801    -86.0748617   -548762.8882810  -629616.1396210  -548762.8882810  -629616.1396210  
45      456     384     3       40      82.6809473    -88.5682214   0.000   0.161   15.933  0.353   2      0.150   2.000   459     424     82.7274261    -88.1171658   -547162.8882810  -575216.1396210  -539162.8882810  -575816.1396210  
46      552     384     5       22      82.5520414    -87.6297154   0.000   0.290   31.070  0.605   3      0.250   1.100   557     406     82.5725870    -87.3513308   -547162.8882810  -594416.1396210  -542762.8882810  -595416.1396210  
47      632     392     0       0       82.4529689    -86.7889327   0.000   0.345   37.503  0.710   3      0.000   0.000   632     392     82.4529689    -86.7889327   -545562.8882810  -610416.1396210  -545562.8882810  -610416.1396210  
48      664     392     0       0       82.4090011    -86.4921867   0.000   0.359   40.464  0.781   3      0.000   0.000   664     392     82.4090011    -86.4921867   -545562.8882810  -616816.1396210  -545562.8882810  -616816.1396210  
49      336     400     -12     28      82.8599411    -89.6205418   0.000   0.315   33.335  0.661   3      -0.600  1.400   324     428     82.9117975    -89.4491167   -543962.8882810  -551216.1396210  -538362.8882810  -548816.1396210  
50      696     400     0       0       82.3745141    -86.1154911   0.000   0.372   40.619  0.785   3      0.000   0.000   696     400     82.3745141    -86.1154911   -543962.8882810  -623216.1396210  -543962.8882810  -623216.1396210  
51      416     408     1       37      82.7646459    -88.7168572   0.000   0.279   28.969  0.661   3      0.050   1.850   417     445     82.8101695    -88.3137402   -542362.8882810  -567216.1396210  -534962.8882810  -567416.1396210  
52      488     408     5       21      82.6683680    -87.9998453   0.000   0.268   28.232  0.624   3      0.250   1.050   493     429     82.6878999    -87.7286786   -542362.8882810  -581616.1396210  -538162.8882810  -582616.1396210  
53      600     416     0       0       82.5262416    -86.8374133   0.000   0.387   44.547  0.709   3      0.000   0.000   600     416     82.5262416    -86.8374133   -540762.8882810  -604016.1396210  -540762.8882810  -604016.1396210  
54      264     424     -12     29      82.9849503    -90.1249639   0.000   0.277   27.664  0.539   3      -0.600  1.450   252     453     83.0382983    -89.9434838   -539162.8882810  -536816.1396210  -533362.8882810  -534416.1396210  
55      296     424     -12     28      82.9432926    -89.7854420   0.000   0.378   40.659  0.687   3      -0.600  1.400   284     452     82.9952143    -89.6131957   -539162.8882810  -543216.1396210  -533562.8882810  -540816.1396210  
56      344     432     -12     28      82.8906194    -89.1985448   0.000   0.444   48.901  0.771   3      -0.600  1.400   332     460     82.9423190    -89.0232710   -537562.8882810  -552816.1396210  -531962.8882810  -550416.1396210  
57      536     432     5       22      82.6333288    -87.2786588   0.000   0.281   32.667  0.670   3      0.250   1.100   541     454     82.6536538    -86.9962105   -537562.8882810  -591216.1396210  -533162.8882810  -592216.1396210  
58      480     440     5       21      82.7191886    -87.7394239   0.000   0.254   26.051  0.501   3      0.250   1.050   485     461     82.7385634    -87.4656579   -535962.8882810  -580016.1396210  -531762.8882810  -581016.1396210  
59      384     448     -12     28      82.8580199    -88.6163312   0.000   0.229   22.919  0.467   3      -0.600  1.400   372     476     82.9094948    -88.4376216   -534362.8882810  -560816.1396210  -528762.8882810  -558416.1396210  
60      576     448     5       21      82.5983556    -86.7256174   0.000   0.116   11.854  0.255   1      0.250   1.050   581     469     82.6171124    -86.4537303   -534362.8882810  -599216.1396210  -530162.8882810  -600216.1396210  
61      648     448     0       0       82.4990273    -86.0507264   0.000   0.362   39.067  0.708   3      0.000   0.000   648     448     82.4990273    -86.0507264   -534362.8882810  -613616.1396210  -534362.8882810  -613616.1396210  
62      296     456     -12     28      82.9846367    -89.4433829   0.000   0.364   39.356  0.739   3      -0.600  1.400   284     484     83.0364332    -89.2675595   -532762.8882810  -543216.1396210  -527162.8882810  -540816.1396210  
63      336     472     -12     28      82.9523374    -88.8522409   0.000   0.361   39.274  0.664   3      -0.600  1.400   324     500     83.0039079    -88.6728565   -529562.8882810  -551216.1396210  -523962.8882810  -548816.1396210  
64      616     480     0       0       82.5820401    -86.0063387   0.000   0.338   36.905  0.690   3      0.000   0.000   616     480     82.5820401    -86.0063387   -527962.8882810  -607216.1396210  -527962.8882810  -607216.1396210  
65      216     488     -11     28      83.1306663    -89.9535985   0.000   0.169   15.290  0.210   1      -0.550  1.400   205     516     83.1813527    -89.7669756   -526362.8882810  -527216.1396210  -520762.8882810  -525016.1396210  
66      248     488     -11     28      83.0888759    -89.6079411   0.000   0.312   32.201  0.617   3      -0.550  1.400   237     516     83.1394248    -89.4199034   -526362.8882810  -533616.1396210  -520762.8882810  -531416.1396210  
67      520     488     5       21      82.7241627    -86.8333274   0.000   0.303   31.828  0.530   3      0.250   1.050   525     509     82.7429864    -86.5569927   -526362.8882810  -588016.1396210  -522162.8882810  -589016.1396210  
68      648     488     0       0       82.5471219    -85.6231520   0.000   0.396   45.570  0.802   3      0.000   0.000   648     488     82.5471219    -85.6231520   -526362.8882810  -613616.1396210  -526362.8882810  -613616.1396210  
69      440     496     -8      30      82.8430756    -87.5330139   0.000   0.095   7.823   0.323   2      -0.400  1.500   432     526     82.8911563    -87.2848379   -524762.8882810  -572016.1396210  -518762.8882810  -570416.1396210  
70      376     504     -11     27      82.9394378    -88.0922250   0.000   0.379   41.620  0.721   3      -0.550  1.350   365     531     82.9881113    -87.9083640   -523162.8882810  -559216.1396210  -517762.8882810  -557016.1396210  
71      312     512     -11     28      83.0351201    -88.6668938   0.000   0.404   44.847  0.710   3      -0.550  1.400   301     540     83.0852880    -88.4734569   -521562.8882810  -546416.1396210  -515962.8882810  -544216.1396210  
72      344     512     -11     28      82.9924176    -88.3337588   0.000   0.366   42.176  0.726   3      -0.550  1.400   333     540     83.0424463    -88.1391094   -521562.8882810  -552816.1396210  -515962.8882810  -550616.1396210  
73      576     512     5       21      82.6761595    -86.0365919   0.000   0.270   25.336  0.522   3      0.250   1.050   581     533     82.6944944    -85.7600555   -521562.8882810  -599216.1396210  -517362.8882810  -600216.1396210  
74      608     512     0       0       82.6316699    -85.7353715   0.000   0.415   46.075  0.769   3      0.000   0.000   608     512     82.6316699    -85.7353715   -521562.8882810  -605616.1396210  -521562.8882810  -605616.1396210  
75      280     520     -11     28      83.0878036    -88.9161770   0.000   0.345   36.146  0.680   3      -0.550  1.400   269     548     83.1380755    -88.7230787   -519962.8882810  -540016.1396210  -514362.8882810  -537816.1396210  
76      408     520     -11     27      82.9162897    -87.5918858   0.000   0.332   36.952  0.651   3      -0.550  1.350   397     547     82.9647628    -87.4051711   -519962.8882810  -565616.1396210  -514562.8882810  -563416.1396210  
77      672     520     0       0       82.5515739    -85.0570468   0.000   0.380   43.548  0.731   3      0.000   0.000   672     520     82.5515739    -85.0570468   -519962.8882810  -618416.1396210  -519962.8882810  -618416.1396210  
78      760     520     0       0       82.4270125    -84.2670620   0.000   0.342   37.536  0.712   3      0.000   0.000   760     520     82.4270125    -84.2670620   -519962.8882810  -636016.1396210  -519962.8882810  -636016.1396210  
79      520     528     3       18      82.7730208    -86.3976384   0.000   0.137   13.224  0.226   1      0.150   0.900   523     546     82.7907178    -86.1706927   -518362.8882810  -588016.1396210  -514762.8882810  -588616.1396210  
80      488     536     -2      13      82.8268473    -86.6209219   0.000   0.204   21.394  0.586   3      -0.100  0.650   486     549     82.8454625    -86.4970296   -516762.8882810  -581616.1396210  -514162.8882810  -581216.1396210  
81      248     544     -17     24      83.1608371    -88.9919856   0.000   0.305   34.443  0.613   3      -0.850  1.200   231     568     83.2140054    -88.9069840   -515162.8882810  -533616.1396210  -510362.8882810  -530216.1396210  
82      368     544     -10     27      83.0003188    -87.7338077   0.000   0.361   41.649  0.705   3      -0.500  1.350   358     571     83.0474971    -87.5355462   -515162.8882810  -557616.1396210  -509762.8882810  -555616.1396210  
83      728     544     0       0       82.5004916    -84.2906284   0.000   0.401   44.133  0.742   3      0.000   0.000   728     544     82.5004916    -84.2906284   -515162.8882810  -629616.1396210  -515162.8882810  -629616.1396210  
84      312     552     -10     28      83.0857264    -88.2247288   0.000   0.206   20.424  0.317   2      -0.500  1.400   302     580     83.1343689    -88.0161305   -513562.8882810  -546416.1396210  -507962.8882810  -544416.1396210  
85      568     552     4       20      82.7354096    -85.6741961   0.000   0.140   14.717  0.481   3      0.200   1.000   572     572     82.7537299    -85.4150352   -513562.8882810  -597616.1396210  -509562.8882810  -598416.1396210  
86      640     552     0       0       82.6344784    -85.0011191   0.000   0.378   42.881  0.743   3      0.000   0.000   640     552     82.6344784    -85.0011191   -513562.8882810  -612016.1396210  -513562.8882810  -612016.1396210  
87      784     552     0       0       82.4297309    -83.7093846   0.000   0.282   29.953  0.585   3      0.000   0.000   784     552     82.4297309    -83.7093846   -513562.8882810  -640816.1396210  -513562.8882810  -640816.1396210  
88      608     560     0       0       82.6889663    -85.2097991   0.000   0.327   35.521  0.622   3      0.000   0.000   608     560     82.6889663    -85.2097991   -511962.8882810  -605616.1396210  -511962.8882810  -605616.1396210  
89      832     560     0       0       82.3697753    -83.2073902   0.000   0.393   42.795  0.783   3      0.000   0.000   832     560     82.3697753    -83.2073902   -511962.8882810  -650416.1396210  -511962.8882810  -650416.1396210  
90      480     568     -3      11      82.8768597    -86.3449203   0.000   0.199   19.469  0.535   3      -0.150  0.550   477     579     82.8943594    -86.2515970   -510362.8882810  -580016.1396210  -508162.8882810  -579416.1396210  
91      696     568     0       0       82.5739754    -84.3146626   0.000   0.364   41.788  0.796   3      0.000   0.000   696     568     82.5739754    -84.3146626   -510362.8882810  -623216.1396210  -510362.8882810  -623216.1396210  
92      144     584     -4      41      83.3491589    -89.6824404   0.000   0.206   20.040  0.490   3      -0.200  2.050   140     625     83.4072720    -89.2602669   -507162.8882810  -512816.1396210  -498962.8882810  -512016.1396210  
93      232     584     -5      40      83.2330593    -88.7161555   0.000   0.286   29.923  0.656   3      -0.250  2.000   227     624     83.2904131    -88.3152641   -507162.8882810  -530416.1396210  -499162.8882810  -529416.1396210  
94      384     584     -10     26      83.0282403    -87.1239861   0.000   0.263   28.811  0.625   3      -0.500  1.300   374     610     83.0739305    -86.9321248   -507162.8882810  -560816.1396210  -501962.8882810  -558816.1396210  
95      576     584     1       15      82.7624051    -85.2438157   0.000   0.229   23.561  0.448   3      0.050   0.750   577     599     82.7787900    -85.0668539   -507162.8882810  -599216.1396210  -504162.8882810  -599416.1396210  
96      648     584     0       0       82.6608326    -84.5742391   0.000   0.346   38.836  0.732   3      0.000   0.000   648     584     82.6608326    -84.5742391   -507162.8882810  -613616.1396210  -507162.8882810  -613616.1396210  
97      800     584     0       0       82.4432945    -83.2204418   0.000   0.341   36.870  0.675   3      0.000   0.000   800     584     82.4432945    -83.2204418   -507162.8882810  -644016.1396210  -507162.8882810  -644016.1396210  
98      296     592     -14     23      83.1574976    -87.9438508   0.000   0.219   23.682  0.582   3      -0.700  1.150   282     615     83.2051727    -87.8303537   -505562.8882810  -543216.1396210  -500962.8882810  -540416.1396210  
99      328     592     -13     25      83.1142813    -87.6093153   0.000   0.179   18.528  0.447   3      -0.650  1.250   315     617     83.1630026    -87.4609717   -505562.8882810  -549616.1396210  -500562.8882810  -547016.1396210  
100     432     592     -9      25      82.9722666    -86.5507435   0.000   0.232   23.950  0.507   3      -0.450  1.250   423     617     83.0151228    -86.3580363   -505562.8882810  -570416.1396210  -500562.8882810  -568616.1396210  
101     528     592     -1      12      82.8391523    -85.6112435   0.000   0.198   19.894  0.398   2      -0.050  0.600   527     604     82.8548991    -85.4861672   -505562.8882810  -589616.1396210  -503162.8882810  -589416.1396210  
102     488     600     -3      10      82.9044906    -85.9085077   0.000   0.354   36.936  0.720   3      -0.150  0.500   485     610     82.9206996    -85.8250361   -503962.8882810  -581616.1396210  -501962.8882810  -581016.1396210  
103     768     600     0       0       82.5077070    -83.3223515   0.000   0.365   40.083  0.732   3      0.000   0.000   768     600     82.5077070    -83.3223515   -503962.8882810  -637616.1396210  -503962.8882810  -637616.1396210  
104     688     608     0       0       82.6318060    -83.9436227   0.000   0.476   54.446  0.802   3      0.000   0.000   688     608     82.6318060    -83.9436227   -502362.8882810  -621616.1396210  -502362.8882810  -621616.1396210  
105     152     616     -4      41      83.3798948    -89.2294694   0.000   0.227   22.853  0.365   2      -0.200  2.050   148     657     83.4376203    -88.8013202   -500762.8882810  -514416.1396210  -492562.8882810  -513616.1396210  
106     360     616     -12     25      83.1004633    -87.0070393   0.000   0.296   31.794  0.627   3      -0.600  1.250   348     641     83.1476238    -86.8444243   -500762.8882810  -556016.1396210  -495762.8882810  -553616.1396210  
107     232     624     -4      41      83.2837157    -88.2612994   0.000   0.288   31.379  0.604   3      -0.200  2.050   228     665     83.3405962    -87.8310252   -499162.8882810  -530416.1396210  -490962.8882810  -529616.1396210  
108     288     624     -13     24      83.2083059    -87.6642069   0.000   0.216   23.130  0.521   3      -0.650  1.200   275     648     83.2558049    -87.5257363   -499162.8882810  -541616.1396210  -494362.8882810  -539016.1396210  
109     320     624     -13     23      83.1648924    -87.3289600   0.000   0.148   17.151  0.501   3      -0.650  1.150   307     647     83.2110570    -87.2005611   -499162.8882810  -548016.1396210  -494562.8882810  -545416.1396210  
110     400     624     -11     24      83.0553683    -86.5093188   0.000   0.156   12.960  0.283   1      -0.550  1.200   389     648     83.0997587    -86.3457475   -499162.8882810  -564016.1396210  -494362.8882810  -561816.1396210  
111     528     624     -3      10      82.8773253    -85.2509046   0.000   0.205   19.036  0.431   3      -0.150  0.500   525     634     82.8934145    -85.1662555   -499162.8882810  -589616.1396210  -497162.8882810  -589016.1396210  
112     112     632     -6      39      83.4531148    -89.4947695   0.000   0.241   24.889  0.317   2      -0.300  1.950   106     671     83.5111533    -89.1101974   -497562.8882810  -506416.1396210  -489762.8882810  -505216.1396210  
113     464     640     -3      10      82.9859910    -85.6898781   0.000   0.180   19.828  0.422   2      -0.150  0.500   461     650     83.0021618    -85.6049252   -495962.8882810  -576816.1396210  -493962.8882810  -576216.1396210  
114     680     640     0       0       82.6801460    -83.6569894   0.000   0.416   48.345  0.812   3      0.000   0.000   680     640     82.6801460    -83.6569894   -495962.8882810  -620016.1396210  -495962.8882810  -620016.1396210  
115     576     648     0       13      82.8378877    -84.5231759   0.000   0.207   20.225  0.548   3      0.000   0.650   576     661     82.8530810    -84.3749378   -494362.8882810  -599216.1396210  -491762.8882810  -599216.1396210  
116     344     656     -13     23      83.1715003    -86.7128053   0.000   0.194   20.116  0.484   3      -0.650  1.150   331     679     83.2174981    -86.5800869   -492762.8882810  -552816.1396210  -488162.8882810  -550216.1396210  
117     520     656     -3      9       82.9265012    -84.9633146   0.000   0.400   46.331  0.829   3      -0.150  0.450   517     665     82.9413587    -84.8889051   -492762.8882810  -588016.1396210  -490962.8882810  -587416.1396210  
118     760     656     0       0       82.5827512    -82.7672625   0.000   0.356   39.774  0.695   3      0.000   0.000   760     656     82.5827512    -82.7672625   -492762.8882810  -636016.1396210  -492762.8882810  -636016.1396210  
119     80      664     -11     35      83.5364054    -89.4882454   0.000   0.185   21.287  0.264   1      -0.550  1.750   69      699     83.5959166    -89.2034216   -491162.8882810  -500016.1396210  -484162.8882810  -497816.1396210  
120     112     664     -11     35      83.4942561    -89.1240004   0.000   0.222   22.550  0.411   3      -0.550  1.750   101     699     83.5535604    -88.8376837   -491162.8882810  -506416.1396210  -484162.8882810  -504216.1396210  
121     280     664     -4      40      83.2688668    -87.2875770   0.000   0.301   31.410  0.612   3      -0.200  2.000   276     704     83.3236555    -86.8618267   -491162.8882810  -540016.1396210  -483162.8882810  -539216.1396210  
122     384     664     -10     23      83.1260929    -86.2118820   0.000   0.173   17.584  0.415   3      -0.500  1.150   374     687     83.1677870    -86.0461871   -491162.8882810  -560816.1396210  -486562.8882810  -558816.1396210  
123     688     672     0       0       82.7052090    -83.2227178   0.000   0.419   46.530  0.753   3      0.000   0.000   688     672     82.7052090    -83.2227178   -489562.8882810  -621616.1396210  -489562.8882810  -621616.1396210  
124     488     680     -3      9       82.9999762    -84.9958953   0.000   0.327   36.525  0.647   3      -0.150  0.450   485     689     83.0148400    -84.9207707   -487962.8882810  -581616.1396210  -486162.8882810  -581016.1396210  
125     648     680     0       0       82.7720267    -83.4925973   0.000   0.291   31.158  0.533   3      0.000   0.000   648     680     82.7720267    -83.4925973   -487962.8882810  -613616.1396210  -487962.8882810  -613616.1396210  
126     168     688     -9      38      83.4502043    -88.2169933   0.000   0.232   24.960  0.546   3      -0.450  1.900   159     726     83.5100472    -87.8664204   -486362.8882810  -517616.1396210  -478762.8882810  -515816.1396210  
127     208     688     -4      41      83.3963619    -87.7786904   0.000   0.245   25.095  0.462   3      -0.200  2.050   204     729     83.4528193    -87.3368246   -486362.8882810  -525616.1396210  -478162.8882810  -524816.1396210  
128     312     688     -12     24      83.2546326    -86.6721557   0.000   0.218   21.804  0.447   3      -0.600  1.200   300     712     83.3004651    -86.5152423   -486362.8882810  -546416.1396210  -481562.8882810  -544016.1396210  
129     344     688     -12     23      83.2105364    -86.3410409   0.000   0.187   20.017  0.495   3      -0.600  1.150   332     711     83.2550480    -86.1946947   -486362.8882810  -552816.1396210  -481762.8882810  -550416.1396210  
130     80      696     -11     35      83.5775434    -89.1126161   0.000   0.315   35.946  0.710   3      -0.550  1.750   69      731     83.6368448    -88.8224379   -484762.8882810  -500016.1396210  -477762.8882810  -497816.1396210  
131     608     696     0       10      82.8478908    -83.6753791   0.000   0.097   8.713   0.308   2      0.000   0.500   608     706     82.8593707    -83.5598685   -484762.8882810  -605616.1396210  -482762.8882810  -605616.1396210  
132     384     704     -11     21      83.1743571    -85.7460588   0.000   0.210   21.949  0.519   3      -0.550  1.050   373     725     83.2148930    -85.6101066   -483162.8882810  -560816.1396210  -478962.8882810  -558616.1396210  
133     456     704     -4      8       83.0734544    -85.0291690   0.000   0.293   32.496  0.643   3      -0.200  0.400   452     712     83.0885529    -84.9748517   -483162.8882810  -575216.1396210  -481562.8882810  -574416.1396210  
134     680     704     0       0       82.7530854    -82.9283844   0.000   0.400   43.418  0.740   3      0.000   0.000   680     704     82.7530854    -82.9283844   -483162.8882810  -620016.1396210  -483162.8882810  -620016.1396210  
135     128     712     -11     35      83.5340798    -88.3787955   0.000   0.365   39.431  0.686   3      -0.550  1.750   117     747     83.5929587    -88.0838177   -481562.8882810  -509616.1396210  -474562.8882810  -507416.1396210  
136     240     712     -3      41      83.3827373    -87.1503215   0.000   0.120   15.534  0.456   2      -0.150  2.050   237     753     83.4372595    -86.6932904   -481562.8882810  -532016.1396210  -473362.8882810  -531416.1396210  
137     488     712     -4      8       83.0376674    -84.6238639   0.000   0.207   20.913  0.606   3      -0.200  0.400   484     720     83.0527187    -84.5689456   -481562.8882810  -581616.1396210  -479962.8882810  -580816.1396210  
138     528     712     -2      8       82.9808301    -84.2398761   0.000   0.314   34.794  0.683   3      -0.100  0.400   526     720     82.9929834    -84.1655249   -481562.8882810  -589616.1396210  -479962.8882810  -589216.1396210  
139     720     712     0       0       82.7038806    -82.4809971   0.000   0.393   44.941  0.761   3      0.000   0.000   720     712     82.7038806    -82.4809971   -481562.8882810  -628016.1396210  -481562.8882810  -628016.1396210  
140     168     720     -8      38      83.4903925    -87.8384181   0.000   0.133   11.203  0.289   3      -0.400  1.900   160     758     83.5486137    -87.4710889   -479962.8882810  -517616.1396210  -472362.8882810  -516016.1396210  
141     208     720     -7      38      83.4362177    -87.4005587   0.000   0.233   23.858  0.494   3      -0.350  1.900   201     758     83.4927499    -87.0215149   -479962.8882810  -525616.1396210  -472362.8882810  -524216.1396210  
142     312     720     -3      40      83.2936388    -86.2955363   0.000   0.194   20.245  0.415   3      -0.150  2.000   309     760     83.3461638    -85.8497119   -479962.8882810  -546416.1396210  -471962.8882810  -545816.1396210  
143     576     720     -2      8       82.9214312    -83.6941895   0.000   0.261   29.267  0.657   3      -0.100  0.400   574     728     82.9334966    -83.6195279   -479962.8882810  -599216.1396210  -478362.8882810  -598816.1396210  
144     360     736     -10     22      83.2462277    -85.6118446   0.000   0.267   25.941  0.596   3      -0.500  1.100   350     758     83.2865225    -85.4514325   -476762.8882810  -556016.1396210  -472362.8882810  -554016.1396210  
145     448     736     -5      7       83.1224992    -84.7317731   0.000   0.230   25.724  0.652   3      -0.250  0.350   443     743     83.1378052    -84.6980932   -476762.8882810  -573616.1396210  -475362.8882810  -572616.1396210  
146     128     744     -11     35      83.5743911    -87.9962804   0.000   0.319   33.445  0.639   3      -0.550  1.750   117     779     83.6330486    -87.6958985   -475162.8882810  -509616.1396210  -468162.8882810  -507416.1396210  
147     264     744     -7      37      83.3891048    -86.5136527   0.000   0.263   25.788  0.555   3      -0.350  1.850   257     781     83.4437472    -86.1418797   -475162.8882810  -536816.1396210  -467762.8882810  -535416.1396210  
148     536     744     -2      8       83.0064540    -83.7889859   0.000   0.257   26.952  0.581   3      -0.100  0.400   534     752     83.0185356    -83.7135771   -475162.8882810  -591216.1396210  -473562.8882810  -590816.1396210  
149     624     752     1       7       82.8885958    -82.8772836   0.000   0.141   13.889  0.334   2      0.050   0.350   625     759     82.8950405    -82.7859911   -473562.8882810  -608816.1396210  -472162.8882810  -609016.1396210  
150     656     752     0       0       82.8420440    -82.5872932   0.000   0.257   26.797  0.462   3      0.000   0.000   656     752     82.8420440    -82.5872932   -473562.8882810  -615216.1396210  -473562.8882810  -615216.1396210  
151     720     752     0       0       82.7484092    -82.0185455   0.000   0.294   30.436  0.679   3      0.000   0.000   720     752     82.7484092    -82.0185455   -473562.8882810  -628016.1396210  -473562.8882810  -628016.1396210  
152     56      760     -12     34      83.6910373    -88.6227405   0.000   0.211   21.407  0.429   3      -0.600  1.700   44      794     83.7501393    -88.3465455   -471962.8882810  -495216.1396210  -465162.8882810  -492816.1396210  
153     96      760     -11     35      83.6375307    -88.1643712   0.000   0.396   43.544  0.732   3      -0.550  1.750   85      795     83.6962891    -87.8625408   -471962.8882810  -503216.1396210  -464962.8882810  -501016.1396210  
154     464     768     -4      6       83.1371934    -84.1954139   0.000   0.294   31.762  0.663   3      -0.200  0.300   460     774     83.1498726    -84.1626809   -470362.8882810  -576816.1396210  -469162.8882810  -576016.1396210  
155     568     768     -2      7       82.9878639    -83.2050537   0.000   0.358   41.728  0.727   3      -0.100  0.350   566     775     82.9987151    -83.1407108   -470362.8882810  -597616.1396210  -468962.8882810  -597216.1396210  
156     152     776     -11     35      83.5818305    -87.3414190   0.000   0.268   27.888  0.604   3      -0.550  1.750   141     811     83.6401001    -87.0346622   -468762.8882810  -514416.1396210  -461762.8882810  -512216.1396210  
157     264     776     -6      37      83.4279906    -86.1283723   0.000   0.406   43.844  0.708   3      -0.300  1.850   258     813     83.4809507    -85.7405748   -468762.8882810  -536816.1396210  -461362.8882810  -535616.1396210  
158     216     784     -10     34      83.5040489    -86.5439498   0.000   0.152   15.717  0.240   1      -0.500  1.700   206     818     83.5592349    -86.2352401   -467162.8882810  -527216.1396210  -460362.8882810  -525216.1396210  
159     328     784     -5      37      83.3483649    -85.3638811   0.000   0.248   24.850  0.512   3      -0.250  1.850   323     821     83.3993154    -84.9643919   -467162.8882810  -549616.1396210  -459762.8882810  -548616.1396210  
160     360     784     -9      20      83.3033865    -85.0368641   0.000   0.154   13.756  0.375   2      -0.450  1.000   351     804     83.3397198    -84.8857757   -467162.8882810  -556016.1396210  -463162.8882810  -554216.1396210  
161     624     784     -1      6       82.9245832    -82.5001086   0.000   0.290   29.682  0.675   3      -0.050  0.300   623     790     82.9327575    -82.4380467   -467162.8882810  -608816.1396210  -465962.8882810  -608616.1396210  
162     664     784     0       0       82.8660689    -82.1394819   0.000   0.228   24.439  0.452   3      0.000   0.000   664     784     82.8660689    -82.1394819   -467162.8882810  -616816.1396210  -467162.8882810  -616816.1396210  
163     88      792     -11     35      83.6884843    -87.8651903   0.000   0.311   35.523  0.634   3      -0.550  1.750   77      827     83.7470693    -87.5580870   -465562.8882810  -501616.1396210  -458562.8882810  -499416.1396210  
164     120     792     -11     35      83.6451813    -87.5031794   0.000   0.300   32.194  0.660   3      -0.550  1.750   109     827     83.7035501    -87.1948288   -465562.8882810  -508016.1396210  -458562.8882810  -505816.1396210  
165     496     792     -3      6       83.1190988    -83.5992536   0.000   0.313   33.017  0.624   3      -0.150  0.300   493     798     83.1302977    -83.5559174   -465562.8882810  -583216.1396210  -464362.8882810  -582616.1396210  
166     464     800     -4      6       83.1742496    -83.8115095   0.000   0.402   47.528  0.749   3      -0.200  0.300   460     806     83.1869028    -83.7778828   -463962.8882810  -576816.1396210  -462762.8882810  -576016.1396210  
167     536     800     -3      6       83.0705277    -83.1234112   0.000   0.304   32.555  0.657   3      -0.150  0.300   533     806     83.0816825    -83.0796096   -463962.8882810  -591216.1396210  -462762.8882810  -590616.1396210  
168     584     800     -2      6       83.0008457    -82.6760765   0.000   0.342   38.207  0.723   3      -0.100  0.300   582     806     83.0105011    -82.6227685   -463962.8882810  -600816.1396210  -462762.8882810  -600416.1396210  
169     160     816     -10     34      83.6202137    -86.7624121   0.000   0.281   29.943  0.652   3      -0.500  1.700   150     850     83.6755369    -86.4499298   -460762.8882810  -516016.1396210  -453962.8882810  -514016.1396210  
170     192     816     -10     34      83.5761568    -86.4117911   0.000   0.363   39.968  0.720   3      -0.500  1.700   182     850     83.6312649    -86.0984341   -460762.8882810  -522416.1396210  -453962.8882810  -520416.1396210  
171     240     816     -8      36      83.5096325    -85.8948344   0.000   0.247   25.349  0.541   3      -0.400  1.800   232     852     83.5640162    -85.5340048   -460762.8882810  -532016.1396210  -453562.8882810  -530416.1396210  
172     624     816     -1      6       82.9602630    -82.1190844   0.000   0.234   25.096  0.433   3      -0.050  0.300   623     822     82.9683865    -82.0562643   -460762.8882810  -608816.1396210  -459562.8882810  -608616.1396210  
173     296     824     -5      37      83.4408889    -85.2067469   0.000   0.286   31.655  0.702   3      -0.250  1.850   291     861     83.4917145    -84.8003388   -459162.8882810  -543216.1396210  -451762.8882810  -542216.1396210  
174     368     824     -7      19      83.3391406    -84.4693737   0.000   0.125   11.457  0.287   1      -0.350  0.950   361     843     83.3712850    -84.3064920   -459162.8882810  -557616.1396210  -455362.8882810  -556216.1396210  
175     432     824     -4      6       83.2478086    -83.8327177   0.000   0.290   30.082  0.561   3      -0.200  0.300   428     830     83.2604642    -83.7987631   -459162.8882810  -570416.1396210  -457962.8882810  -569616.1396210  
176     680     824     0       1       82.8866186    -81.5223910   0.000   0.151   21.594  0.616   3      0.000   0.050   680     825     82.8877132    -81.5104533   -459162.8882810  -620016.1396210  -458962.8882810  -620016.1396210  
177     472     832     -4      5       83.1994594    -83.3461734   0.000   0.370   41.808  0.712   3      -0.200  0.250   468     837     83.2109392    -83.3237656   -457562.8882810  -578416.1396210  -456562.8882810  -577616.1396210  
178     160     848     -10     34      83.6592949    -86.3645861   0.000   0.295   31.264  0.460   3      -0.500  1.700   150     882     83.7143770    -86.0466623   -454362.8882810  -516016.1396210  -447562.8882810  -514016.1396210  
179     192     848     -10     34      83.6149662    -86.0145812   0.000   0.242   23.881  0.537   3      -0.500  1.700   182     882     83.6698312    -85.6958480   -454362.8882810  -522416.1396210  -447562.8882810  -520416.1396210  
180     352     856     -4      35      83.3992518    -84.2367290   0.000   0.197   18.991  0.528   3      -0.200  1.750   348     891     83.4455413    -83.8404633   -452762.8882810  -554416.1396210  -445762.8882810  -553616.1396210  
181     520     856     -3      5       83.1570042    -82.5956876   0.000   0.284   30.024  0.695   3      -0.150  0.250   517     861     83.1669893    -82.5627284   -452762.8882810  -588016.1396210  -451762.8882810  -587416.1396210  
182     552     856     -2      5       83.1102601    -82.2962876   0.000   0.330   35.696  0.739   3      -0.100  0.250   550     861     83.1187597    -82.2538207   -452762.8882810  -594416.1396210  -451762.8882810  -594016.1396210  
183     680     856     0       1       82.9214918    -81.1385525   0.000   0.176   17.392  0.557   3      0.000   0.050   680     857     82.9225764    -81.1264965   -452762.8882810  -620016.1396210  -452562.8882810  -620016.1396210  
184     712     856     0       0       82.8738699    -80.8587604   0.000   0.312   34.470  0.716   3      0.000   0.000   712     856     82.8738699    -80.8587604   -452762.8882810  -626416.1396210  -452762.8882810  -626416.1396210  
185     640     864     -1      5       82.9895246    -81.3967050   0.000   0.150   14.781  0.379   2      -0.050  0.250   639     869     82.9964605    -81.3449405   -451162.8882810  -612016.1396210  -450162.8882810  -611816.1396210  
186     264     872     -6      35      83.5428345    -84.9448798   0.000   0.270   28.360  0.593   3      -0.300  1.750   258     907     83.5925249    -84.5658591   -449562.8882810  -536816.1396210  -442562.8882810  -535616.1396210  
187     448     872     -4      5       83.2796910    -83.0870317   0.000   0.457   51.074  0.797   3      -0.200  0.250   444     877     83.2911595    -83.0639111   -449562.8882810  -573616.1396210  -448562.8882810  -572816.1396210  
188     480     872     -4      5       83.2332471    -82.7787934   0.000   0.336   36.974  0.671   3      -0.200  0.250   476     877     83.2447004    -82.7553080   -449562.8882810  -580016.1396210  -448562.8882810  -579216.1396210  
189     600     880     -1      5       83.0661950    -81.5621321   0.000   0.255   28.120  0.676   3      -0.050  0.250   599     885     83.0731496    -81.5099594   -447962.8882810  -604016.1396210  -446962.8882810  -603816.1396210  
190     208     888     -9      32      83.6406219    -85.3385275   0.000   0.165   16.443  0.311   2      -0.450  1.600   199     920     83.6912882    -85.0275228   -446362.8882810  -525616.1396210  -439962.8882810  -523816.1396210  
191     360     888     -3      35      83.4248694    -83.7570664   0.000   0.296   30.892  0.634   3      -0.150  1.750   357     923     83.4693331    -83.3458194   -446362.8882810  -556016.1396210  -439362.8882810  -555416.1396210  
192     680     888     0       1       82.9560461    -80.7509213   0.000   0.297   31.724  0.730   3      0.000   0.050   680     889     82.9571207    -80.7387465   -446362.8882810  -620016.1396210  -446162.8882810  -620016.1396210  
193     640     896     0       5       83.0242947    -81.0065640   0.000   0.308   33.144  0.727   3      0.000   0.250   640     901     83.0296983    -80.9452528   -444762.8882810  -612016.1396210  -443762.8882810  -612016.1396210  
194     448     904     -4      5       83.3158545    -82.6888648   0.000   0.291   31.799  0.604   3      -0.200  0.250   444     909     83.3273043    -82.6649334   -443162.8882810  -573616.1396210  -442162.8882810  -572816.1396210  
195     488     912     -3      4       83.2663672    -82.2057628   0.000   0.311   34.364  0.656   3      -0.150  0.200   485     916     83.2752144    -82.1842072   -441562.8882810  -581616.1396210  -440762.8882810  -581016.1396210  
196     328     920     -4      33      83.5076608    -83.6769653   0.000   0.350   39.393  0.755   3      -0.200  1.650   324     953     83.5512244    -83.2957573   -439962.8882810  -549616.1396210  -433362.8882810  -548816.1396210  
197     576     928     -2      4       83.1541239    -81.1877300   0.000   0.234   24.157  0.586   3      -0.100  0.200   574     932     83.1614383    -81.1560945   -438362.8882810  -599216.1396210  -437562.8882810  -598816.1396210  
198     608     928     -1      4       83.1065175    -80.8981323   0.000   0.333   37.305  0.735   3      -0.050  0.200   607     932     83.1123213    -80.8574202   -438362.8882810  -605616.1396210  -437562.8882810  -605416.1396210  
199     264     936     -8      31      83.6178307    -84.1323977   0.000   0.117   11.922  0.234   1      -0.400  1.550   256     967     83.6651717    -83.8154755   -436762.8882810  -536816.1396210  -430562.8882810  -535216.1396210  
200     360     936     -3      32      83.4798091    -83.1504127   0.000   0.182   17.999  0.525   3      -0.150  1.600   357     968     83.5203919    -82.7702303   -436762.8882810  -556016.1396210  -430362.8882810  -555416.1396210  
201     464     944     -4      4       83.3371201    -82.0317119   0.000   0.293   31.698  0.724   3      -0.200  0.200   460     948     83.3474297    -82.0192561   -435162.8882810  -576816.1396210  -434362.8882810  -576016.1396210  
202     496     944     -3      4       83.2900163    -81.7282178   0.000   0.358   39.380  0.720   3      -0.150  0.200   493     948     83.2988423    -81.7059548   -435162.8882810  -583216.1396210  -434362.8882810  -582616.1396210  
203     528     944     -2      4       83.2427294    -81.4289724   0.000   0.290   33.040  0.649   3      -0.100  0.200   526     948     83.2500603    -81.3971829   -435162.8882810  -589616.1396210  -434362.8882810  -589216.1396210  
204     656     944     0       4       83.0518283    -80.2730428   0.000   0.263   27.795  0.622   3      0.000   0.200   656     948     83.0560753    -80.2233530   -435162.8882810  -615216.1396210  -434362.8882810  -615216.1396210  
205     688     952     0       0       83.0121129    -79.8948824   0.000   0.234   23.537  0.435   3      0.000   0.000   688     952     83.0121129    -79.8948824   -433562.8882810  -621616.1396210  -433562.8882810  -621616.1396210  
206     608     960     -1      4       83.1408732    -80.4988145   0.000   0.326   34.452  0.648   3      -0.050  0.200   607     964     83.1466430    -80.4575600   -431962.8882810  -605616.1396210  -431162.8882810  -605416.1396210  
207     432     968     -4      4       83.4107334    -82.0335235   0.000   0.311   33.209  0.649   3      -0.200  0.200   428     972     83.4210437    -82.0209309   -430362.8882810  -570416.1396210  -429562.8882810  -569616.1396210  
208     648     976     0       4       83.0977286    -79.9438379   0.000   0.287   30.106  0.665   3      0.000   0.200   648     980     83.1019412    -79.8936145   -428762.8882810  -613616.1396210  -427962.8882810  -613616.1396210  
209     696     984     0       0       83.0334882    -79.4273991   0.000   0.271   27.986  0.412   3      0.000   0.000   696     984     83.0334882    -79.4273991   -427162.8882810  -623216.1396210  -427162.8882810  -623216.1396210  
210     504     992     -3      3       83.3305645    -81.0428813   0.000   0.386   42.557  0.746   3      -0.150  0.150   501     995     83.3382768    -81.0324035   -425562.8882810  -584816.1396210  -424962.8882810  -584216.1396210  
211     584     992     -2      3       83.2109784    -80.3102475   0.000   0.302   33.734  0.614   3      -0.100  0.150   582     995     83.2171717    -80.2901190   -425562.8882810  -600816.1396210  -424962.8882810  -600416.1396210  
212     536     1000    -2      3       83.2914500    -80.6444220   0.000   0.281   30.348  0.612   3      -0.100  0.150   534     1003    83.2976576    -80.6243612   -423962.8882810  -591216.1396210  -423362.8882810  -590816.1396210  
213     616     1000    -2      2       83.1712827    -79.9230358   0.000   0.255   26.053  0.649   3      -0.100  0.100   614     1002    83.1764066    -79.9153724   -423962.8882810  -607216.1396210  -423562.8882810  -606816.1396210  
214     728     1000    0       0       83.0013339    -78.9550336   0.000   0.375   43.701  0.764   3      0.000   0.000   728     1000    83.0013339    -78.9550336   -423962.8882810  -629616.1396210  -423962.8882810  -629616.1396210  
215     664     1008    0       3       83.1070120    -79.4012688   0.000   0.244   25.878  0.624   3      0.000   0.150   664     1011    83.1101290    -79.3633085   -422362.8882810  -616816.1396210  -421762.8882810  -616816.1396210  
216     472     1016    -3      3       83.4041698    -81.0336317   0.000   0.378   41.640  0.746   3      -0.150  0.150   469     1019    83.4118825    -81.0230258   -420762.8882810  -578416.1396210  -420162.8882810  -577816.1396210  
217     584     1024    -1      3       83.2448413    -79.9017796   0.000   0.363   39.800  0.732   3      -0.050  0.150   583     1027    83.2495081    -79.8722232   -419162.8882810  -600816.1396210  -418562.8882810  -600616.1396210  
218     624     1032    -1      2       83.1926840    -79.4446836   0.000   0.374   39.688  0.710   3      -0.050  0.100   623     1034    83.1962826    -79.4278530   -417562.8882810  -608816.1396210  -417162.8882810  -608616.1396210  
219     704     1032    0       0       83.0707977    -78.7546968   0.000   0.188   20.342  0.459   3      0.000   0.000   704     1032    83.0707977    -78.7546968   -417562.8882810  -624816.1396210  -417562.8882810  -624816.1396210  
220     760     1032    0       0       82.9849074    -78.2860505   0.000   0.297   30.555  0.533   3      0.000   0.000   760     1032    82.9849074    -78.2860505   -417562.8882810  -636016.1396210  -417562.8882810  -636016.1396210  
221     528     1040    -2      2       83.3461122    -80.2022356   0.000   0.337   37.138  0.682   3      -0.100  0.100   526     1042    83.3512414    -80.1945860   -415962.8882810  -589616.1396210  -415562.8882810  -589216.1396210  
222     488     1048    -3      2       83.4146807    -80.4673492   0.000   0.199   24.365  0.615   3      -0.150  0.100   485     1050    83.4213132    -80.4691454   -414362.8882810  -581616.1396210  -413962.8882810  -581016.1396210  
223     608     1064    -1      2       83.2501919    -79.1732364   0.000   0.334   36.388  0.760   3      -0.050  0.100   607     1066    83.2537812    -79.1561170   -411162.8882810  -605616.1396210  -410762.8882810  -605416.1396210  
224     760     1064    0       0       83.0170420    -77.8812994   0.000   0.355   38.893  0.769   3      0.000   0.000   760     1064    83.0170420    -77.8812994   -411162.8882810  -636016.1396210  -411162.8882810  -636016.1396210  
225     648     1072    0       2       83.1973547    -78.7214380   0.000   0.206   23.199  0.558   3      0.000   0.100   648     1074    83.1993970    -78.6955917   -409562.8882810  -613616.1396210  -409162.8882810  -613616.1396210  
226     488     1080    -2      2       83.4486774    -80.0469639   0.000   0.314   33.144  0.707   3      -0.100  0.100   486     1082    83.4538046    -80.0390723   -407962.8882810  -581616.1396210  -407562.8882810  -581216.1396210  
227     688     1088    0       1       83.1521700    -78.1734470   0.000   0.365   40.439  0.689   3      0.000   0.050   688     1089    83.1531766    -78.1605300   -406362.8882810  -621616.1396210  -406162.8882810  -621616.1396210  
228     744     1096    0       0       83.0736425    -77.6038607   0.000   0.338   37.733  0.733   3      0.000   0.000   744     1096    83.0736425    -77.6038607   -404762.8882810  -632816.1396210  -404762.8882810  -632816.1396210  
229     520     1104    -1      2       83.4254533    -79.4357961   0.000   0.181   23.253  0.572   3      -0.050  0.100   519     1106    83.4290524    -79.4183630   -403162.8882810  -588016.1396210  -402762.8882810  -587816.1396210  
230     552     1112    -1      1       83.3850503    -79.0413286   0.000   0.284   32.795  0.705   3      -0.050  0.050   551     1113    83.3876055    -79.0370323   -401562.8882810  -594416.1396210  -401362.8882810  -594216.1396210  
231     640     1120    0       1       83.2583150    -78.1652944   0.000   0.352   40.177  0.737   3      0.000   0.050   640     1121    83.2593214    -78.1521722   -399962.8882810  -612016.1396210  -399762.8882810  -612016.1396210  
232     768     1136    0       0       83.0755661    -76.8923437   0.000   0.240   23.945  0.680   3      0.000   0.000   768     1136    83.0755661    -76.8923437   -396762.8882810  -637616.1396210  -396762.8882810  -637616.1396210  
233     512     1144    -1      1       83.4790163    -78.9744882   0.000   0.183   20.326  0.240   1      -0.050  0.050   511     1145    83.4815712    -78.9701036   -395162.8882810  -586416.1396210  -394962.8882810  -586216.1396210  
234     544     1144    -1      1       83.4300926    -78.6868642   0.000   0.342   37.727  0.491   3      -0.050  0.050   543     1145    83.4326448    -78.6824003   -395162.8882810  -592816.1396210  -394962.8882810  -592616.1396210  
235     648     1152    0       0       83.2779600    -77.6754176   0.000   0.342   37.898  0.722   3      0.000   0.000   648     1152    83.2779600    -77.6754176   -393562.8882810  -613616.1396210  -393562.8882810  -613616.1396210  
236     600     1160    0       0       83.3601665    -77.9806617   0.000   0.293   32.836  0.670   3      0.000   0.000   600     1160    83.3601665    -77.9806617   -391962.8882810  -604016.1396210  -391962.8882810  -604016.1396210  
237     688     1160    0       0       83.2237504    -77.2336679   0.000   0.340   37.255  0.708   3      0.000   0.000   688     1160    83.2237504    -77.2336679   -391962.8882810  -621616.1396210  -391962.8882810  -621616.1396210  
238     776     1176    0       0       83.1015917    -76.3074195   0.000   0.231   25.400  0.517   3      0.000   0.000   776     1176    83.1015917    -76.3074195   -388762.8882810  -639216.1396210  -388762.8882810  -639216.1396210  
239     576     1192    0       1       83.4292270    -77.7590700   0.000   0.216   24.521  0.236   1      0.000   0.050   576     1193    83.4302227    -77.7455437   -385562.8882810  -599216.1396210  -385362.8882810  -599216.1396210  
240     632     1192    0       0       83.3423242    -77.2781205   0.000   0.368   39.839  0.758   3      0.000   0.000   632     1192    83.3423242    -77.2781205   -385562.8882810  -610416.1396210  -385562.8882810  -610416.1396210  
241     712     1192    0       0       83.2174036    -76.6125462   0.000   0.326   34.989  0.708   3      0.000   0.000   712     1192    83.2174036    -76.6125462   -385562.8882810  -626416.1396210  -385562.8882810  -626416.1396210  
242     792     1216    0       0       83.1142373    -75.6554099   0.000   0.263   27.000  0.616   3      0.000   0.000   792     1216    83.1142373    -75.6554099   -380762.8882810  -642416.1396210  -380762.8882810  -642416.1396210  
243     632     1224    0       0       83.3735857    -76.8466797   0.000   0.269   30.575  0.319   2      0.000   0.000   632     1224    83.3735857    -76.8466797   -379162.8882810  -610416.1396210  -379162.8882810  -610416.1396210  
244     712     1224    0       0       83.2480816    -76.1860643   0.000   0.299   32.653  0.674   3      0.000   0.000   712     1224    83.2480816    -76.1860643   -379162.8882810  -626416.1396210  -379162.8882810  -626416.1396210  
245     680     1232    0       0       83.3060564    -76.3395987   0.000   0.325   34.787  0.748   3      0.000   0.000   680     1232    83.3060564    -76.3395987   -377562.8882810  -620016.1396210  -377562.8882810  -620016.1396210  
246     712     1256    0       0       83.2783839    -75.7557045   0.000   0.280   30.773  0.616   3      0.000   0.000   712     1256    83.2783839    -75.7557045   -372762.8882810  -626416.1396210  -372762.8882810  -626416.1396210  
247     824     1264    0       0       83.1078014    -74.7722217   0.000   0.287   26.458  0.683   3      0.000   0.000   824     1264    83.1078014    -74.7722217   -371162.8882810  -648816.1396210  -371162.8882810  -648816.1396210  
248     752     1288    0       0       83.2446652    -75.0055918   0.000   0.297   29.605  0.502   3      0.000   0.000   752     1288    83.2446652    -75.0055918   -366362.8882810  -634416.1396210  -366362.8882810  -634416.1396210  
249     856     1288    1       1       83.0782932    -74.2116571   0.000   0.172   15.959  0.444   3      0.050   0.050   857     1289    83.0775848    -74.1908858   -366362.8882810  -655216.1396210  -366162.8882810  -655416.1396210  
250     824     1296    0       0       83.1368458    -74.3445909   0.000   0.291   28.907  0.773   3      0.000   0.000   824     1296    83.1368458    -74.3445909   -364762.8882810  -648816.1396210  -364762.8882810  -648816.1396210  
251     864     1320    0       0       83.0939303    -73.7245958   0.000   0.251   25.518  0.699   3      0.000   0.000   864     1320    83.0939303    -73.7245958   -359962.8882810  -656816.1396210  -359962.8882810  -656816.1396210  
252     832     1328    1       0       83.1526179    -73.8536557   0.000   0.370   43.851  0.753   3      0.050   0.000   833     1328    83.1510063    -73.8462109   -358362.8882810  -650416.1396210  -358362.8882810  -650616.1396210  
253     864     1352    1       0       83.1220316    -73.2934963   0.000   0.302   27.584  0.697   3      0.050   0.000   865     1352    83.1204114    -73.2862165   -353562.8882810  -656816.1396210  -353562.8882810  -657016.1396210  
254     864     1384    1       0       83.1497419    -72.8588763   0.000   0.221   25.343  0.364   2      0.050   0.000   865     1384    83.1481152    -72.8516703   -347162.8882810  -656816.1396210  -347162.8882810  -657016.1396210  
