CP      startX  startY  dispX   dispY   sLat          sLon          theta   pCorr   pkStr   cCorr   conf   velX    velY    endX    endY    eLat          eLon          nps_startX    nps_startY    nps_endX      nps_endY      
0       1880    64      34      2       70.6066667    -61.2299260   0.000   0.167   16.956  0.480   3      6.800   0.400   1914    66      70.5490372    -61.1683766   -592610.1418230  -2035808.0064300  -592210.1418230  -2042608.0064300  
1       1848    88      35      2       70.6738813    -61.1534540   0.000   0.137   13.392  0.391   2      7.000   0.400   1883    90      70.6144878    -61.0904204   -587810.1418230  -2029408.0064300  -587410.1418230  -2036408.0064300  
2       1864    120     37      2       70.6621626    -60.9627248   5.625   0.167   16.010  0.409   3      7.400   0.400   1901    122     70.5992476    -60.8973651   -581410.1418230  -2032608.0064300  -581010.1418230  -2040008.0064300  
3       1720    136     37      4       70.9187866    -61.0957947   0.000   0.126   12.396  0.299   1      7.400   0.800   1757    140     70.8568681    -61.0185704   -578210.1418230  -2003808.0064300  -577410.1418230  -2011208.0064300  
4       1744    168     39      3       70.8931654    -60.8905830   5.625   0.091   8.710   0.277   1      7.800   0.600   1783    171     70.8272136    -60.8164200   -571810.1418230  -2008608.0064300  -571210.1418230  -2016408.0064300  
5       1880    168     41      1       70.6580254    -60.6887919   5.625   0.148   14.584  0.493   3      8.200   0.200   1921    169     70.5876069    -60.6237350   -571810.1418230  -2035808.0064300  -571610.1418230  -2044008.0064300  
6       1632    176     38      1       71.0907236    -61.0179682   0.000   0.162   16.063  0.401   3      7.600   0.200   1670    177     71.0255298    -60.9547132   -570210.1418230  -1986208.0064300  -570010.1418230  -1993808.0064300  
7       1672    184     39      -1      71.0255274    -60.9144835   0.000   0.143   13.290  0.361   2      7.800   -0.200  1711    183     70.9575970    -60.8608987   -568610.1418230  -1994208.0064300  -568810.1418230  -2002008.0064300  
8       1808    184     42      5       70.7903260    -60.7109792   5.625   0.162   15.815  0.421   3      8.400   1.000   1850    189     70.7200956    -60.6229772   -568610.1418230  -2021408.0064300  -567610.1418230  -2029808.0064300  
9       1920    184     43      -1      70.5965740    -60.5471593   5.625   0.145   15.851  0.443   3      8.600   -0.200  1963    183     70.5216955    -60.4903311   -568610.1418230  -2043808.0064300  -568810.1418230  -2052408.0064300  
10      1592    192     39      4       71.1678117    -60.9937941   0.000   0.129   11.938  0.427   3      7.800   0.800   1631    196     71.1023458    -60.9128312   -567010.1418230  -1978208.0064300  -566210.1418230  -1986008.0064300  
11      1840    192     42      3       70.7388486    -60.6219099   5.625   0.114   10.796  0.425   3      8.400   0.600   1882    195     70.6676212    -60.5449237   -567010.1418230  -2027808.0064300  -566410.1418230  -2036208.0064300  
12      1560    208     40      6       71.2310753    -60.9571196   5.625   0.138   14.094  0.389   3      8.000   1.200   1600    214     71.1648347    -60.8637763   -563810.1418230  -1971808.0064300  -562610.1418230  -1979808.0064300  
13      1704    208     41      5       70.9819430    -60.7388659   0.000   0.112   9.732   0.252   1      8.200   1.000   1745    213     70.9134193    -60.6513418   -563810.1418230  -2000608.0064300  -562810.1418230  -2008808.0064300  
14      1872    216     44      2       70.6950100    -60.4496227   0.000   0.077   6.697   0.290   1      8.800   0.400   1916    218     70.6197760    -60.3758064   -562210.1418230  -2034208.0064300  -561810.1418230  -2043008.0064300  
15      1840    224     44      3       70.7542494    -60.4540541   0.000   0.141   13.219  0.448   3      8.800   0.600   1884    227     70.6794807    -60.3747588   -560610.1418230  -2027808.0064300  -560010.1418230  -2036608.0064300  
16      1736    232     42      4       70.9381894    -60.5640674   0.000   0.100   9.300   0.380   2      8.400   0.800   1778    236     70.8673756    -60.4812034   -559010.1418230  -2007008.0064300  -558210.1418230  -2015408.0064300  
17      1792    240     45      5       70.8450419    -60.4396538   0.000   0.084   7.682   0.333   2      9.000   1.000   1837    245     70.7694662    -60.3480777   -557410.1418230  -2018208.0064300  -556410.1418230  -2027208.0064300  
18      1600    248     42      3       71.1814588    -60.6815243   0.000   0.113   10.009  0.391   2      8.400   0.600   1642    251     71.1101685    -60.6024726   -555810.1418230  -1979808.0064300  -555210.1418230  -1988208.0064300  
19      1896    248     47      0       70.6686516    -60.2477180   5.625   0.149   16.514  0.442   3      9.400   0.000   1943    248     70.5871978    -60.1809833   -555810.1418230  -2039008.0064300  -555810.1418230  -2048408.0064300  
20      1864    256     -80     63      70.7278913    -60.2515112   11.250  0.087   7.835   0.291   1      -16.000  12.600  1784    319     70.8962286    -60.0334396   -554210.1418230  -2032608.0064300  -541610.1418230  -2016608.0064300  
21      1424    272     41      0       71.4980211    -60.8202269   0.000   0.088   8.954   0.320   1      8.200   0.000   1465    272     71.4269970    -60.7571021   -551010.1418230  -1944608.0064300  -551010.1418230  -1952808.0064300  
22      1632    272     43      1       71.1376227    -60.5049798   5.625   0.171   15.781  0.514   3      8.600   0.200   1675    273     71.0635725    -60.4359939   -551010.1418230  -1986208.0064300  -550810.1418230  -1994808.0064300  
23      1776    280     47      7       70.8917974    -60.2514797   5.625   0.193   18.921  0.474   3      9.400   1.400   1823    287     70.8135838    -60.1470268   -549410.1418230  -2015008.0064300  -548010.1418230  -2024408.0064300  
24      1536    288     44      7       71.3117301    -60.5624770   0.000   0.168   16.373  0.505   3      8.800   1.400   1580    295     71.2388129    -60.4587948   -547810.1418230  -1967008.0064300  -546410.1418230  -1975808.0064300  
25      1848    296     50      2       70.7744288    -60.0640409   0.000   0.101   10.024  0.336   2      10.000  0.400   1898    298     70.6886035    -59.9830239   -546210.1418230  -2029408.0064300  -545810.1418230  -2039408.0064300  
26      1456    304     44      2       71.4581606    -60.5967013   0.000   0.137   12.634  0.525   3      8.800   0.400   1500    306     71.3828278    -60.5191991   -544610.1418230  -1951008.0064300  -544210.1418230  -1959808.0064300  
27      1584    304     45      4       71.2361844    -60.4043536   0.000   0.118   12.220  0.404   3      9.000   0.800   1629    308     71.1600315    -60.3163551   -544610.1418230  -1976608.0064300  -543810.1418230  -1985608.0064300  
28      1784    312     50      6       70.8929612    -60.0705337   5.625   0.181   16.514  0.428   3      10.000  1.200   1834    318     70.8089676    -59.9678712   -543010.1418230  -2016608.0064300  -541810.1418230  -2026608.0064300  
29      1880    312     51      1       70.7263350    -59.9347806   5.625   0.161   15.496  0.456   3      10.200  0.200   1931    313     70.6382650    -59.8583971   -543010.1418230  -2035808.0064300  -542810.1418230  -2046008.0064300  
30      1328    320     43      2       71.6878843    -60.7055807   0.000   0.163   16.192  0.437   3      8.600   0.400   1371    322     71.6142854    -60.6281773   -541410.1418230  -1925408.0064300  -541010.1418230  -1934008.0064300  
31      1816    320     51      4       70.8411440    -59.9827374   5.625   0.114   10.475  0.385   1      10.200  0.800   1867    324     70.7544520    -59.8898760   -541410.1418230  -2023008.0064300  -540610.1418230  -2033208.0064300  
32      1296    328     43      3       71.7472800    -60.7111042   0.000   0.205   19.970  0.488   3      8.600   0.600   1339    331     71.6741569    -60.6279100   -539810.1418230  -1919008.0064300  -539210.1418230  -1927608.0064300  
33      1416    328     45      2       71.5391284    -60.5264570   0.000   0.158   17.038  0.401   3      9.000   0.400   1461    330     71.4620134    -60.4473938   -539810.1418230  -1943008.0064300  -539410.1418230  -1952008.0064300  
34      1512    336     47      6       71.3763730    -60.3383188   0.000   0.110   10.286  0.388   2      9.400   1.200   1559    342     71.2976318    -60.2361524   -538210.1418230  -1962208.0064300  -537010.1418230  -1971608.0064300  
35      1640    336     47      2       71.1541738    -60.1499183   0.000   0.104   10.770  0.345   2      9.400   0.400   1687    338     71.0735056    -60.0711709   -538210.1418230  -1987808.0064300  -537810.1418230  -1997208.0064300  
36      1848    336     53      3       70.7929806    -59.8532276   0.000   0.081   8.878   0.217   1      10.600  0.600   1901    339     70.7022999    -59.7636797   -538210.1418230  -2029408.0064300  -537610.1418230  -2040008.0064300  
37      1248    352     44      5       71.8422377    -60.6527056   0.000   0.176   16.286  0.455   3      8.800   1.000   1292    357     71.7683004    -60.5566768   -535010.1418230  -1909408.0064300  -534010.1418230  -1918208.0064300  
38      1360    352     46      3       71.6478597    -60.4799583   0.000   0.139   13.819  0.415   3      9.200   0.600   1406    355     71.5694435    -60.3936197   -535010.1418230  -1931808.0064300  -534410.1418230  -1941008.0064300  
39      1992    352     57      6       70.5501016    -59.5709844   5.625   0.152   15.601  0.418   3      11.400  1.200   2049    358     70.4537336    -59.4629679   -535010.1418230  -2058208.0064300  -533810.1418230  -2069608.0064300  
40      1416    360     47      3       71.5544674    -60.3511071   0.000   0.089   8.766   0.342   2      9.400   0.600   1463    363     71.4742735    -60.2642750   -533410.1418230  -1943008.0064300  -532810.1418230  -1952408.0064300  
41      1584    360     48      4       71.2626911    -60.1021716   0.000   0.128   13.332  0.507   3      9.600   0.800   1632    364     71.1811720    -60.0109620   -533410.1418230  -1976608.0064300  -532610.1418230  -1986208.0064300  
42      1768    360     53      6       70.9430116    -59.8384252   5.625   0.183   16.912  0.399   3      10.600  1.200   1821    366     70.8536563    -59.7323491   -533410.1418230  -2013408.0064300  -532210.1418230  -2024008.0064300  
43      1208    368     43      4       71.9194326    -60.6259239   0.000   0.242   25.131  0.543   3      8.600   0.800   1251    372     71.8467196    -60.5367080   -531810.1418230  -1901408.0064300  -531010.1418230  -1910008.0064300  
44      1504    368     48      6       71.4054209    -60.1761774   0.000   0.201   20.128  0.530   3      9.600   1.200   1552    374     71.3248436    -60.0730848   -531810.1418230  -1960608.0064300  -530610.1418230  -1970208.0064300  
45      1920    368     55      -2      70.6824795    -59.5852459   5.625   0.184   16.106  0.500   3      11.000  -0.400  1975    366     70.5859640    -59.5209238   -531810.1418230  -2043808.0064300  -532210.1418230  -2054808.0064300  
46      1704    376     52      3       71.0616080    -59.8435388   0.000   0.136   12.822  0.340   2      10.400  0.600   1756    379     70.9725915    -59.7541543   -530210.1418230  -2000608.0064300  -529610.1418230  -2011008.0064300  
47      1968    384     60      8       70.6062176    -59.4362383   5.625   0.209   21.916  0.511   3      12.000  1.600   2028    392     70.5054190    -59.3141757   -528610.1418230  -2053408.0064300  -527010.1418230  -2065408.0064300  
48      1280    392     47      4       71.8059585    -60.3807816   0.000   0.171   16.617  0.425   3      9.400   0.800   1327    396     71.7261989    -60.2870639   -527010.1418230  -1915808.0064300  -526210.1418230  -1925208.0064300  
49      1336    392     47      3       71.7086594    -60.2955851   0.000   0.246   28.981  0.700   3      9.400   0.600   1383    395     71.6284050    -60.2082587   -527010.1418230  -1927008.0064300  -526410.1418230  -1936408.0064300  
50      1544    392     50      6       71.3471480    -59.9870521   5.625   0.178   16.914  0.456   3      10.000  1.200   1594    398     71.2629979    -59.8822382   -527010.1418230  -1968608.0064300  -525810.1418230  -1978608.0064300  
51      1776    392     55      6       70.9437479    -59.6569653   0.000   0.110   11.742  0.405   3      11.000  1.200   1831    398     70.8508040    -59.5489970   -527010.1418230  -2015008.0064300  -525810.1418230  -2026008.0064300  
52      1392    400     48      3       71.6151213    -60.1672541   0.000   0.093   8.008   0.277   1      9.600   0.600   1440    403     71.5330877    -60.0794666   -525410.1418230  -1938208.0064300  -524810.1418230  -1947808.0064300  
53      1504    400     49      6       71.4204151    -60.0018216   0.000   0.153   14.262  0.438   3      9.800   1.200   1553    406     71.3379956    -59.8979663   -525410.1418230  -1960608.0064300  -524210.1418230  -1970408.0064300  
54      1808    400     55      4       70.8917170    -59.5700760   0.000   0.117   10.976  0.454   3      11.000  0.800   1863    404     70.7978357    -59.4734064   -525410.1418230  -2021408.0064300  -524610.1418230  -2032408.0064300  
55      1248    408     47      4       71.8692017    -60.3406186   0.000   0.110   13.695  0.513   3      9.400   0.800   1295    412     71.7894079    -60.2467490   -523810.1418230  -1909408.0064300  -523010.1418230  -1918808.0064300  
56      1728    408     53      3       71.0345141    -59.6385338   0.000   0.098   9.162   0.212   1      10.600  0.600   1781    411     70.9436612    -59.5488718   -523810.1418230  -2005408.0064300  -523210.1418230  -2016008.0064300  
57      1936    408     57      -2      70.6726035    -59.3534547   0.000   0.135   12.191  0.325   2      11.400  -0.400  1993    406     70.5725252    -59.2876763   -523810.1418230  -2047008.0064300  -524210.1418230  -2058408.0064300  
58      2000    408     61      6       70.5612293    -59.2679125   0.000   0.082   8.852   0.364   2      12.200  1.200   2061    414     70.4577068    -59.1561106   -523810.1418230  -2059808.0064300  -522610.1418230  -2072008.0064300  
59      1192    416     46      6       71.9703523    -60.3819460   0.000   0.096   8.229   0.254   1      9.200   1.200   1238    422     71.8932466    -60.2777059   -522210.1418230  -1898208.0064300  -521010.1418230  -1907408.0064300  
60      1448    416     49      3       71.5252498    -59.9963758   0.000   0.136   15.699  0.386   2      9.800   0.600   1497    419     71.4414147    -59.9083349   -522210.1418230  -1949408.0064300  -521610.1418230  -1959208.0064300  
61      1584    416     50      4       71.2886860    -59.7991270   0.000   0.155   13.887  0.327   2      10.000  0.800   1634    420     71.2035271    -59.7062948   -522210.1418230  -1976608.0064300  -521410.1418230  -1986608.0064300  
62      1640    416     53      3       71.1912601    -59.7193738   0.000   0.210   21.010  0.616   3      10.600  0.600   1693    419     71.1004084    -59.6285595   -522210.1418230  -1987808.0064300  -521610.1418230  -1998408.0064300  
63      1848    416     57      2       70.8293187    -59.4303689   0.000   0.111   9.970   0.470   3      11.400  0.400   1905    418     70.7310062    -59.3425591   -522210.1418230  -2029408.0064300  -521810.1418230  -2040808.0064300  
64      1088    424     43      1       72.1549500    -60.4988331   0.000   0.140   13.352  0.346   2      8.600   0.200   1131    425     72.0806917    -60.4258898   -520610.1418230  -1877408.0064300  -520410.1418230  -1886008.0064300  
65      1896    424     58      -1      70.7493407    -59.3230459   5.625   0.183   19.607  0.569   3      11.600  -0.200  1954    423     70.6479301    -59.2505788   -520610.1418230  -2039008.0064300  -520810.1418230  -2050608.0064300  
66      1304    432     48      3       71.7831966    -60.1219749   0.000   0.192   19.575  0.502   3      9.600   0.600   1352    435     71.7011036    -60.0335743   -519010.1418230  -1920608.0064300  -518410.1418230  -1930208.0064300  
67      1392    432     49      4       71.6301144    -59.9908668   0.000   0.172   16.892  0.420   3      9.800   0.800   1441    436     71.5467155    -59.8968491   -519010.1418230  -1938208.0064300  -518210.1418230  -1948008.0064300  
68      1696    432     53      3       71.1010770    -59.5545639   0.000   0.188   19.845  0.436   3      10.600  0.600   1749    435     71.0101644    -59.4649912   -519010.1418230  -1999008.0064300  -518410.1418230  -2009608.0064300  
69      2008    440     63      4       70.5613769    -59.0900708   0.000   0.084   8.294   0.375   2      12.600  0.800   2071    444     70.4533879    -58.9870434   -517410.1418230  -2061408.0064300  -516610.1418230  -2074008.0064300  
70      1352    456     48      3       71.7108789    -59.9172274   0.000   0.147   14.551  0.403   3      9.600   0.600   1400    459     71.6287037    -59.8301111   -514210.1418230  -1930208.0064300  -513610.1418230  -1939808.0064300  
71      1456    456     50      7       71.5298243    -59.7651753   0.000   0.075   9.653   0.329   1      10.000  1.400   1506    463     71.4459578    -59.6548676   -514210.1418230  -1951008.0064300  -512810.1418230  -1961008.0064300  
72      1616    456     53      3       71.2512104    -59.5370800   0.000   0.201   20.133  0.459   3      10.600  0.600   1669    459     71.1602507    -59.4468669   -514210.1418230  -1983008.0064300  -513610.1418230  -1993608.0064300  
73      1896    456     59      -1      70.7634818    -59.1540867   0.000   0.204   20.667  0.577   3      11.800  -0.200  1955    455     70.6602549    -59.0811497   -514210.1418230  -2039008.0064300  -514410.1418230  -2050808.0064300  
74      1096    464     44      1       72.1601708    -60.2594727   0.000   0.185   19.243  0.489   3      8.800   0.200   1140    465     72.0840784    -60.1859818   -512610.1418230  -1879008.0064300  -512410.1418230  -1887808.0064300  
75      1248    464     49      5       71.8956367    -60.0275961   0.000   0.224   23.219  0.539   3      9.800   1.000   1297    469     71.8126608    -59.9264375   -512610.1418230  -1909408.0064300  -511610.1418230  -1919208.0064300  
76      1688    464     53      2       71.1293929    -59.3936201   0.000   0.089   12.807  0.424   3      10.600  0.400   1741    466     71.0379475    -59.3100554   -512610.1418230  -1997408.0064300  -512210.1418230  -2008008.0064300  
77      1736    464     57      5       71.0457694    -59.3276128   0.000   0.128   12.609  0.318   2      11.400  1.000   1793    469     70.9486706    -59.2233252   -512610.1418230  -2007008.0064300  -511610.1418230  -2018408.0064300  
78      1000    472     44      2       72.3310184    -60.3637325   0.000   0.188   19.375  0.613   3      8.800   0.400   1044    474     72.2554084    -60.2833626   -511010.1418230  -1859808.0064300  -510610.1418230  -1868608.0064300  
79      1208    472     49      6       71.9690093    -60.0429902   0.000   0.105   9.507   0.230   1      9.800   1.200   1257    478     71.8864901    -59.9357462   -511010.1418230  -1901408.0064300  -509810.1418230  -1911208.0064300  
80      1824    480     59      3       70.8994850    -59.1229911   5.625   0.227   25.478  0.627   3      11.800  0.600   1883    483     70.7979486    -59.0285146   -509410.1418230  -2024608.0064300  -508810.1418230  -2036408.0064300  
81      952     488     42      -2      72.4221937    -60.3475420   0.000   0.327   34.621  0.712   3      8.400   -0.400  994     486     72.3481380    -60.2929021   -507810.1418230  -1850208.0064300  -508210.1418230  -1858608.0064300  
82      1176    488     50      7       72.0322049    -60.0012490   0.000   0.136   14.886  0.526   3      10.000  1.400   1226    495     71.9483686    -59.8867053   -507810.1418230  -1895008.0064300  -506410.1418230  -1905008.0064300  
83      1360    488     50      2       71.7116944    -59.7280176   0.000   0.159   15.434  0.411   3      10.000  0.400   1410    490     71.6254888    -59.6443962   -507810.1418230  -1931808.0064300  -507410.1418230  -1941808.0064300  
84      1568    488     53      4       71.3492386    -59.4306412   0.000   0.150   14.098  0.287   1      10.600  0.800   1621    492     71.2586458    -59.3350525   -507810.1418230  -1973408.0064300  -507010.1418230  -1984008.0064300  
85      1032    496     44      2       72.2867239    -60.1763424   0.000   0.288   30.420  0.675   3      8.800   0.400   1076    498     72.2110433    -60.0969851   -506210.1418230  -1866208.0064300  -505810.1418230  -1875008.0064300  
86      1104    496     44      1       72.1613401    -60.0654372   0.000   0.199   18.934  0.504   3      8.800   0.200   1148    497     72.0851716    -59.9927791   -506210.1418230  -1880608.0064300  -506010.1418230  -1889408.0064300  
87      1448    496     51      6       71.5619898    -59.5567072   0.000   0.151   15.115  0.629   3      10.200  1.200   1499    502     71.4757967    -59.4512365   -506210.1418230  -1949408.0064300  -505010.1418230  -1959608.0064300  
88      1688    496     53      2       71.1436161    -59.2212474   0.000   0.174   17.573  0.403   3      10.600  0.400   1741    498     71.0520862    -59.1384661   -506210.1418230  -1997408.0064300  -505810.1418230  -2008008.0064300  
89      1792    496     60      4       70.9622808    -59.0805395   0.000   0.150   14.336  0.346   2      12.000  0.800   1852    500     70.8593937    -58.9793383   -506210.1418230  -2018208.0064300  -505410.1418230  -2030208.0064300  
90      1896    496     61      -1      70.7809275    -58.9425340   0.000   0.217   21.384  0.562   3      12.200  -0.200  1957    495     70.6741196    -58.8680812   -506210.1418230  -2039008.0064300  -506410.1418230  -2051208.0064300  
91      1960    496     63      -5      70.6693183    -58.8589180   0.000   0.093   8.037   0.239   1      12.600  -1.000  2023    491     70.5573085    -58.8037404   -506210.1418230  -2051808.0064300  -507210.1418230  -2064408.0064300  
92      1272    504     50      4       71.8723703    -59.7679476   0.000   0.229   23.031  0.493   3      10.000  0.800   1322    508     71.7870586    -59.6722385   -504610.1418230  -1914208.0064300  -503810.1418230  -1924208.0064300  
93      1608    504     53      3       71.2866477    -59.2879321   0.000   0.324   36.102  0.682   3      10.600  0.600   1661    507     71.1955537    -59.1987734   -504610.1418230  -1981408.0064300  -504010.1418230  -1992008.0064300  
94      1752    504     57      4       71.0355350    -59.0914414   0.000   0.200   21.175  0.622   3      11.400  0.800   1809    508     70.9378656    -58.9937735   -504610.1418230  -2010208.0064300  -503810.1418230  -2021608.0064300  
95      1304    512     51      4       71.8202604    -59.6762189   0.000   0.204   22.011  0.591   3      10.200  0.800   1355    516     71.7331696    -59.5797768   -503010.1418230  -1920608.0064300  -502210.1418230  -1930808.0064300  
96      1408    512     51      4       71.6389526    -59.5256647   0.000   0.175   17.896  0.500   3      10.200  0.800   1459    516     71.5518260    -59.4309087   -503010.1418230  -1941408.0064300  -502210.1418230  -1951608.0064300  
97      1824    512     61      -1      70.9134367    -58.9525295   0.000   0.109   10.965  0.230   1      12.200  -0.200  1885    511     70.8065927    -58.8774967   -503010.1418230  -2024608.0064300  -503210.1418230  -2036808.0064300  
98      912     520     42      -1      72.5070689    -60.2258702   0.000   0.214   23.719  0.582   3      8.400   -0.200  954     519     72.4334342    -60.1657151   -501410.1418230  -1842208.0064300  -501610.1418230  -1850608.0064300  
99      976     520     43      -2      72.3955794    -60.1256373   0.000   0.175   13.135  0.529   3      8.600   -0.400  1019    518     72.3197232    -60.0704812   -501410.1418230  -1855008.0064300  -501810.1418230  -1863608.0064300  
100     1184    520     51      6       72.0331065    -59.8086036   0.000   0.170   17.040  0.348   2      10.200  1.200   1235    526     71.9469507    -59.6991123   -501410.1418230  -1896608.0064300  -500210.1418230  -1906808.0064300  
101     1504    520     52      6       71.4751359    -59.3454716   0.000   0.331   35.329  0.709   3      10.400  1.200   1556    526     71.3870964    -59.2401107   -501410.1418230  -1960608.0064300  -500210.1418230  -1971008.0064300  
102     1536    520     52      5       71.4193220    -59.3007135   0.000   0.366   39.938  0.655   3      10.400  1.000   1588    525     71.3308286    -59.2013342   -501410.1418230  -1967008.0064300  -500410.1418230  -1977408.0064300  
103     1720    520     57      3       71.0983471    -59.0485720   0.000   0.176   17.554  0.339   2      11.400  0.600   1777    523     71.0002031    -58.9561556   -501410.1418230  -2003808.0064300  -500810.1418230  -2015208.0064300  
104     880     528     42      -1      72.5666057    -60.2299947   0.000   0.248   25.123  0.545   3      8.400   -0.200  922     527     72.4929609    -60.1696143   -499810.1418230  -1835808.0064300  -500010.1418230  -1844208.0064300  
105     1024    528     44      2       72.3156920    -60.0054452   0.000   0.269   29.413  0.539   3      8.800   0.400   1068    530     72.2399339    -59.9266965   -499810.1418230  -1864608.0064300  -499410.1418230  -1873408.0064300  
106     1056    528     44      2       72.2599199    -59.9564211   0.000   0.238   24.559  0.567   3      8.800   0.400   1100    530     72.1841526    -59.8781345   -499810.1418230  -1871008.0064300  -499410.1418230  -1879808.0064300  
107     1224    528     51      5       71.9670454    -59.7040975   0.000   0.197   18.120  0.660   3      10.200  1.000   1275    533     71.8803892    -59.6011213   -499810.1418230  -1904608.0064300  -498810.1418230  -1914808.0064300  
108     1368    528     51      5       71.7159261    -59.4943565   0.000   0.172   17.060  0.408   3      10.200  1.000   1419    533     71.6292127    -59.3938166   -499810.1418230  -1933408.0064300  -498810.1418230  -1943608.0064300  
109     1784    528     56      4       70.9901538    -58.9200806   0.000   0.142   14.801  0.276   1      11.200  0.800   1840    532     70.8941477    -58.8248520   -499810.1418230  -2016608.0064300  -499010.1418230  -2027808.0064300  
110     1872    528     61      -1      70.8365835    -58.8042695   0.000   0.215   22.064  0.468   3      12.200  -0.200  1933    527     70.7296998    -58.7303785   -499810.1418230  -2034208.0064300  -500010.1418230  -2046408.0064300  
111     1992    528     66      -3      70.6271559    -58.6493578   0.000   0.113   11.934  0.373   2      13.200  -0.600  2058    525     70.5107018    -58.5812837   -499810.1418230  -2058208.0064300  -500410.1418230  -2071408.0064300  
112     2056    528     67      -4      70.5154566    -58.5681249   0.000   0.160   16.402  0.452   3      13.400  -0.800  2123    524     70.3968439    -58.5048874   -499810.1418230  -2071008.0064300  -500610.1418230  -2084408.0064300  
113     848     536     43      -1      72.6261515    -60.2341478   0.000   0.100   8.306   0.264   1      8.600   -0.200  891     535     72.5507542    -60.1719656   -498210.1418230  -1829408.0064300  -498410.1418230  -1838008.0064300  
114     1256    536     51      5       71.9148903    -59.6120680   0.000   0.151   15.277  0.471   3      10.200  1.000   1307    541     71.8281952    -59.5098382   -498210.1418230  -1911008.0064300  -497210.1418230  -1921208.0064300  
115     1624    536     54      3       71.2728517    -59.0921533   0.000   0.348   36.073  0.701   3      10.800  0.600   1678    539     71.1799186    -59.0026776   -498210.1418230  -1984608.0064300  -497610.1418230  -1995408.0064300  
116     1920    536     62      -1      70.7562233    -58.6995622   0.000   0.131   12.473  0.333   2      12.400  -0.200  1982    535     70.6475744    -58.6252966   -498210.1418230  -2043808.0064300  -498410.1418230  -2056208.0064300  
117     1320    544     51      3       71.8068680    -59.4743026   0.000   0.274   28.078  0.621   3      10.200  0.600   1371    547     71.7192274    -59.3844705   -496610.1418230  -1923808.0064300  -496010.1418230  -1934008.0064300  
118     1592    544     54      3       71.3322054    -59.0923341   0.000   0.334   34.226  0.631   3      10.800  0.600   1646    547     71.2392570    -59.0025696   -496610.1418230  -1978208.0064300  -496010.1418230  -1989008.0064300  
119     816     552     43      0       72.6894982    -60.1915067   0.000   0.106   9.887   0.239   2      8.600   0.000   859     552     72.6145460    -60.1234520   -495010.1418230  -1823008.0064300  -495010.1418230  -1831608.0064300  
120     1536    552     52      5       71.4334648    -59.1255304   0.000   0.274   28.286  0.550   3      10.400  1.000   1588    557     71.3448715    -59.0269203   -495010.1418230  -1967008.0064300  -494010.1418230  -1977408.0064300  
121     1824    552     61      -1      70.9306432    -58.7390979   0.000   0.354   40.036  0.718   3      12.200  -0.200  1885    551     70.8237033    -58.6652079   -495010.1418230  -2024608.0064300  -495210.1418230  -2036808.0064300  
122     784     560     43      1       72.7490636    -60.1955551   0.000   0.178   18.477  0.452   3      8.600   0.200   827     561     72.6745726    -60.1213943   -493410.1418230  -1816608.0064300  -493210.1418230  -1825208.0064300  
123     888     560     43      -2      72.5677432    -60.0313632   0.000   0.210   19.948  0.395   2      8.600   -0.400  931     558     72.4918256    -59.9760714   -493410.1418230  -1837408.0064300  -493810.1418230  -1846008.0064300  
124     1216    560     52      6       71.9955609    -59.5355185   0.000   0.216   22.265  0.482   3      10.400  1.200   1268    566     71.9075082    -59.4261360   -493410.1418230  -1903008.0064300  -492210.1418230  -1913408.0064300  
125     1424    560     52      6       71.6325110    -59.2373397   0.000   0.130   13.089  0.530   3      10.400  1.200   1476    566     71.5443704    -59.1315904   -493410.1418230  -1944608.0064300  -492210.1418230  -1955008.0064300  
126     1656    560     54      2       71.2274401    -58.9185862   0.000   0.259   25.651  0.524   3      10.800  0.400   1710    562     71.1340021    -58.8355972   -493410.1418230  -1991008.0064300  -493010.1418230  -2001808.0064300  
127     1704    560     56      3       71.1436194    -58.8543762   0.000   0.289   30.803  0.362   2      11.200  0.600   1760    563     71.0471084    -58.7640755   -493410.1418230  -2000608.0064300  -492810.1418230  -2011808.0064300  
128     920     568     43      -2      72.5156690    -59.9351308   0.000   0.203   22.073  0.471   3      8.600   -0.400  963     566     72.4397340    -59.8804278   -491810.1418230  -1843808.0064300  -492210.1418230  -1852408.0064300  
129     1056    568     44      2       72.2784052    -59.7275124   0.000   0.256   26.487  0.449   3      8.800   0.400   1100    570     72.2025393    -59.6501337   -491810.1418230  -1871008.0064300  -491410.1418230  -1879808.0064300  
130     1624    568     54      3       71.2867862    -58.9182066   0.000   0.360   37.446  0.755   3      10.800  0.600   1678    571     71.1937626    -58.8295386   -491810.1418230  -1984608.0064300  -491210.1418230  -1995408.0064300  
131     1752    568     56      3       71.0632192    -58.7477241   0.000   0.249   25.858  0.615   3      11.200  0.600   1808    571     70.9666759    -58.6583621   -491810.1418230  -2010208.0064300  -491210.1418230  -2021408.0064300  
132     752     576     43      0       72.8124215    -60.1524601   0.000   0.146   14.393  0.351   2      8.600   0.000   795     576     72.7374320    -60.0840858   -490210.1418230  -1810208.0064300  -490210.1418230  -1818808.0064300  
133     1144    576     44      2       72.1284707    -59.5506864   0.000   0.221   22.366  0.341   2      8.800   0.400   1188    578     72.0525627    -59.4747237   -490210.1418230  -1888608.0064300  -489810.1418230  -1897408.0064300  
134     1392    576     52      4       71.6954617    -59.1935576   0.000   0.167   17.081  0.385   2      10.400  0.800   1444    580     71.6064034    -59.0987178   -490210.1418230  -1938208.0064300  -489410.1418230  -1948608.0064300  
135     832     584     43      0       72.6766383    -59.9788977   0.000   0.267   27.841  0.590   3      8.600   0.000   875     584     72.6016140    -59.9118241   -488610.1418230  -1826208.0064300  -488610.1418230  -1834808.0064300  
136     960     584     43      -2      72.4532844    -59.7809495   0.000   0.297   32.694  0.579   3      8.600   -0.400  1003    582     72.3773177    -59.7271177   -488610.1418230  -1851808.0064300  -489010.1418230  -1860408.0064300  
137     1312    584     52      5       71.8387195    -59.2620818   0.000   0.207   22.355  0.488   3      10.400  1.000   1364    589     71.7501030    -59.1605710   -488610.1418230  -1922208.0064300  -487610.1418230  -1932608.0064300  
138     1592    584     54      3       71.3495996    -58.8741558   0.000   0.301   31.473  0.606   3      10.800  0.600   1646    587     71.2565379    -58.7854081   -488610.1418230  -1978208.0064300  -488010.1418230  -1989008.0064300  
139     2072    584     67      -6      70.5108339    -58.2552078   0.000   0.272   28.284  0.577   3      13.400  -1.200  2139    578     70.3912897    -58.2043211   -488610.1418230  -2074208.0064300  -489810.1418230  -2087608.0064300  
140     1528    592     54      4       71.4648827    -58.9170529   0.000   0.194   19.996  0.428   3      10.800  0.800   1582    596     71.3722427    -58.8220611   -487010.1418230  -1965408.0064300  -486210.1418230  -1976208.0064300  
141     1992    592     65      -5      70.6539529    -58.3124008   0.000   0.154   15.218  0.415   3      13.000  -1.000  2057    587     70.5382836    -58.2580041   -487010.1418230  -2058208.0064300  -488010.1418230  -2071208.0064300  
142     696     600     40      -1      72.9214174    -60.1000157   0.000   0.296   30.527  0.544   3      8.000   -0.200  736     599     72.8511547    -60.0421129   -485410.1418230  -1799008.0064300  -485610.1418230  -1807008.0064300  
143     792     600     44      1       72.7538979    -59.9477345   0.000   0.262   27.073  0.647   3      8.800   0.200   836     601     72.6775660    -59.8730789   -485410.1418230  -1818208.0064300  -485210.1418230  -1827008.0064300  
144     1056    600     44      2       72.2929930    -59.5440383   0.000   0.264   27.854  0.567   3      8.800   0.400   1100    602     72.2170492    -59.4673906   -485410.1418230  -1871008.0064300  -485010.1418230  -1879808.0064300  
145     1248    600     52      6       71.9576183    -59.2635943   0.000   0.182   17.737  0.406   3      10.400  1.200   1300    606     71.8694151    -59.1557877   -485410.1418230  -1909408.0064300  -484210.1418230  -1919808.0064300  
146     1448    600     53      6       71.6081533    -58.9825143   0.000   0.217   22.636  0.474   3      10.600  1.200   1501    606     71.5181232    -58.8767823   -485410.1418230  -1949408.0064300  -484210.1418230  -1960008.0064300  
147     1624    600     54      3       71.3005513    -58.7439978   0.000   0.265   29.121  0.652   3      10.800  0.600   1678    603     71.2074381    -58.6561417   -485410.1418230  -1984608.0064300  -484810.1418230  -1995408.0064300  
148     1736    600     56      3       71.1047791    -58.5963268   0.000   0.272   29.207  0.708   3      11.200  0.600   1792    603     71.0081482    -58.5075496   -485410.1418230  -2007008.0064300  -484810.1418230  -2018208.0064300  
149     1792    600     60      -1      71.0068876    -58.5236529   0.000   0.246   25.495  0.473   3      12.000  -0.200  1852    599     70.9015827    -58.4519684   -485410.1418230  -2018208.0064300  -485610.1418230  -2030208.0064300  
150     1824    600     61      -1      70.9509483    -58.4824663   0.000   0.157   18.004  0.508   3      12.200  -0.200  1885    599     70.8438951    -58.4099560   -485410.1418230  -2024608.0064300  -485610.1418230  -2036808.0064300  
151     880     608     44      -1      72.6039844    -59.7640739   0.000   0.287   31.195  0.580   3      8.800   -0.200  924     607     72.5266954    -59.7025077   -483810.1418230  -1835808.0064300  -484010.1418230  -1844608.0064300  
152     912     608     44      -1      72.5481083    -59.7150117   0.000   0.151   13.177  0.395   2      8.800   -0.200  956     607     72.4708147    -59.6538642   -483810.1418230  -1842208.0064300  -484010.1418230  -1851008.0064300  
153     1344    608     52      5       71.7934008    -59.0825970   0.000   0.351   41.557  0.719   3      10.400  1.000   1396    613     71.7046965    -58.9822260   -483810.1418230  -1928608.0064300  -482810.1418230  -1939008.0064300  
154     976     616     44      -1      72.4399810    -59.5715562   0.000   0.091   8.691   0.309   2      8.800   -0.200  1020    615     72.3626634    -59.5114276   -482210.1418230  -1855008.0064300  -482410.1418230  -1863808.0064300  
155     1408    616     53      7       71.6850234    -58.9489406   0.000   0.195   19.980  0.240   1      10.600  1.400   1461    623     71.5953856    -58.8373923   -482210.1418230  -1941408.0064300  -480810.1418230  -1952008.0064300  
156     1496    616     54      5       71.5311749    -58.8284520   0.000   0.185   19.101  0.547   3      10.800  1.000   1550    621     71.4388986    -58.7280756   -482210.1418230  -1959008.0064300  -481210.1418230  -1969808.0064300  
157     1560    616     54      4       71.4192759    -58.7420983   0.000   0.243   25.682  0.598   3      10.800  0.800   1614    620     71.3265557    -58.6482257   -482210.1418230  -1971808.0064300  -481410.1418230  -1982608.0064300  
158     1592    616     55      3       71.3633238    -58.6993168   0.000   0.312   32.419  0.704   3      11.000  0.600   1647    619     71.2684237    -58.6100697   -482210.1418230  -1978208.0064300  -481610.1418230  -1989208.0064300  
159     2096    616     68      -7      70.4819537    -58.0584203   0.000   0.201   22.059  0.473   3      13.600  -1.400  2164    609     70.3602093    -58.0128281   -482210.1418230  -2079008.0064300  -483610.1418230  -2092608.0064300  
160     728     624     40      -1      72.8767907    -59.9067635   0.000   0.221   23.244  0.351   2      8.000   -0.200  768     623     72.8064789    -59.8498146   -480610.1418230  -1805408.0064300  -480810.1418230  -1813408.0064300  
161     1016    624     45      1       72.3737155    -59.4655041   0.000   0.238   23.861  0.553   3      9.000   0.200   1061    625     72.2955276    -59.3931137   -480610.1418230  -1863008.0064300  -480410.1418230  -1872008.0064300  
162     1656    624     55      2       71.2547980    -58.5710327   0.000   0.231   24.282  0.525   3      11.000  0.400   1711    626     71.1594434    -58.4883786   -480610.1418230  -1991008.0064300  -480210.1418230  -2002008.0064300  
163     1976    624     64      -5      70.6950918    -58.1633232   0.000   0.260   26.845  0.560   3      12.800  -1.000  2040    619     70.5811112    -58.1109379   -480610.1418230  -2055008.0064300  -481610.1418230  -2067808.0064300  
164     2016    624     66      -6      70.6251256    -58.1140454   0.000   0.288   30.643  0.581   3      13.200  -1.200  2082    618     70.5072494    -58.0649523   -480610.1418230  -2063008.0064300  -481810.1418230  -2076208.0064300  
165     640     632     39      -2      73.0341774    -59.9990560   0.000   0.153   15.596  0.371   2      7.800   -0.400  679     630     72.9651449    -59.9487341   -479010.1418230  -1787808.0064300  -479410.1418230  -1795608.0064300  
166     1280    632     52      5       71.9157891    -59.0378800   0.000   0.193   18.781  0.612   3      10.400  1.000   1332    637     71.8270310    -58.9370440   -479010.1418230  -1915808.0064300  -478010.1418230  -1926208.0064300  
167     1456    632     54      6       71.6080001    -58.7943668   0.000   0.129   14.163  0.487   3      10.800  1.200   1510    638     71.5161116    -58.6882254   -479010.1418230  -1951008.0064300  -477810.1418230  -1961808.0064300  
168     1704    632     55      3       71.1742031    -58.4649731   0.000   0.257   27.599  0.524   3      11.000  0.600   1759    635     71.0792372    -58.3778297   -479010.1418230  -2000608.0064300  -478410.1418230  -2011608.0064300  
169     1776    632     61      -1      71.0482485    -58.3722155   0.000   0.160   15.899  0.417   3      12.200  -0.200  1837    631     70.9411206    -58.2999592   -479010.1418230  -2015008.0064300  -479210.1418230  -2027208.0064300  
170     1872    632     61      -1      70.8803036    -58.2504734   0.000   0.208   21.032  0.499   3      12.200  -0.200  1933    631     70.7731769    -58.1795499   -479010.1418230  -2034208.0064300  -479210.1418230  -2046408.0064300  
171     936     640     46      -1      72.5207456    -59.4924804   0.000   0.191   18.327  0.352   2      9.200   -0.200  982     639     72.4398908    -59.4294445   -477410.1418230  -1847008.0064300  -477610.1418230  -1856208.0064300  
172     1224    640     52      6       72.0172187    -59.0718598   0.000   0.138   14.915  0.451   3      10.400  1.200   1276    646     71.9288900    -58.9646439   -477410.1418230  -1904608.0064300  -476210.1418230  -1915008.0064300  
173     1808    640     61      -2      70.9955787    -58.2884439   0.000   0.117   10.851  0.211   1      12.200  -0.400  1869    638     70.8880215    -58.2222085   -477410.1418230  -2021408.0064300  -477810.1418230  -2033608.0064300  
174     1920    640     64      -5      70.7996046    -58.1478892   0.000   0.258   26.399  0.475   3      12.800  -1.000  1984    635     70.6855852    -58.0953080   -477410.1418230  -2043808.0064300  -478410.1418230  -2056608.0064300  
175     600     648     37      -1      73.1115100    -59.9673169   0.000   0.252   25.946  0.583   3      7.400   -0.200  637     647     73.0464148    -59.9140962   -475810.1418230  -1779808.0064300  -476010.1418230  -1787208.0064300  
176     696     648     40      -1      72.9438063    -59.8146378   0.000   0.416   45.207  0.692   3      8.000   -0.200  736     647     72.8734557    -59.7578468   -475810.1418230  -1799008.0064300  -476010.1418230  -1807008.0064300  
177     800     648     45      0       72.7620754    -59.6526359   0.000   0.250   25.879  0.541   3      9.000   0.000   845     648     72.6834263    -59.5836082   -475810.1418230  -1819808.0064300  -475810.1418230  -1828808.0064300  
178     1056    648     44      2       72.3145399    -59.2682556   0.000   0.266   28.289  0.633   3      8.800   0.400   1100    650     72.2384804    -59.1927121   -475810.1418230  -1871008.0064300  -475410.1418230  -1879808.0064300  
179     1088    648     44      2       72.2585809    -59.2215922   0.000   0.211   22.864  0.361   2      8.800   0.400   1132    650     72.1825140    -59.1464919   -475810.1418230  -1877408.0064300  -475410.1418230  -1886208.0064300  
180     1176    648     51      4       72.1046771    -59.0947961   0.000   0.236   24.371  0.629   3      10.200  0.800   1227    652     72.0172185    -58.9996725   -475810.1418230  -1895008.0064300  -475010.1418230  -1905208.0064300  
181     1560    648     55      4       71.4328734    -58.5664937   0.000   0.241   26.194  0.634   3      11.000  0.800   1615    652     71.3383084    -58.4721303   -475810.1418230  -1971808.0064300  -475010.1418230  -1982808.0064300  
182     1592    648     55      3       71.3768777    -58.5242174   0.000   0.417   43.245  0.784   3      11.000  0.600   1647    651     71.2818872    -58.4358081   -475810.1418230  -1978208.0064300  -475210.1418230  -1989208.0064300  
183     2056    648     68      -7      70.5648555    -57.9390558   0.000   0.168   17.011  0.338   2      13.600  -1.400  2124    641     70.4430504    -57.8940240   -475810.1418230  -2071008.0064300  -477210.1418230  -2084608.0064300  
184     2088    648     68      -7      70.5088529    -57.9005292   0.000   0.173   16.914  0.379   2      13.600  -1.400  2156    641     70.3870574    -57.8558721   -475810.1418230  -2077408.0064300  -477210.1418230  -2091008.0064300  
185     1016    656     45      2       72.3880507    -59.2808047   0.000   0.192   21.784  0.505   3      9.000   0.400   1061    658     72.3102324    -59.2034314   -474210.1418230  -1863008.0064300  -473810.1418230  -1872008.0064300  
186     1144    656     50      3       72.1641643    -59.0949945   0.000   0.226   23.633  0.649   3      10.000  0.600   1194    659     72.0780052    -59.0066481   -474210.1418230  -1888608.0064300  -473610.1418230  -1898608.0064300  
187     1632    656     55      3       71.3102297    -58.4280763   0.000   0.233   25.124  0.630   3      11.000  0.600   1687    659     71.2152095    -58.3404808   -474210.1418230  -1986208.0064300  -473610.1418230  -1997208.0064300  
188     1840    656     61      -1      70.9461569    -58.1622874   0.000   0.210   21.266  0.502   3      12.200  -0.200  1901    655     70.8389746    -58.0916180   -474210.1418230  -2027808.0064300  -474410.1418230  -2040008.0064300  
189     1960    656     64      -5      70.7361066    -58.0135980   0.000   0.314   33.691  0.642   3      12.800  -1.000  2024    651     70.6220677    -57.9619971   -474210.1418230  -2051808.0064300  -475210.1418230  -2064608.0064300  
190     664     664     39      -2      73.0071089    -59.7696015   0.000   0.228   24.006  0.532   3      7.800   -0.400  703     662     72.9380228    -59.7203027   -472610.1418230  -1792608.0064300  -473010.1418230  -1800408.0064300  
191     1336    664     53      5       71.8316868    -58.7801333   0.000   0.279   28.884  0.649   3      10.600  1.000   1389    669     71.7410584    -58.6796848   -472610.1418230  -1927008.0064300  -471610.1418230  -1937608.0064300  
192     1368    664     54      7       71.7756809    -58.7362486   0.000   0.238   25.247  0.522   3      10.800  1.400   1422    671     71.6841407    -58.6238492   -472610.1418230  -1933408.0064300  -471210.1418230  -1944208.0064300  
193     1400    664     54      7       71.7196730    -58.6926373   0.000   0.340   35.371  0.713   3      10.800  1.400   1454    671     71.6281201    -58.5808071   -472610.1418230  -1939808.0064300  -471210.1418230  -1950608.0064300  
194     2000    664     66      -6      70.6693086    -57.9224931   0.000   0.203   20.292  0.516   3      13.200  -1.200  2066    658     70.5513635    -57.8744694   -472610.1418230  -2059808.0064300  -473810.1418230  -2073008.0064300  
195     544     672     37      -2      73.2205368    -59.9127041   0.000   0.289   30.401  0.583   3      7.400   -0.400  581     670     73.1549454    -59.8653759   -471010.1418230  -1768608.0064300  -471410.1418230  -1776008.0064300  
196     832     672     45      0       72.7170257    -59.4623710   0.000   0.281   29.000  0.554   3      9.000   0.000   877     672     72.6383182    -59.3944001   -471010.1418230  -1826208.0064300  -471010.1418230  -1835208.0064300  
197     976     672     46      0       72.4651341    -59.2470440   0.000   0.210   20.589  0.499   3      9.200   0.000   1022    672     72.3846529    -59.1795762   -471010.1418230  -1855008.0064300  -471010.1418230  -1864208.0064300  
198     1208    672     53      6       72.0591616    -58.9130389   0.000   0.127   11.869  0.212   1      10.600  1.200   1261    678     71.9689809    -58.8049719   -471010.1418230  -1901408.0064300  -469810.1418230  -1912008.0064300  
199     1464    672     55      5       71.6110357    -58.5618653   0.000   0.274   28.020  0.669   3      11.000  1.000   1519    677     71.5168411    -58.4610817   -471010.1418230  -1952608.0064300  -470010.1418230  -1963608.0064300  
200     1520    672     55      4       71.5129926    -58.4873527   0.000   0.324   36.043  0.784   3      11.000  0.800   1575    676     71.4183652    -58.3929854   -471010.1418230  -1963808.0064300  -470210.1418230  -1974808.0064300  
201     576     680     37      -2      73.1683159    -59.8130579   0.000   0.278   27.665  0.583   3      7.400   -0.400  613     678     73.1027094    -59.7662703   -469410.1418230  -1775008.0064300  -469810.1418230  -1782408.0064300  
202     624     680     37      -2      73.0843985    -59.7368505   0.000   0.183   17.915  0.378   2      7.400   -0.400  661     678     73.0187877    -59.6905959   -469410.1418230  -1784608.0064300  -469810.1418230  -1792008.0064300  
203     768     680     42      0       72.8325785    -59.5127616   0.000   0.136   13.707  0.382   2      8.400   0.000   810     680     72.7591134    -59.4486532   -469410.1418230  -1813408.0064300  -469410.1418230  -1821808.0064300  
204     864     680     45      -1      72.6646474    -59.3670382   0.000   0.356   37.677  0.675   3      9.000   -0.200  909     679     72.5854709    -59.3055548   -469410.1418230  -1832608.0064300  -469610.1418230  -1841608.0064300  
205     1072    680     44      2       72.3006777    -59.0609315   0.000   0.250   25.223  0.639   3      8.800   0.400   1116    682     72.2245384    -58.9863494   -469410.1418230  -1874208.0064300  -469010.1418230  -1883008.0064300  
206     1432    680     55      6       71.6704423    -58.5603022   0.000   0.152   13.994  0.448   3      11.000  1.200   1487    686     71.5766506    -58.4536586   -469410.1418230  -1946208.0064300  -468210.1418230  -1957208.0064300  
207     1768    680     61      -1      71.0820321    -58.1236300   0.000   0.211   19.581  0.541   3      12.200  -0.200  1829    679     70.9747931    -58.0526686   -469410.1418230  -2013408.0064300  -469610.1418230  -2025608.0064300  
208     1560    688     56      4       71.4496294    -58.3466226   0.000   0.160   17.477  0.432   3      11.200  0.800   1616    692     71.3531936    -58.2520186   -467810.1418230  -1971808.0064300  -467010.1418230  -1983008.0064300  
209     496     696     36      -3      73.3155896    -59.8444494   0.000   0.196   21.147  0.601   3      7.200   -0.600  532     693     73.2512531    -59.8047866   -466210.1418230  -1759008.0064300  -466810.1418230  -1766208.0064300  
210     680     696     38      -2      72.9937703    -59.5532965   0.000   0.268   29.034  0.578   3      7.600   -0.400  718     694     72.9263822    -59.5064654   -466210.1418230  -1795808.0064300  -466610.1418230  -1803408.0064300  
211     912     696     46      -1      72.5877785    -59.2017495   0.000   0.220   21.550  0.374   2      9.200   -0.200  958     695     72.5068146    -59.1398335   -466210.1418230  -1842208.0064300  -466410.1418230  -1851408.0064300  
212     1160    696     49      3       72.1535761    -58.8439082   0.000   0.245   27.259  0.681   3      9.800   0.600   1209    699     72.0690531    -58.7582331   -466210.1418230  -1891808.0064300  -465610.1418230  -1901608.0064300  
213     1336    696     53      5       71.8453347    -58.6005012   0.000   0.256   25.212  0.537   3      10.600  1.000   1389    701     71.7546052    -58.5008839   -466210.1418230  -1927008.0064300  -465210.1418230  -1937608.0064300  
214     1368    696     54      7       71.7892842    -58.5571448   0.000   0.180   17.953  0.444   3      10.800  1.400   1422    703     71.6976311    -58.4455720   -466210.1418230  -1933408.0064300  -464810.1418230  -1944208.0064300  
215     1808    696     61      -2      71.0184640    -57.9873874   0.000   0.229   22.997  0.574   3      12.200  -0.400  1869    694     70.9107879    -57.9227990   -466210.1418230  -2021408.0064300  -466610.1418230  -2033608.0064300  
216     1840    696     62      -2      70.9623998    -57.9477811   0.000   0.196   21.741  0.545   3      12.400  -0.400  1902    694     70.8529743    -57.8823911   -466210.1418230  -2027808.0064300  -466610.1418230  -2040208.0064300  
217     976     704     45      0       72.4792588    -59.0611871   0.000   0.285   28.703  0.650   3      9.000   0.000   1021    704     72.4004601    -58.9959701   -464610.1418230  -1855008.0064300  -464610.1418230  -1864008.0064300  
218     1872    704     63      -4      70.9095425    -57.8655873   0.000   0.175   16.293  0.398   3      12.600  -0.800  1935    700     70.7975542    -57.8102950   -464610.1418230  -2034208.0064300  -465410.1418230  -2046808.0064300  
219     1920    704     64      -5      70.8254313    -57.8071536   0.000   0.312   33.951  0.664   3      12.800  -1.000  1984    699     70.7113026    -57.7565528   -464610.1418230  -2043808.0064300  -465610.1418230  -2056608.0064300  
220     464     712     36      -3      73.3789575    -59.7985067   0.000   0.180   16.291  0.296   1      7.200   -0.600  500     709     73.3146018    -59.7588708   -463010.1418230  -1752608.0064300  -463610.1418230  -1759808.0064300  
221     1008    712     45      2       72.4267158    -58.9683792   0.000   0.263   28.410  0.681   3      9.000   0.400   1053    714     72.3487631    -58.8922338   -463010.1418230  -1861408.0064300  -462610.1418230  -1870408.0064300  
222     1072    712     44      2       72.3146152    -58.8766803   0.000   0.231   23.626  0.614   3      8.800   0.400   1116    714     72.2384005    -58.8028413   -463010.1418230  -1874208.0064300  -462610.1418230  -1883008.0064300  
223     1776    712     61      -2      71.0809927    -57.9408354   0.000   0.279   29.860  0.702   3      12.200  -0.400  1837    710     70.9732806    -57.8762992   -463010.1418230  -2015008.0064300  -463410.1418230  -2027208.0064300  
224     1952    712     65      -6      70.7725290    -57.7259497   0.000   0.187   21.713  0.543   3      13.000  -1.200  2017    706     70.6562476    -57.6800753   -463010.1418230  -2050208.0064300  -464210.1418230  -2063208.0064300  
225     2000    712     66      -7      70.6884042    -57.6685573   0.000   0.143   13.410  0.407   3      13.200  -1.400  2066    705     70.5699909    -57.6273199   -463010.1418230  -2059808.0064300  -464410.1418230  -2073008.0064300  
226     800     720     44      1       72.7945099    -59.2274539   0.000   0.123   12.206  0.317   2      8.800   0.200   844     721     72.7178977    -59.1558549   -461410.1418230  -1819808.0064300  -461210.1418230  -1828608.0064300  
227     872     720     46      0       72.6684178    -59.1202415   0.000   0.148   15.205  0.401   3      9.200   0.000   918     720     72.5878494    -59.0525696   -461410.1418230  -1834208.0064300  -461410.1418230  -1843408.0064300  
228     1112    720     48      2       72.2479883    -58.7740305   0.000   0.228   25.085  0.639   3      9.600   0.400   1160    722     72.1647376    -58.6953419   -461410.1418230  -1882208.0064300  -461010.1418230  -1891808.0064300  
229     1224    720     53      5       72.0517349    -58.6181010   0.000   0.168   16.396  0.248   1      10.600  1.000   1277    725     71.9609645    -58.5172356   -461410.1418230  -1904608.0064300  -460410.1418230  -1915208.0064300  
230     1296    720     53      5       71.9255580    -58.5196769   0.000   0.288   31.721  0.756   3      10.600  1.000   1349    725     71.8347651    -58.4200232   -461410.1418230  -1919008.0064300  -460410.1418230  -1929608.0064300  
231     1472    720     56      5       71.6170896    -58.2848642   0.000   0.271   30.304  0.642   3      11.200  1.000   1528    725     71.5209877    -58.1841895   -461410.1418230  -1954208.0064300  -460410.1418230  -1965408.0064300  
232     1728    720     61      -2      71.1683511    -57.9572770   0.000   0.241   25.212  0.563   3      12.200  -0.400  1789    718     71.0606186    -57.8923427   -461410.1418230  -2005408.0064300  -461810.1418230  -2017608.0064300  
233     432     728     33      -3      73.4423245    -59.7522074   5.625   0.243   25.693  0.584   3      6.600   -0.600  465     725     73.3831993    -59.7174178   -459810.1418230  -1746208.0064300  -460410.1418230  -1752808.0064300  
234     544     728     36      -2      73.2463107    -59.5733684   0.000   0.292   31.632  0.638   3      7.200   -0.400  580     726     73.1823858    -59.5288762   -459810.1418230  -1768608.0064300  -460210.1418230  -1775808.0064300  
235     1336    728     54      5       71.8588074    -58.4205961   0.000   0.183   18.693  0.411   3      10.800  1.000   1390    733     71.7662242    -58.3204888   -459810.1418230  -1927008.0064300  -458810.1418230  -1937808.0064300  
236     1368    728     56      7       71.8027126    -58.3777706   0.000   0.175   18.047  0.501   3      11.200  1.400   1424    735     71.7074407    -58.2643965   -459810.1418230  -1933408.0064300  -458410.1418230  -1944608.0064300  
237     1440    728     56      5       71.6764941    -58.2823875   0.000   0.267   26.794  0.602   3      11.200  1.000   1496    733     71.5803753    -58.1813959   -459810.1418230  -1947808.0064300  -458810.1418230  -1959008.0064300  
238     1512    728     56      4       71.5502696    -58.1883310   0.000   0.208   21.021  0.482   3      11.200  0.800   1568    732     71.4537242    -58.0940428   -459810.1418230  -1962208.0064300  -459010.1418230  -1973408.0064300  
239     1544    728     56      4       71.4941681    -58.1469469   0.000   0.196   19.055  0.363   2      11.200  0.800   1600    732     71.3976161    -58.0531662   -459810.1418230  -1968608.0064300  -459010.1418230  -1979808.0064300  
240     1664    728     56      1       71.2837814    -57.9940032   0.000   0.203   19.929  0.448   3      11.200  0.200   1720    729     71.1860008    -57.9183874   -459810.1418230  -1992608.0064300  -459610.1418230  -2003808.0064300  
241     1696    728     61      -2      71.2276770    -57.9538071   0.000   0.162   15.079  0.292   1      12.200  -0.400  1757    726     71.1199254    -57.8886854   -459810.1418230  -1999008.0064300  -460210.1418230  -2011208.0064300  
242     1824    728     62      -2      71.0032579    -57.7954383   0.000   0.188   18.708  0.475   3      12.400  -0.400  1886    726     70.8937635    -57.7307944   -459810.1418230  -2024608.0064300  -460210.1418230  -2037008.0064300  
243     400     736     34      2       73.5020094    -59.7548326   5.625   0.205   21.555  0.492   3      6.800   0.400   434     738     73.4434221    -59.6876032   -458210.1418230  -1739808.0064300  -457810.1418230  -1746608.0064300  
244     512     736     36      -3      73.3059689    -59.5753144   0.000   0.265   28.861  0.710   3      7.200   -0.600  548     733     73.2415811    -59.5367226   -458210.1418230  -1762208.0064300  -458810.1418230  -1769408.0064300  
245     576     736     36      -2      73.1939169    -59.4746387   0.000   0.348   37.679  0.728   3      7.200   -0.400  612     734     73.1299783    -59.4306660   -458210.1418230  -1775008.0064300  -458610.1418230  -1782208.0064300  
246     680     736     37      -2      73.0117918    -59.3139126   0.000   0.321   33.774  0.721   3      7.400   -0.400  717     734     72.9460954    -59.2695091   -458210.1418230  -1795808.0064300  -458610.1418230  -1803208.0064300  
247     936     736     46      0       72.5632992    -58.9327884   0.000   0.184   17.815  0.509   3      9.200   0.000   982     736     72.4826870    -58.8664040   -458210.1418230  -1847008.0064300  -458210.1418230  -1856208.0064300  
248     1176    736     48      4       72.1426512    -58.5931291   0.000   0.210   20.257  0.560   3      9.600   0.800   1224    740     72.0601909    -58.5043863   -458210.1418230  -1895008.0064300  -457410.1418230  -1904608.0064300  
249     1264    736     53      6       71.9883802    -58.4726238   0.000   0.228   23.780  0.626   3      10.600  1.200   1317    742     71.8979633    -58.3672189   -458210.1418230  -1912608.0064300  -457010.1418230  -1923208.0064300  
250     1600    736     56      3       71.3992408    -58.0311932   0.000   0.211   21.294  0.496   3      11.200  0.600   1656    739     71.3022512    -57.9439717   -458210.1418230  -1979808.0064300  -457610.1418230  -1991008.0064300  
251     1856    736     63      -4      70.9503234    -57.7134958   0.000   0.206   21.137  0.473   3      12.600  -0.800  1919    732     70.8382746    -57.6589889   -458210.1418230  -2031008.0064300  -459010.1418230  -2043608.0064300  
252     2040    736     68      -8      70.6276729    -57.4944047   0.000   0.186   17.975  0.347   2      13.600  -1.600  2108    728     70.5053459    -57.4573065   -458210.1418230  -2067808.0064300  -459810.1418230  -2081408.0064300  
253     904     744     46      0       72.6228573    -58.9324285   0.000   0.314   34.650  0.731   3      9.200   0.000   950     744     72.5422327    -58.8658159   -456610.1418230  -1840608.0064300  -456610.1418230  -1849808.0064300  
254     1008    744     45      0       72.4405666    -58.7827112   0.000   0.176   15.473  0.357   2      9.000   0.000   1053    744     72.3616814    -58.7189033   -456610.1418230  -1861408.0064300  -456610.1418230  -1870408.0064300  
255     1080    744     45      2       72.3143477    -58.6808960   0.000   0.256   26.609  0.507   3      9.000   0.400   1125    746     72.2363036    -58.6065215   -456610.1418230  -1875808.0064300  -456210.1418230  -1884808.0064300  
256     1112    752     47      2       72.2616432    -58.5901099   0.000   0.244   23.896  0.518   3      9.400   0.400   1159    754     72.1800667    -58.5136095   -455010.1418230  -1882208.0064300  -454610.1418230  -1891608.0064300  
257     1632    752     57      2       71.3495782    -57.9029542   0.000   0.258   28.101  0.719   3      11.400  0.400   1689    754     71.2503864    -57.8208560   -455010.1418230  -1986208.0064300  -454610.1418230  -1997608.0064300  
258     1728    752     61      -1      71.1811727    -57.7834975   0.000   0.247   26.839  0.600   3      12.200  -0.200  1789    751     71.0737691    -57.7141210   -455010.1418230  -2005408.0064300  -455210.1418230  -2017608.0064300  
259     1776    752     61      -2      71.0969697    -57.7245812   0.000   0.252   26.540  0.638   3      12.200  -0.400  1837    750     70.9891745    -57.6612373   -455010.1418230  -2015008.0064300  -455410.1418230  -2027208.0064300  
260     544     760     36      -2      73.2607785    -59.3789904   0.000   0.261   28.461  0.640   3      7.200   -0.400  580     758     73.1968081    -59.3352095   -453410.1418230  -1768608.0064300  -453810.1418230  -1775808.0064300  
261     736     760     36      -1      72.9243130    -59.0857156   0.000   0.077   7.085   0.221   1      7.200   -0.200  772     759     72.8607711    -59.0379716   -453410.1418230  -1807008.0064300  -453610.1418230  -1814208.0064300  
262     1480    760     57      5       71.6194723    -58.0521737   0.000   0.310   32.512  0.645   3      11.400  1.000   1537    765     71.5214869    -57.9514450   -453410.1418230  -1955808.0064300  -452410.1418230  -1967208.0064300  
263     1544    760     57      4       71.5071856    -57.9701863   0.000   0.283   28.317  0.541   3      11.400  0.800   1601    764     71.4087840    -57.8760159   -453410.1418230  -1968608.0064300  -452610.1418230  -1980008.0064300  
264     512     768     35      -3      73.3204404    -59.3802333   0.000   0.296   29.098  0.720   3      7.000   -0.600  547     765     73.2577651    -59.3439229   -451810.1418230  -1762208.0064300  -452410.1418230  -1769208.0064300  
265     576     768     35      -2      73.2082865    -59.2807902   0.000   0.342   36.320  0.675   3      7.000   -0.400  611     766     73.1460556    -59.2390584   -451810.1418230  -1775008.0064300  -452210.1418230  -1782008.0064300  
266     696     768     35      -2      72.9979504    -59.0979198   0.000   0.090   7.651   0.298   1      7.000   -0.400  731     766     72.9357140    -59.0573858   -451810.1418230  -1799008.0064300  -452210.1418230  -1806008.0064300  
267     856     768     46      0       72.7174172    -58.8611152   0.000   0.147   14.710  0.299   1      9.200   0.000   902     768     72.6367482    -58.7944707   -451810.1418230  -1831008.0064300  -451810.1418230  -1840208.0064300  
268     1360    768     56      7       71.8332890    -58.1636918   0.000   0.138   12.936  0.458   3      11.200  1.400   1416    775     71.7378775    -58.0512612   -451810.1418230  -1931808.0064300  -450410.1418230  -1943008.0064300  
269     1432    768     57      5       71.7069496    -58.0696490   0.000   0.235   24.314  0.593   3      11.400  1.000   1489    773     71.6089505    -57.9683386   -451810.1418230  -1946208.0064300  -450810.1418230  -1957608.0064300  
270     1600    768     57      3       71.4121420    -57.8552692   0.000   0.248   27.671  0.650   3      11.400  0.600   1657    771     71.3133089    -57.7676753   -451810.1418230  -1979808.0064300  -451210.1418230  -1991208.0064300  
271     1696    768     60      -2      71.2436754    -57.7358430   0.000   0.137   13.590  0.386   2      12.000  -0.400  1756    766     71.1375948    -57.6731520   -451810.1418230  -1999008.0064300  -452210.1418230  -2011008.0064300  
272     2008    768     69      -7      70.6961742    -57.3623515   0.000   0.092   9.762   0.263   1      13.800  -1.400  2077    761     70.5724239    -57.3195453   -451810.1418230  -2061408.0064300  -453210.1418230  -2075208.0064300  
273     320     776     28      3       73.6604468    -59.6370894   0.000   0.277   29.625  0.621   3      5.600   0.600   348     779     73.6127651    -59.5731009   -450210.1418230  -1723808.0064300  -449610.1418230  -1729408.0064300  
274     624     776     35      -2      73.1277033    -59.1588024   0.000   0.258   27.695  0.650   3      7.000   -0.400  659     774     73.0654593    -59.1177265   -450210.1418230  -1784608.0064300  -450610.1418230  -1791608.0064300  
275     1152    776     51      3       72.2015799    -58.3971051   0.000   0.106   10.555  0.241   1      10.200  0.600   1203    779     72.1133340    -58.3106422   -450210.1418230  -1890208.0064300  -449610.1418230  -1900408.0064300  
276     1864    776     64      -4      70.9519760    -57.4890320   0.000   0.159   15.683  0.488   3      12.800  -0.800  1928    772     70.8381028    -57.4346789   -450210.1418230  -2032608.0064300  -451010.1418230  -2045408.0064300  
277     1896    776     65      -5      70.8958123    -57.4510560   0.000   0.157   17.725  0.440   3      13.000  -1.000  1961    771     70.7798048    -57.4012497   -450210.1418230  -2039008.0064300  -451210.1418230  -2052008.0064300  
278     2040    776     69      -8      70.6430861    -57.2829402   0.000   0.147   14.325  0.413   3      13.800  -1.600  2109    768     70.5189544    -57.2460240   -450210.1418230  -2067808.0064300  -451810.1418230  -2081608.0064300  
279     456     784     36      -3      73.4257682    -59.3701484   0.000   0.174   14.196  0.272   1      7.200   -0.600  492     781     73.3613221    -59.3320802   -448610.1418230  -1751008.0064300  -449210.1418230  -1758208.0064300  
280     912     784     46      0       72.6260696    -58.6861496   0.000   0.259   27.051  0.580   3      9.200   0.000   958     784     72.5453594    -58.6206799   -448610.1418230  -1842208.0064300  -448610.1418230  -1851408.0064300  
281     1400    784     57      6       71.7696184    -58.0215955   0.000   0.289   30.770  0.637   3      11.400  1.200   1457    790     71.6719786    -57.9146150   -448610.1418230  -1939808.0064300  -447410.1418230  -1951208.0064300  
282     288     792     28      2       73.7238195    -59.5893417   0.000   0.257   26.179  0.632   3      5.600   0.400   316     794     73.6756612    -59.5314751   -447010.1418230  -1717408.0064300  -446610.1418230  -1723008.0064300  
283     368     792     27      4       73.5836163    -59.4603472   0.000   0.162   15.740  0.383   2      5.400   0.800   395     796     73.5380912    -59.3925845   -447010.1418230  -1733408.0064300  -446210.1418230  -1738808.0064300  
284     1032    792     45      2       72.4188791    -58.4701909   0.000   0.275   30.451  0.666   3      9.000   0.400   1077    794     72.3407309    -58.3963158   -447010.1418230  -1866208.0064300  -446610.1418230  -1875208.0064300  
285     1528    792     57      4       71.5481230    -57.8133165   0.000   0.285   28.754  0.644   3      11.400  0.800   1585    796     71.4496289    -57.7197816   -447010.1418230  -1965408.0064300  -446210.1418230  -1976808.0064300  
286     1568    792     57      3       71.4778909    -57.7630773   0.000   0.203   18.675  0.601   3      11.400  0.600   1625    795     71.3789950    -57.6756669   -447010.1418230  -1973408.0064300  -446410.1418230  -1984808.0064300  
287     256     800     28      2       73.7835468    -59.5914054   0.000   0.301   32.517  0.675   3      5.600   0.400   284     802     73.7353822    -59.5333173   -445410.1418230  -1711008.0064300  -445010.1418230  -1716608.0064300  
288     1096    800     45      2       72.3098791    -58.3355582   0.000   0.297   32.180  0.663   3      9.000   0.400   1141    802     72.2317010    -58.2627446   -445410.1418230  -1879008.0064300  -445010.1418230  -1888008.0064300  
289     1352    800     57      7       71.8603813    -57.9939834   0.000   0.247   25.727  0.624   3      11.400  1.400   1409    807     71.7631030    -57.8810036   -445410.1418230  -1930208.0064300  -444010.1418230  -1941608.0064300  
290     664     808     34      -1      73.0715712    -58.9055569   0.000   0.305   31.704  0.722   3      6.800   -0.200  698     807     73.0114718    -58.8610388   -443810.1418230  -1792608.0064300  -444010.1418230  -1799408.0064300  
291     696     808     33      0       73.0154146    -58.8579977   0.000   0.211   21.784  0.518   3      6.600   0.000   729     808     72.9574994    -58.8092852   -443810.1418230  -1799008.0064300  -443810.1418230  -1805608.0064300  
292     1136    808     50      3       72.2429614    -58.2350033   0.000   0.193   20.001  0.432   3      10.000  0.600   1186    811     72.1563876    -58.1504896   -443810.1418230  -1887008.0064300  -443210.1418230  -1897008.0064300  
293     1200    808     50      4       72.1305696    -58.1489402   0.000   0.182   16.817  0.389   2      10.000  0.800   1250    812     72.0443905    -58.0596916   -443810.1418230  -1899808.0064300  -443010.1418230  -1909808.0064300  
294     1496    808     57      5       71.6106967    -57.7647977   0.000   0.292   30.139  0.501   3      11.400  1.000   1553    813     71.5125555    -57.6656679   -443810.1418230  -1959008.0064300  -442810.1418230  -1970408.0064300  
295     1632    808     60      0       71.3718198    -57.5956055   0.000   0.179   16.775  0.334   2      12.000  0.000   1692    808     71.2664329    -57.5223568   -443810.1418230  -1986208.0064300  -443810.1418230  -1998208.0064300  
296     1664    808     60      -1      71.3156134    -57.5564349   0.000   0.197   20.279  0.348   2      12.000  -0.200  1724    807     71.2098380    -57.4890818   -443810.1418230  -1992608.0064300  -444010.1418230  -2004608.0064300  
297     1696    808     61      -2      71.2594072    -57.5175033   0.000   0.198   21.717  0.420   3      12.200  -0.400  1757    806     71.1514895    -57.4548101   -443810.1418230  -1999008.0064300  -444210.1418230  -2011208.0064300  
298     488     816     35      -3      73.3838998    -59.1239109   0.000   0.256   27.463  0.520   3      7.000   -0.600  523     813     73.3211688    -59.0884373   -442210.1418230  -1757408.0064300  -442810.1418230  -1764408.0064300  
299     936     816     45      -1      72.5975060    -58.4642924   0.000   0.172   17.345  0.320   2      9.000   -0.200  981     815     72.5180643    -58.4072055   -442210.1418230  -1847008.0064300  -442410.1418230  -1856008.0064300  
300     1064    816     45      2       72.3727175    -58.2867962   0.000   0.370   42.216  0.782   3      9.000   0.400   1109    818     72.2945077    -58.2139389   -442210.1418230  -1872608.0064300  -441810.1418230  -1881608.0064300  
301     1432    816     57      6       71.7263063    -57.8011906   0.000   0.252   25.545  0.458   3      11.400  1.200   1489    822     71.6285499    -57.6956582   -442210.1418230  -1946208.0064300  -441010.1418230  -1957608.0064300  
302     1464    816     57      5       71.6700906    -57.7606085   0.000   0.332   34.245  0.611   3      11.400  1.000   1521    821     71.5719312    -57.6611766   -442210.1418230  -1952608.0064300  -441210.1418230  -1964008.0064300  
303     224     824     28      3       73.8505597    -59.4927075   0.000   0.217   23.750  0.589   3      5.600   0.600   252     827     73.8028108    -59.4283892   -440610.1418230  -1704608.0064300  -440010.1418230  -1710208.0064300  
304     520     824     35      -3      73.3312663    -59.0257912   0.000   0.412   44.491  0.776   3      7.000   -0.600  555     821     73.2685261    -58.9908037   -440610.1418230  -1763808.0064300  -441210.1418230  -1770808.0064300  
305     1104    832     46      2       72.3090497    -58.1398473   0.000   0.170   16.383  0.295   1      9.200   0.400   1150    834     72.2290394    -58.0665766   -439010.1418230  -1880608.0064300  -438610.1418230  -1889808.0064300  
306     256     840     27      2       73.8016426    -59.3402302   0.000   0.215   22.991  0.472   3      5.400   0.400   283     842     73.7551600    -59.2844277   -437410.1418230  -1711008.0064300  -437010.1418230  -1716408.0064300  
307     592     840     35      -2      73.2118277    -58.8194576   0.000   0.328   36.457  0.660   3      7.000   -0.400  627     838     73.1495011    -58.7794458   -437410.1418230  -1778208.0064300  -437810.1418230  -1785208.0064300  
308     664     840     34      -1      73.0853795    -58.7126528   0.000   0.264   28.947  0.647   3      6.800   -0.200  698     839     73.0252347    -58.6687909   -437410.1418230  -1792608.0064300  -437610.1418230  -1799408.0064300  
309     720     840     33      0       72.9870190    -58.6306955   0.000   0.244   27.485  0.588   3      6.600   0.000   753     840     72.9290519    -58.5828477   -437410.1418230  -1803808.0064300  -437410.1418230  -1810408.0064300  
310     552     848     35      -3      73.2855338    -58.8306844   0.000   0.265   28.916  0.638   3      7.000   -0.600  587     845     73.2227669    -58.7965334   -435810.1418230  -1770208.0064300  -436410.1418230  -1777208.0064300  
311     1000    848     45      0       72.4983869    -58.1882055   0.000   0.194   19.290  0.327   2      9.000   0.000   1045    848     72.4192942    -58.1268968   -435810.1418230  -1859808.0064300  -435810.1418230  -1868808.0064300  
312     288     856     26      2       73.7526186    -59.1886839   0.000   0.222   22.406  0.600   3      5.200   0.400   314     858     73.7078563    -59.1350648   -434210.1418230  -1717408.0064300  -433810.1418230  -1722608.0064300  
313     320     856     26      3       73.6964372    -59.1381216   0.000   0.171   17.339  0.528   3      5.200   0.600   346     859     73.6521083    -59.0785942   -434210.1418230  -1723808.0064300  -433610.1418230  -1729008.0064300  
314     480     856     35      -4      73.4154608    -58.8905163   0.000   0.190   19.969  0.481   3      7.000   -0.800  515     852     73.3522508    -58.8619939   -434210.1418230  -1755808.0064300  -435010.1418230  -1762808.0064300  
315     632     856     35      -1      73.1484384    -58.6630425   0.000   0.227   23.699  0.623   3      7.000   -0.200  667     855     73.0865160    -58.6177313   -434210.1418230  -1786208.0064300  -434410.1418230  -1793208.0064300  
316     1032    856     45      2       72.4454215    -58.0979594   0.000   0.143   11.042  0.233   1      9.000   0.400   1077    858     72.3671245    -58.0256482   -434210.1418230  -1866208.0064300  -433810.1418230  -1875208.0064300  
317     240     872     27      3       73.8439972    -59.1643108   0.000   0.184   16.347  0.401   3      5.400   0.600   267     875     73.7979037    -59.1025807   -431010.1418230  -1707808.0064300  -430410.1418230  -1713208.0064300  
318     648     888     34      -1      73.1338747    -58.4458355   0.000   0.252   25.544  0.464   3      6.800   -0.200  682     887     73.0736638    -58.4028082   -427810.1418230  -1789408.0064300  -428010.1418230  -1796208.0064300  
319     352     896     24      4       73.6577247    -58.8384167   0.000   0.136   13.264  0.247   1      4.800   0.800   376     900     73.6172605    -58.7766799   -426210.1418230  -1730208.0064300  -425410.1418230  -1735008.0064300  
320     160     904     25      1       73.9986877    -59.0890836   0.000   0.182   13.798  0.350   2      5.000   0.200   185     905     73.9551912    -59.0428581   -424610.1418230  -1691808.0064300  -424410.1418230  -1696808.0064300  
321     536     904     34      -3      73.3375982    -58.5119271   0.000   0.172   15.833  0.309   2      6.800   -0.600  570     901     73.2765285    -58.4803460   -424610.1418230  -1767008.0064300  -425210.1418230  -1773808.0064300  
