CP      startX  startY  dispX   dispY   sLat          sLon          theta   pCorr   pkStr   cCorr   conf   velX    velY    endX    endY    eLat          eLon          nps_startX    nps_startY    nps_endX      nps_endY      
0       1216    496     0       -1      63.0937225    -163.2998969  0.000   0.284   29.215  0.730   3      0.000   -0.200  1216    495     63.0921816    -163.2980662  -2612636.7934801  1406753.9115500  -2612836.7934801  1406753.9115500  
1       1760    528     0       0       63.5819063    -161.4741499  0.000   0.097   8.848   0.444   3      0.000   0.000   1760    528     63.5819063    -161.4741499  -2606236.7934800  1297953.9115500  -2606236.7934800  1297953.9115500  
2       1728    536     0       0       63.5693873    -161.6008611  0.000   0.127   12.191  0.330   2      0.000   0.000   1728    536     63.5693873    -161.6008611  -2604636.7934800  1304353.9115500  -2604636.7934800  1304353.9115500  
3       1200    544     0       -1      63.1543357    -163.4425142  0.000   0.412   43.797  0.778   3      0.000   -0.200  1200    543     63.1527966    -163.4406707  -2603036.7934801  1409953.9115500  -2603236.7934801  1409953.9115500  
4       1424    544     0       -1      63.3388408    -162.6746127  0.000   0.115   10.621  0.243   1      0.000   -0.200  1424    543     63.3372894    -162.6728021  -2603036.7934801  1365153.9115500  -2603236.7934801  1365153.9115500  
5       1696    560     0       0       63.5817970    -161.7557689  0.000   0.109   10.026  0.331   2      0.000   0.000   1696    560     63.5817970    -161.7557689  -2599836.7934800  1310753.9115500  -2599836.7934800  1310753.9115500  
6       1728    568     -1      0       63.6195476    -161.6573387  0.000   0.104   9.373   0.273   1      -0.200  0.000   1727    568     63.6187607    -161.6608612  -2598236.7934800  1304353.9115500  -2598236.7934800  1304553.9115500  
7       1184    576     0       -1      63.1902012    -163.5561247  0.000   0.307   32.598  0.732   3      0.000   -0.200  1184    575     63.1886635    -163.5542719  -2596636.7934801  1413153.9115500  -2596836.7934801  1413153.9115500  
8       1664    592     -1      0       63.6065291    -161.9250907  0.000   0.094   8.273   0.285   1      -0.200  0.000   1663    592     63.6057350    -161.9286030  -2593436.7934800  1317153.9115500  -2593436.7934800  1317353.9115500  
9       1176    608     0       -1      63.2326874    -163.6427976  0.000   0.164   15.635  0.344   2      0.000   -0.200  1176    607     63.2311506    -163.6409366  -2590236.7934801  1414753.9115500  -2590436.7934801  1414753.9115500  
10      1792    608     18      0       63.7325254    -161.5019396  354.375  0.188   18.034  0.395   2      3.600   0.000   1810    608     63.7466021    -161.4381288  -2590236.7934800  1291553.9115500  -2590236.7934800  1287953.9115500  
11      736     624     0       -1      62.8791415    -165.1513806  0.000   0.201   20.716  0.611   3      0.000   -0.200  736     623     62.8776295    -165.1494569  -2587036.7934801  1502753.9115500  -2587236.7934801  1502753.9115500  
12      1680    624     14      -2      63.6692741    -161.9259785  0.000   0.143   14.127  0.334   2      2.800   -0.400  1694    622     63.6772557    -161.8730893  -2587036.7934800  1313953.9115500  -2587436.7934800  1311153.9115500  
13      704     632     0       -1      62.8630749    -165.2726789  0.000   0.200   17.945  0.446   3      0.000   -0.200  704     631     62.8615650    -165.2707493  -2585436.7934801  1509153.9115500  -2585636.7934801  1509153.9115500  
14      1592    632     0       -1      63.6114876    -162.2494126  0.000   0.123   11.626  0.288   1      0.000   -0.200  1592    631     63.6099286    -162.2476086  -2585436.7934800  1331553.9115500  -2585636.7934800  1331553.9115500  
15      1744    632     15      -3      63.7324545    -161.7144072  0.000   0.141   14.216  0.389   2      3.000   -0.600  1759    629     63.7395705    -161.6560041  -2585436.7934800  1301153.9115500  -2586036.7934800  1298153.9115500  
16      816     640     0       -1      62.9733906    -164.9163595  0.000   0.168   16.873  0.307   2      0.000   -0.200  816     639     62.9718745    -164.9144425  -2583836.7934801  1486753.9115500  -2584036.7934801  1486753.9115500  
17      1160    648     0       -1      63.2806655    -163.7720015  0.000   0.157   15.272  0.320   2      0.000   -0.200  1160    647     63.2791304    -163.7701294  -2582236.7934801  1417953.9115500  -2582436.7934801  1417953.9115500  
18      1400    648     0       -1      63.4804031    -162.9472889  0.000   0.107   10.910  0.459   3      0.000   -0.200  1400    647     63.4788548    -162.9454518  -2582236.7934801  1369953.9115500  -2582436.7934801  1369953.9115500  
19      1632    648     14      -4      63.6685070    -162.1379082  0.000   0.109   10.644  0.345   2      2.800   -0.800  1646    644     63.6734520    -162.0814905  -2582236.7934800  1323553.9115500  -2583036.7934800  1320753.9115500  
20      1784    648     14      -2      63.7890347    -161.6011717  0.000   0.142   13.691  0.341   2      2.800   -0.400  1798    646     63.7968866    -161.5479309  -2582236.7934800  1293153.9115500  -2582636.7934800  1290353.9115500  
21      768     656     0       -1      62.9556309    -165.1068310  0.000   0.199   19.620  0.628   3      0.000   -0.200  768     655     62.9541178    -165.1049042  -2580636.7934801  1496353.9115500  -2580836.7934801  1496353.9115500  
22      1328    656     0       -1      63.4333798    -163.2108388  0.000   0.257   26.060  0.722   3      0.000   -0.200  1328    655     63.4318355    -163.2089891  -2580636.7934801  1384353.9115500  -2580836.7934801  1384353.9115500  
23      1368    656     0       -1      63.4664429    -163.0727339  0.000   0.146   14.521  0.625   3      0.000   -0.200  1368    655     63.4648965    -163.0708902  -2580636.7934801  1376353.9115500  -2580836.7934801  1376353.9115500  
24      1664    656     15      -3      63.7065621    -162.0397116  0.000   0.216   21.998  0.511   3      3.000   -0.600  1679    653     63.7138242    -161.9814598  -2580636.7934800  1317153.9115500  -2581236.7934800  1314153.9115500  
25      1704    656     15      -3      63.7383876    -161.8986252  0.000   0.169   18.169  0.457   3      3.000   -0.600  1719    653     63.7455869    -161.8402603  -2580636.7934800  1309153.9115500  -2581236.7934800  1306153.9115500  
26      856     664     0       -1      63.0446515    -164.8288594  0.000   0.295   30.058  0.643   3      0.000   -0.200  856     663     63.0431336    -164.8269423  -2579036.7934801  1478753.9115500  -2579236.7934801  1478753.9115500  
27      1752    664     15      -2      63.7889173    -161.7431323  0.000   0.163   15.389  0.429   3      3.000   -0.400  1767    662     63.7976158    -161.6863896  -2579036.7934800  1299553.9115500  -2579436.7934800  1296553.9115500  
28      824     672     0       -1      63.0288860    -164.9511275  0.000   0.119   10.980  0.286   1      0.000   -0.200  824     671     63.0273701    -164.9492044  -2577436.7934801  1485153.9115500  -2577636.7934801  1485153.9115500  
29      904     672     0       -1      63.0984911    -164.6833908  0.000   0.295   30.510  0.686   3      0.000   -0.200  904     671     63.0969707    -164.6814782  -2577436.7934801  1469153.9115500  -2577636.7934801  1469153.9115500  
30      1608    680     16      -4      63.6991785    -162.2800679  0.000   0.156   15.292  0.365   2      3.200   -0.800  1624    676     63.7057911    -162.2165761  -2575836.7934800  1328353.9115500  -2576636.7934800  1325153.9115500  
31      1784    680     15      -2      63.8392380    -161.6581406  0.000   0.110   10.854  0.404   3      3.000   -0.400  1799    678     63.8479010    -161.6012558  -2575836.7934800  1293153.9115500  -2576236.7934800  1290153.9115500  
32      744     688     -1      0       62.9829151    -165.2483953  0.000   0.101   8.980   0.404   3      -0.200  0.000   743     688     62.9820339    -165.2517171  -2574236.7934801  1501153.9115500  -2574236.7934801  1501353.9115500  
33      1640    688     16      -4      63.7373463    -162.1819659  0.000   0.248   25.898  0.557   3      3.200   -0.800  1656    684     63.7439116    -162.1183532  -2574236.7934800  1321953.9115500  -2575036.7934800  1318753.9115500  
34      1864    688     -31     44      63.9145162    -161.3873499  0.000   0.091   8.177   0.238   1      -6.200  8.800   1833    732     63.9593962    -161.5764048  -2574236.7934800  1277153.9115500  -2565436.7934800  1283353.9115500  
35      1272    696     0       -1      63.4484809    -163.4780838  0.000   0.130   12.305  0.295   1      0.000   -0.200  1272    695     63.4469405    -163.4762170  -2572636.7934800  1395553.9115500  -2572836.7934801  1395553.9115500  
36      1560    696     17      -3      63.6853799    -162.4776358  0.000   0.112   12.557  0.384   2      3.400   -0.600  1577    693     63.6944541    -162.4125410  -2572636.7934800  1337953.9115500  -2573236.7934800  1334553.9115500  
37      1752    696     16      -1      63.8390581    -161.8003825  0.000   0.166   15.961  0.555   3      3.200   -0.200  1768    695     63.8501407    -161.7417847  -2572636.7934800  1299553.9115500  -2572836.7934800  1296353.9115500  
38      904     704     0       -1      63.1471337    -164.7447138  0.000   0.253   26.710  0.651   3      0.000   -0.200  904     703     63.1456139    -164.7427940  -2571036.7934801  1469153.9115500  -2571236.7934801  1469153.9115500  
39      1224    712     0       -1      63.4328697    -163.6730292  0.000   0.199   20.116  0.558   3      0.000   -0.200  1224    711     63.4313322    -163.6711518  -2569436.7934801  1405153.9115500  -2569636.7934801  1405153.9115500  
40      1696    712     16      -3      63.8196085    -162.0276183  0.000   0.259   26.461  0.641   3      3.200   -0.600  1712    709     63.8276642    -161.9655609  -2569436.7934800  1310753.9115500  -2570036.7934800  1307553.9115500  
41      944     720     0       -1      63.2061516    -164.6407995  0.000   0.227   22.332  0.596   3      0.000   -0.200  944     719     63.2046299    -164.6388814  -2567836.7934801  1461153.9115500  -2568036.7934801  1461153.9115500  
42      984     720     0       -1      63.2407174    -164.5057762  0.000   0.185   18.540  0.491   3      0.000   -0.200  984     719     63.2391935    -164.5038635  -2567836.7934801  1453153.9115500  -2568036.7934801  1453153.9115500  
43      1016    720     0       -1      63.2682700    -164.3974975  0.000   0.170   16.175  0.547   3      0.000   -0.200  1016    719     63.2667442    -164.3955891  -2567836.7934801  1446753.9115500  -2568036.7934801  1446753.9115500  
44      1592    720     17      -4      63.7486194    -162.4090346  0.000   0.187   18.948  0.542   3      3.400   -0.800  1609    716     63.7561025    -162.3419329  -2567836.7934800  1331553.9115500  -2568636.7934800  1328153.9115500  
45      448     728     97      33      62.7781833    -166.3009370  354.375  0.169   15.305  0.440   3      19.400  6.600   545     761     62.9153292    -166.0488043  -2566236.7934801  1560353.9115500  -2559636.7934801  1540953.9115500  
46      480     728     96      36      62.8071984    -166.1964987  354.375  0.132   12.958  0.266   1      19.200  7.200   576     764     62.9477497    -165.9527553  -2566236.7934801  1553953.9115500  -2559036.7934801  1534753.9115500  
47      360     736     102     20      62.7098681    -166.6028982  0.000   0.114   10.820  0.381   2      20.400  4.000   462     756     62.8327162    -166.3108190  -2564636.7934801  1577953.9115500  -2560636.7934801  1557553.9115500  
48      696     736     98      73      63.0128987    -165.5011177  348.750  0.165   14.012  0.495   3      19.600  14.600  794     809     63.2098985    -165.3172943  -2564636.7934801  1510753.9115500  -2550036.7934801  1491153.9115500  
49      320     744     103     20      62.6850647    -166.7483612  0.000   0.147   14.093  0.332   2      20.600  4.000   423     764     62.8091530    -166.4539806  -2563036.7934801  1585953.9115500  -2559036.7934801  1565353.9115500  
50      816     744     0       -1      63.1309556    -165.1169543  0.000   0.170   15.281  0.399   2      0.000   -0.200  816     743     63.1294416    -165.1150139  -2563036.7934801  1486753.9115500  -2563236.7934801  1486753.9115500  
51      1248    744     24      -6      63.5022567    -163.6506534  0.000   0.150   14.625  0.464   3      4.800   -1.200  1272    738     63.5131638    -163.5566916  -2563036.7934801  1400353.9115500  -2564236.7934800  1395553.9115500  
52      1720    744     16      -2      63.8887842    -162.0003805  0.000   0.180   18.608  0.488   3      3.200   -0.400  1736    742     63.8983941    -161.9399497  -2563036.7934800  1305953.9115500  -2563436.7934800  1302753.9115500  
53      848     752     0       -1      63.1711410    -165.0252872  0.000   0.164   16.108  0.342   2      0.000   -0.200  848     751     63.1696253    -165.0233492  -2561436.7934801  1480353.9115500  -2561636.7934801  1480353.9115500  
54      1200    752     25      -6      63.4740963    -163.8307744  0.000   0.173   15.850  0.480   3      5.000   -1.200  1225    746     63.4859767    -163.7335547  -2561436.7934800  1409953.9115500  -2562636.7934800  1404953.9115500  
55      1432    752     18      -1      63.6677576    -163.0281351  0.000   0.237   22.896  0.520   3      3.600   -0.200  1450    751     63.6810295    -162.9634999  -2561436.7934800  1363553.9115500  -2561636.7934800  1359953.9115500  
56      1536    752     17      -3      63.7529798    -162.6643836  0.000   0.192   19.332  0.371   2      3.400   -0.600  1553    749     63.7621504    -162.5991823  -2561436.7934800  1342753.9115500  -2562036.7934800  1339353.9115500  
57      1592    752     17      -3      63.7984546    -162.4675075  0.000   0.265   27.108  0.560   3      3.400   -0.600  1609    749     63.8075276    -162.4021184  -2561436.7934800  1331553.9115500  -2562036.7934800  1328153.9115500  
58      912     760     0       -1      63.2391792    -164.8256385  0.000   0.150   14.101  0.356   2      0.000   -0.200  912     759     63.2376601    -164.8237070  -2559836.7934801  1467553.9115500  -2560036.7934801  1467553.9115500  
59      1464    760     18      -1      63.7064857    -162.9312850  0.000   0.271   28.655  0.653   3      3.600   -0.200  1482    759     63.7197110    -162.8665008  -2559836.7934800  1357153.9115500  -2560036.7934800  1353553.9115500  
60      1320    768     22      -4      63.5995445    -163.4471244  0.000   0.207   21.217  0.528   3      4.400   -0.800  1342    764     63.6117269    -163.3633956  -2558236.7934800  1385953.9115500  -2559036.7934800  1381553.9115500  
61      1496    768     18      -1      63.7451469    -162.8341395  0.000   0.194   19.762  0.463   3      3.600   -0.200  1514    767     63.7583254    -162.7692061  -2558236.7934800  1350753.9115500  -2558436.7934800  1347153.9115500  
62      224     776     106     42      62.6437950    -167.1221667  0.000   0.177   17.303  0.490   3      21.200  8.400   330     818     62.8041736    -166.8645963  -2556636.7934801  1605153.9115500  -2548236.7934801  1583953.9115500  
63      1624    776     17      -4      63.8617166    -162.3985740  0.000   0.242   24.965  0.585   3      3.400   -0.800  1641    772     63.8691976    -162.3311687  -2556636.7934800  1325153.9115500  -2557436.7934800  1321753.9115500  
64      1656    776     17      -4      63.8875174    -162.2854033  0.000   0.163   14.914  0.404   3      3.400   -0.800  1673    772     63.8949403    -162.2178957  -2556636.7934800  1318753.9115500  -2557436.7934800  1315353.9115500  
65      1136    784     0       -1      63.4688320    -164.1109334  0.000   0.153   15.195  0.458   3      0.000   -0.200  1136    783     63.4673007    -164.1090272  -2555036.7934800  1422753.9115500  -2555236.7934800  1422753.9115500  
66      1432    784     19      -1      63.7172944    -163.0876323  0.000   0.300   32.328  0.652   3      3.800   -0.200  1451    783     63.7314228    -163.0194073  -2555036.7934800  1363553.9115500  -2555236.7934800  1359753.9115500  
67      888     792     0       -1      63.2668101    -164.9684607  0.000   0.249   26.444  0.674   3      0.000   -0.200  888     791     63.2652930    -164.9665188  -2553436.7934801  1472353.9115500  -2553636.7934801  1472353.9115500  
68      1200    792     25      -7      63.5354985    -163.9065532  0.000   0.217   20.627  0.541   3      5.000   -1.400  1225    785     63.5459030    -163.8072411  -2553436.7934800  1409953.9115500  -2554836.7934800  1404953.9115500  
69      1464    792     19      -1      63.7560746    -162.9906838  0.000   0.232   24.635  0.531   3      3.800   -0.200  1483    791     63.7701540    -162.9223007  -2553436.7934800  1357153.9115500  -2553636.7934800  1353353.9115500  
70      256     800     105     45      62.7090200    -167.0675978  354.375  0.118   11.114  0.315   2      21.000  9.000   361     845     62.8728632    -166.8183599  -2551836.7934801  1598753.9115500  -2542836.7934801  1577753.9115500  
71      952     800     0       -1      63.3347842    -164.7679199  0.000   0.154   14.955  0.375   2      0.000   -0.200  952     799     63.3332637    -164.7659847  -2551836.7934801  1459553.9115500  -2552036.7934801  1459553.9115500  
72      1248    800     23      -5      63.5883699    -163.7563560  0.000   0.139   13.949  0.458   3      4.600   -1.000  1271    795     63.6000554    -163.6674671  -2551836.7934800  1400353.9115500  -2552836.7934800  1395753.9115500  
73      1528    800     18      -3      63.8210122    -162.7810750  0.000   0.263   26.637  0.505   3      3.600   -0.600  1546    797     63.8310604    -162.7122222  -2551836.7934800  1344353.9115500  -2552436.7934800  1340753.9115500  
74      184     808     105     41      62.6538332    -167.3154253  0.000   0.231   23.724  0.670   3      21.000  8.200   289     849     62.8122081    -167.0601485  -2550236.7934801  1613153.9115500  -2542036.7934801  1592153.9115500  
75      1360    808     20      -3      63.6946312    -163.3834130  0.000   0.160   15.673  0.368   2      4.000   -0.600  1380    805     63.7066575    -163.3081802  -2550236.7934800  1377953.9115500  -2550836.7934800  1373953.9115500  
76      1584    808     18      -3      63.8791226    -162.5986296  0.000   0.261   27.437  0.446   3      3.600   -0.600  1602    805     63.8890761    -162.5295462  -2550236.7934800  1333153.9115500  -2550836.7934800  1329553.9115500  
77      1640    808     18      -4      63.9245190    -162.4006502  0.000   0.248   25.847  0.496   3      3.600   -0.800  1658    804     63.9328090    -162.3295325  -2550236.7934800  1321953.9115500  -2551036.7934800  1318353.9115500  
78      392     816     95      31      62.8582539    -166.6590337  354.375  0.110   11.665  0.404   2      19.000  6.200   487     847     62.9913542    -166.4105700  -2548636.7934801  1571553.9115500  -2542436.7934801  1552553.9115500  
79      840     816     0       -1      63.2610605    -165.1766842  0.000   0.207   18.791  0.524   3      0.000   -0.200  840     815     63.2595466    -165.1747306  -2548636.7934801  1481953.9115500  -2548836.7934801  1481953.9115500  
80      920     816     0       -1      63.3312067    -164.9071418  0.000   0.195   19.470  0.533   3      0.000   -0.200  920     815     63.3296883    -164.9051987  -2548636.7934801  1465953.9115500  -2548836.7934801  1465953.9115500  
81      64      824     104     33      62.5647108    -167.7316148  348.750  0.099   11.936  0.510   3      20.800  6.600   168     857     62.7111467    -167.4665739  -2547036.7934801  1637153.9115500  -2540436.7934801  1616353.9115500  
82      112     824     104     37      62.6099427    -167.5785363  354.375  0.170   16.997  0.498   3      20.800  7.400   216     861     62.7619855    -167.3203402  -2547036.7934801  1627553.9115500  -2539636.7934801  1606753.9115500  
83      984     824     0       -1      63.3991011    -164.7059364  0.000   0.133   12.283  0.313   2      0.000   -0.200  984     823     63.3975792    -164.7040000  -2547036.7934800  1453153.9115500  -2547236.7934800  1453153.9115500  
84      1392    824     19      -2      63.7459885    -163.3020211  0.000   0.146   14.011  0.435   3      3.800   -0.400  1411    822     63.7586858    -163.2319639  -2547036.7934800  1371553.9115500  -2547436.7934800  1367753.9115500  
85      216     832     104     41      62.7191452    -167.2613152  0.000   0.208   22.329  0.626   3      20.800  8.200   320     873     62.8765239    -167.0083210  -2545436.7934801  1606753.9115500  -2537236.7934801  1585953.9115500  
86      248     832     104     43      62.7489510    -167.1581850  354.375  0.127   11.718  0.519   3      20.800  8.600   352     875     62.9091081    -166.9083351  -2545436.7934801  1600353.9115500  -2536836.7934801  1579553.9115500  
87      952     832     0       -1      63.3834316    -164.8299670  0.000   0.144   13.926  0.460   3      0.000   -0.200  952     831     63.3819117    -164.8280245  -2545436.7934801  1459553.9115500  -2545636.7934800  1459553.9115500  
88      1296    832     22      -5      63.6780249    -163.6509312  0.000   0.247   26.853  0.563   3      4.400   -1.000  1318    827     63.6888029    -163.5651520  -2545436.7934800  1390753.9115500  -2546436.7934800  1386353.9115500  
89      1792    832     18      8       64.0838554    -161.9032244  0.000   0.217   21.730  0.581   3      3.600   1.600   1810    840     64.1106903    -161.8532611  -2545436.7934800  1291553.9115500  -2543836.7934800  1287953.9115500  
90      1992    832     0       0       64.2409240    -161.1826684  0.000   0.085   7.669   0.303   1      0.000   0.000   1992    832     64.2409240    -161.1826684  -2545436.7934800  1251553.9115500  -2545436.7934800  1251553.9115500  
91      184     840     103     41      62.7010632    -167.3805029  0.000   0.183   16.277  0.637   3      20.600  8.200   287     881     62.8577420    -167.1316407  -2543836.7934801  1613153.9115500  -2535636.7934801  1592553.9115500  
92      664     840     89      70      63.1409010    -165.8120106  354.375  0.108   8.736   0.284   1      17.800  14.000  753     910     63.3258960    -165.6538755  -2543836.7934801  1517153.9115500  -2529836.7934801  1499353.9115500  
93      736     840     90      78      63.2052355    -165.5721751  354.375  0.085   8.139   0.321   2      18.000  15.600  826     918     63.4029513    -165.4243756  -2543836.7934801  1502753.9115500  -2528236.7934800  1484753.9115500  
94      1248    840     23      -6      63.6498437    -163.8322954  0.000   0.224   23.637  0.526   3      4.600   -1.200  1271    834     63.6600466    -163.7413283  -2543836.7934800  1400353.9115500  -2545036.7934800  1395753.9115500  
95      1480    840     19      -2      63.8436313    -163.0240839  0.000   0.257   25.138  0.390   2      3.800   -0.400  1499    838     63.8561826    -162.9536174  -2543836.7934800  1353953.9115500  -2544236.7934800  1350153.9115500  
96      1512    840     19      -2      63.8699738    -162.9116385  0.000   0.185   19.448  0.518   3      3.800   -0.400  1531    838     63.8824652    -162.8410428  -2543836.7934800  1347553.9115500  -2544236.7934800  1343753.9115500  
97      1552    840     18      -3      63.9027685    -162.7707522  0.000   0.164   17.178  0.281   1      3.600   -0.600  1570    837     63.9128143    -162.7016722  -2543836.7934800  1339553.9115500  -2544436.7934800  1335953.9115500  
98      1696    840     17      0       64.0195926    -162.2605351  0.000   0.133   13.265  0.429   3      3.400   0.000   1713    840     64.0332556    -162.1999890  -2543836.7934800  1310753.9115500  -2543836.7934800  1307353.9115500  
99      152     848     102     40      62.6828688    -167.4995263  354.375  0.113   12.053  0.319   2      20.400  8.000   254     888     62.8373619    -167.2527421  -2542236.7934801  1619553.9115500  -2534236.7934801  1599153.9115500  
100     504     848     89      49      63.0083346    -166.3567297  0.000   0.092   8.765   0.222   1      17.800  9.800   593     897     63.1624521    -166.1611776  -2542236.7934801  1549153.9115500  -2532436.7934801  1531353.9115500  
101     1184    848     23      -7      63.6077905    -164.0683823  0.000   0.149   13.418  0.272   1      4.600   -1.400  1207    841     63.6166242    -163.9757508  -2542236.7934800  1413153.9115500  -2543636.7934800  1408553.9115500  
102     1584    848     18      -3      63.9413381    -162.6726039  0.000   0.210   21.643  0.406   3      3.600   -0.600  1602    845     63.9513332    -162.6033791  -2542236.7934800  1333153.9115500  -2542836.7934800  1329553.9115500  
103     1904    848     13      35      64.1974525    -161.5296205  354.375  0.110   9.282   0.531   3      2.600   7.000   1917    883     64.2627054    -161.5458022  -2542236.7934800  1269153.9115500  -2535236.7934800  1266553.9115500  
104     72      856     102     32      62.6192711    -167.7717118  354.375  0.108   9.171   0.263   1      20.400  6.400   174     888     62.7624724    -167.5107255  -2540636.7934801  1635553.9115500  -2534236.7934801  1615153.9115500  
105     392     856     92      32      62.9177620    -166.7395648  354.375  0.106   11.151  0.364   2      18.400  6.400   484     888     63.0498028    -166.5028205  -2540636.7934801  1571553.9115500  -2534236.7934801  1553153.9115500  
106     1416    856     19      -1      63.8153948    -163.2783506  0.000   0.149   14.775  0.401   3      3.800   -0.200  1435    855     63.8296293    -163.2099679  -2540636.7934800  1366753.9115500  -2540836.7934800  1362953.9115500  
107     1624    856     18      -4      63.9863397    -162.5457964  0.000   0.172   18.213  0.442   3      3.600   -0.800  1642    852     63.9947109    -162.4745519  -2540636.7934800  1325153.9115500  -2541436.7934800  1321553.9115500  
108     552     864     88      54      63.0758792    -166.2306757  354.375  0.101   8.257   0.263   1      17.600  10.800  640     918     63.2364405    -166.0471982  -2539036.7934801  1539553.9115500  -2528236.7934801  1521953.9115500  
109     1080    864     0       -1      63.5431295    -164.4561519  0.000   0.143   13.730  0.361   2      0.000   -0.200  1080    863     63.5416030    -164.4542195  -2539036.7934800  1433953.9115500  -2539236.7934800  1433953.9115500  
110     1296    864     22      -5      63.7272734    -163.7116637  0.000   0.225   24.559  0.510   3      4.400   -1.000  1318    859     63.7380938    -163.6257438  -2539036.7934800  1390753.9115500  -2540036.7934800  1386353.9115500  
111     1336    864     20      -3      63.7609142    -163.5726150  0.000   0.140   14.068  0.409   3      4.000   -0.600  1356    861     63.7730537    -163.4972755  -2539036.7934800  1382753.9115500  -2539636.7934800  1378753.9115500  
112     1824    864     21      15      64.1594281    -161.8466195  0.000   0.165   13.211  0.438   3      4.200   3.000   1845    879     64.1996084    -161.7983718  -2539036.7934800  1285153.9115500  -2536036.7934800  1280953.9115500  
113     1984    864     -1      0       64.2851761    -161.2688661  0.000   0.126   11.751  0.263   1      -0.200  0.000   1983    864     64.2843979    -161.2724951  -2539036.7934800  1253153.9115500  -2539036.7934800  1253353.9115500  
114     1480    872     19      -3      63.8932040    -163.0839879  0.000   0.100   9.369   0.176   1      3.800   -0.600  1499    869     63.9042402    -163.0115405  -2537436.7934800  1353953.9115500  -2538036.7934800  1350153.9115500  
115     1512    872     19      -3      63.9196033    -162.9713840  0.000   0.160   14.205  0.281   2      3.800   -0.600  1531    869     63.9305779    -162.8988117  -2537436.7934800  1347553.9115500  -2538036.7934800  1343753.9115500  
116     1696    872     19      -1      64.0695474    -162.3193446  0.000   0.145   14.979  0.264   1      3.800   -0.200  1715    871     64.0832876    -162.2497338  -2537436.7934800  1310753.9115500  -2537636.7934800  1306953.9115500  
117     960     880     0       -1      63.4633548    -164.8963166  0.000   0.175   17.373  0.496   3      0.000   -0.200  960     879     63.4618354    -164.8943641  -2535836.7934800  1457953.9115500  -2536036.7934800  1457953.9115500  
118     1144    880     29      -10     63.6226044    -164.2674906  354.375  0.113   10.499  0.231   1      5.800   -2.000  1173    870     63.6321147    -164.1484482  -2535836.7934800  1421153.9115500  -2537836.7934800  1415353.9115500  
119     1176    880     29      -8      63.6499944    -164.1573299  354.375  0.122   13.728  0.415   2      5.800   -1.600  1205    872     63.6624708    -164.0419515  -2535836.7934800  1414753.9115500  -2537436.7934800  1408953.9115500  
120     1448    880     20      -3      63.8790861    -163.2114083  0.000   0.130   11.800  0.274   1      4.000   -0.600  1468    877     63.8910206    -163.1355441  -2535836.7934800  1360353.9115500  -2536436.7934800  1356353.9115500  
121     1592    880     20      -5      63.9976259    -162.7037165  0.000   0.200   19.395  0.372   2      4.000   -1.000  1612    875     64.0061566    -162.6235450  -2535836.7934800  1331553.9115500  -2536836.7934800  1327553.9115500  
122     1896    880     16      32      64.2414693    -161.6162817  5.625   0.107   10.746  0.541   3      3.200   6.400   1912    912     64.3043708    -161.6164113  -2535836.7934800  1270753.9115500  -2529436.7934800  1267553.9115500  
123     64      888     99      31      62.6586735    -167.8630494  354.375  0.156   17.063  0.492   3      19.800  6.200   163     919     62.7977909    -167.6097616  -2534236.7934801  1637153.9115500  -2528036.7934801  1617353.9115500  
124     912     888     0       -1      63.4334567    -165.0747493  0.000   0.215   21.127  0.512   3      0.000   -0.200  912     887     63.4319402    -165.0727885  -2534236.7934800  1467553.9115500  -2534436.7934800  1467553.9115500  
125     1248    888     23      -6      63.7235725    -163.9239081  0.000   0.221   22.469  0.531   3      4.600   -1.200  1271    882     63.7338430    -163.8327135  -2534236.7934800  1400353.9115500  -2535436.7934800  1395753.9115500  
126     1408    888     20      -2      63.8581753    -163.3667014  0.000   0.128   12.607  0.262   1      4.000   -0.400  1428    886     63.8717451    -163.2928603  -2534236.7934800  1368353.9115500  -2534636.7934800  1364353.9115500  
127     1632    888     20      -6      64.0426675    -162.5766804  0.000   0.160   14.602  0.322   2      4.000   -1.200  1652    882     64.0495633    -162.4944712  -2534236.7934800  1323553.9115500  -2535436.7934800  1319553.9115500  
128     1952    888     -1      0       64.2980188    -161.4280694  0.000   0.124   10.492  0.214   1      -0.200  0.000   1951    888     64.2972362    -161.4316953  -2534236.7934800  1259553.9115500  -2534236.7934800  1259753.9115500  
129     128     896     98      37      62.7309493    -167.6748409  0.000   0.081   8.131   0.289   1      19.600  7.400   226     933     62.8776406    -167.4354078  -2532636.7934801  1624353.9115500  -2525236.7934801  1604753.9115500  
130     456     896     86      42      63.0360914    -166.6109183  354.375  0.149   13.869  0.463   3      17.200  8.400   542     938     63.1774233    -166.4124537  -2532636.7934801  1558753.9115500  -2524236.7934801  1541553.9115500  
131     800     896     96      88      63.3466403    -165.4683611  5.625   0.083   9.110   0.301   2      19.200  17.600  896     984     63.5647904    -165.3184236  -2532636.7934801  1489953.9115500  -2515036.7934800  1470753.9115500  
132     864     896     0       0       63.4033138    -165.2527649  0.000   0.089   8.391   0.321   1      0.000   0.000   864     896     63.4033138    -165.2527649  -2532636.7934801  1477153.9115500  -2532636.7934801  1477153.9115500  
133     1296    896     22      -5      63.7765028    -163.7726321  0.000   0.156   15.946  0.375   2      4.400   -1.000  1318    891     63.7873657    -163.6865713  -2532636.7934800  1390753.9115500  -2533636.7934800  1386353.9115500  
134     656     904     84      69      63.2298615    -165.9659509  354.375  0.192   19.745  0.490   3      16.800  13.800  740     973     63.4091207    -165.8231632  -2531036.7934801  1518753.9115500  -2517236.7934800  1501953.9115500  
135     1048    904     0       -1      63.5764687    -164.6431932  0.000   0.216   23.443  0.663   3      0.000   -0.200  1048    903     63.5749448    -164.6412472  -2531036.7934800  1440353.9115500  -2531236.7934800  1440353.9115500  
136     1344    904     21      -3      63.8292665    -163.6207240  0.000   0.204   20.010  0.421   3      4.200   -0.600  1365    901     63.8422760    -163.5417110  -2531036.7934800  1381153.9115500  -2531636.7934800  1376953.9115500  
137     768     912     88      83      63.3422980    -165.6075373  354.375  0.101   10.275  0.352   2      17.600  16.600  856     995     63.5459401    -165.4759553  -2529436.7934801  1496353.9115500  -2512836.7934800  1478753.9115500  
138     1080    912     0       -1      63.6163798    -164.5491784  0.000   0.167   17.498  0.375   2      0.000   -0.200  1080    911     63.6148543    -164.5472349  -2529436.7934800  1433953.9115500  -2529636.7934800  1433953.9115500  
139     1152    912     25      -10     63.6784197    -164.3017258  0.000   0.112   11.136  0.294   1      5.000   -2.000  1177    902     63.6845417    -164.1962350  -2529436.7934800  1419553.9115500  -2531436.7934800  1414553.9115500  
140     1480    912     20      -4      63.9551443    -163.1591995  0.000   0.144   13.890  0.357   2      4.000   -0.800  1500    908     63.9655024    -163.0812004  -2529436.7934800  1353953.9115500  -2530236.7934800  1349953.9115500  
141     1672    912     20      -1      64.1125365    -162.4788316  0.000   0.087   8.766   0.288   1      4.000   -0.200  1692    911     64.1271726    -162.4056188  -2529436.7934800  1315553.9115500  -2529636.7934800  1311553.9115500  
142     1704    912     20      5       64.1384319    -162.3646087  354.375  0.185   17.428  0.538   3      4.000   1.000   1724    917     64.1623757    -162.3023327  -2529436.7934800  1309153.9115500  -2528436.7934800  1305153.9115500  
143     1776    912     19      11      64.1963412    -162.1067439  354.375  0.206   20.586  0.519   3      3.800   2.200   1795    923     64.2287612    -162.0586888  -2529436.7934800  1294753.9115500  -2527236.7934800  1290953.9115500  
144     608     920     83      63      63.2104958    -166.1575527  354.375  0.142   13.485  0.442   3      16.600  12.600  691     983     63.3800434    -166.0074837  -2527836.7934801  1528353.9115500  -2515236.7934800  1511753.9115500  
145     1256    920     23      -5      63.7795004    -163.9575222  0.000   0.169   16.868  0.513   3      4.600   -1.000  1279    915     63.7913336    -163.8680557  -2527836.7934800  1398753.9115500  -2528836.7934800  1394153.9115500  
146     1440    920     20      -3      63.9342894    -163.3150046  0.000   0.156   14.795  0.291   1      4.000   -0.600  1460    917     63.9462869    -163.2390233  -2527836.7934800  1361953.9115500  -2528436.7934800  1357953.9115500  
147     1616    920     20      -5      64.0794322    -162.6930686  0.000   0.253   25.769  0.504   3      4.000   -1.000  1636    915     64.0879590    -162.6126319  -2527836.7934800  1326753.9115500  -2528836.7934800  1322753.9115500  
148     1944    920     -1      0       64.3421194    -161.5149015  0.000   0.122   10.396  0.342   2      -0.200  0.000   1943    920     64.3413343    -161.5185311  -2527836.7934800  1261153.9115500  -2527836.7934800  1261353.9115500  
149     480     928     83      48      63.1057900    -166.5967531  354.375  0.142   14.703  0.506   3      16.600  9.600   563     976     63.2533682    -166.4197714  -2526236.7934801  1553953.9115500  -2516636.7934801  1537353.9115500  
150     896     928     0       -1      63.4800002    -165.2076059  0.000   0.118   10.857  0.351   2      0.000   -0.200  896     927     63.4784854    -165.2056337  -2526236.7934800  1470753.9115500  -2526436.7934800  1470753.9115500  
151     928     928     0       -1      63.5081751    -165.0990776  0.000   0.189   18.505  0.548   3      0.000   -0.200  928     927     63.5066585    -165.0971096  -2526236.7934800  1464353.9115500  -2526436.7934800  1464353.9115500  
152     1016    928     0       -1      63.5851968    -164.7993930  0.000   0.207   20.102  0.741   3      0.000   -0.200  1016    927     63.5836752    -164.7974369  -2526236.7934800  1446753.9115500  -2526436.7934800  1446753.9115500  
153     1408    928     20      -3      63.9199429    -163.4425016  0.000   0.141   14.024  0.376   2      4.000   -0.600  1428    925     63.9320141    -163.3666243  -2526236.7934800  1368353.9115500  -2526836.7934800  1364353.9115500  
154     312     936     95      51      62.9624374    -167.1626946  0.000   0.094   9.099   0.443   3      19.000  10.200  407     987     63.1262910    -166.9567061  -2524636.7934801  1587553.9115500  -2514436.7934801  1568553.9115500  
155     344     936     96      48      62.9921908    -167.0584882  5.625   0.116   10.580  0.340   2      19.200  9.600   440     984     63.1523557    -166.8421892  -2524636.7934801  1581153.9115500  -2515036.7934801  1561953.9115500  
156     376     936     92      49      63.0218613    -166.9540438  0.000   0.168   15.020  0.242   1      18.400  9.800   468     985     63.1796700    -166.7520705  -2524636.7934801  1574753.9115500  -2514836.7934801  1556353.9115500  
157     968     936     0       -1      63.5554188    -164.9787904  0.000   0.212   21.605  0.728   3      0.000   -0.200  968     935     63.5539001    -164.9768259  -2524636.7934800  1456353.9115500  -2524836.7934800  1456353.9115500  
158     1296    936     22      -4      63.8380123    -163.8491763  0.000   0.257   27.269  0.511   3      4.400   -0.800  1318    932     63.8504673    -163.7648529  -2524636.7934800  1390753.9115500  -2525436.7934800  1386353.9115500  
159     1344    936     21      -3      63.8785583    -163.6817613  0.000   0.160   16.245  0.380   2      4.200   -0.600  1365    933     63.8916074    -163.6026255  -2524636.7934800  1381153.9115500  -2525236.7934800  1376953.9115500  
160     1376    936     21      -2      63.9054724    -163.5698530  0.000   0.169   17.324  0.395   2      4.200   -0.400  1397    934     63.9199978    -163.4924777  -2524636.7934800  1374753.9115500  -2525036.7934800  1370553.9115500  
161     1776    944     17      11      64.2463992    -162.1656621  354.375  0.140   15.080  0.460   3      3.400   2.200   1793    955     64.2772439    -162.1247892  -2523036.7934800  1294753.9115500  -2520836.7934800  1291353.9115500  
162     1888    944     23      37      64.3356911    -161.7615643  0.000   0.162   15.658  0.528   3      4.600   7.400   1911    981     64.4120115    -161.7457969  -2523036.7934800  1272353.9115500  -2515636.7934800  1267753.9115500  
163     688     952     79      71      63.3307785    -165.9552651  354.375  0.164   14.179  0.470   3      15.800  14.200  767     1023    63.5086175    -165.8327122  -2521436.7934801  1512353.9115500  -2507236.7934800  1496553.9115500  
164     1224    952     24      -6      63.8013320    -164.1301816  0.000   0.225   22.452  0.571   3      4.800   -1.200  1248    946     63.8126029    -164.0353185  -2521436.7934800  1405153.9115500  -2522636.7934800  1400353.9115500  
165     1736    952     16      9       64.2267118    -162.3240988  0.000   0.122   11.410  0.449   3      3.200   1.800   1752    961     64.2536725    -162.2833411  -2521436.7934800  1302753.9115500  -2519636.7934800  1299553.9115500  
166     456     960     79      45      63.1314039    -166.7406534  354.375  0.082   8.647   0.268   1      15.800  9.000   535     1005    63.2710546    -166.5714654  -2519836.7934801  1558753.9115500  -2510836.7934801  1542953.9115500  
167     1512    960     21      -4      64.0559916    -163.1369023  0.000   0.104   10.451  0.234   1      4.200   -0.800  1533    956     64.0671666    -163.0550401  -2519836.7934800  1347553.9115500  -2520636.7934800  1343353.9115500  
168     1544    960     20      -6      64.0824532    -163.0236227  0.000   0.157   14.222  0.285   1      4.000   -1.200  1564    954     64.0896309    -162.9414081  -2519836.7934800  1341153.9115500  -2521036.7934800  1337153.9115500  
169     1360    968     21      -3      63.9413285    -163.6870364  0.000   0.251   24.976  0.404   3      4.200   -0.600  1381    965     63.9543840    -163.6077060  -2518236.7934800  1377953.9115500  -2518836.7934800  1373753.9115500  
170     1408    968     21      -3      63.9816810    -163.5186739  0.000   0.173   17.286  0.422   3      4.200   -0.600  1429    965     63.9946359    -163.4391294  -2518236.7934800  1368353.9115500  -2518836.7934800  1364153.9115500  
171     1440    968     21      -3      64.0084652    -163.4061326  0.000   0.119   12.547  0.364   2      4.200   -0.600  1461    965     64.0213527    -163.3264455  -2518236.7934800  1361953.9115500  -2518836.7934800  1357753.9115500  
172     384     976     92      48      63.0886416    -167.0095728  0.000   0.112   10.614  0.261   2      18.400  9.600   476     1024    63.2450931    -166.8053687  -2516636.7934801  1573153.9115500  -2507036.7934801  1554753.9115500  
173     1272    976     23      -4      63.8790854    -164.0097407  0.000   0.200   20.482  0.499   3      4.600   -0.800  1295    972     63.8924957    -163.9218724  -2516636.7934800  1395553.9115500  -2517436.7934800  1390953.9115500  
174     1472    976     20      -5      64.0475278    -163.3085526  0.000   0.102   10.217  0.211   1      4.000   -1.000  1492    971     64.0564312    -163.2284312  -2516636.7934800  1355553.9115500  -2517636.7934800  1351553.9115500  
175     1224    984     25      -5      63.8503768    -164.1921419  0.000   0.132   13.122  0.444   3      5.000   -1.000  1249    979     63.8640825    -164.0955802  -2515036.7934800  1405153.9115500  -2516036.7934800  1400153.9115500  
176     1824    984     18      28      64.3474697    -162.0664925  354.375  0.132   11.630  0.398   3      3.600   5.600   1842    1012    64.4057289    -162.0531211  -2515036.7934800  1285153.9115500  -2509436.7934800  1281553.9115500  
177     528     992     81      58      63.2452410    -166.5681932  0.000   0.099   9.807   0.285   1      16.200  11.600  609     1050    63.4059900    -166.4171191  -2513436.7934801  1544353.9115500  -2501836.7934800  1528153.9115500  
178     1504    992     20      -5      64.0989082    -163.2258600  0.000   0.136   13.307  0.447   3      4.000   -1.000  1524    987     64.1077626    -163.1455451  -2513436.7934800  1349153.9115500  -2514436.7934800  1345153.9115500  
179     424     1000    88      51      63.1613432    -166.9275003  354.375  0.197   19.326  0.625   3      17.600  10.200  512     1051    63.3184913    -166.7416207  -2511836.7934801  1565153.9115500  -2501636.7934801  1547553.9115500  
180     584     1000    77      61      63.3084077    -166.3987068  0.000   0.119   10.922  0.496   3      15.400  12.200  661     1061    63.4698518    -166.2656960  -2511836.7934801  1533153.9115500  -2499636.7934800  1517753.9115500  
181     696     1000    74      71      63.4100849    -166.0249669  354.375  0.220   21.313  0.583   3      14.800  14.200  770     1071    63.5835428    -165.9194050  -2511836.7934801  1510753.9115500  -2497636.7934800  1495953.9115500  
182     1400    1000    21      -4      64.0243248    -163.6080180  0.000   0.183   17.849  0.332   2      4.200   -0.800  1421    996     64.0357929    -163.5264709  -2511836.7934800  1369953.9115500  -2512636.7934800  1365753.9115500  
183     1432    1000    21      -4      64.0511903    -163.4953808  0.000   0.123   11.659  0.318   2      4.200   -0.800  1453    996     64.0625893    -163.4136951  -2511836.7934800  1363553.9115500  -2512636.7934800  1359353.9115500  
184     1664    1000    15      6       64.2431199    -162.6715630  0.000   0.211   22.460  0.517   3      3.000   1.200   1679    1006    64.2647012    -162.6291117  -2511836.7934800  1317153.9115500  -2510636.7934800  1314153.9115500  
185     1768    1000    16      15      64.3275111    -162.2981676  348.750  0.120   11.671  0.396   2      3.200   3.000   1784    1015    64.3638543    -162.2683726  -2511836.7934800  1296353.9115500  -2508836.7934800  1293153.9115500  
186     624     1008    75      63      63.3568200    -166.2817659  0.000   0.129   12.603  0.401   3      15.000  12.600  699     1071    63.5193592    -166.1585472  -2510236.7934801  1525153.9115500  -2497636.7934800  1510153.9115500  
187     1104    1008    31      -4      63.7836033    -164.6541712  0.000   0.120   11.508  0.277   1      6.200   -0.800  1135    1004    63.8043681    -164.5393533  -2510236.7934800  1429153.9115500  -2511036.7934800  1422953.9115500  
188     1248    1016    24      -4      63.9199660    -164.1708269  0.000   0.177   17.458  0.404   3      4.800   -0.800  1272    1012    63.9343408    -164.0794143  -2508636.7934800  1400353.9115500  -2509436.7934800  1395553.9115500  
189     368     1024    88      49      63.1449441    -167.1605214  0.000   0.152   14.945  0.379   2      17.600  9.800   456     1073    63.2994512    -166.9720586  -2507036.7934801  1576353.9115500  -2497236.7934801  1558753.9115500  
190     1296    1024    21      -3      63.9732250    -164.0188902  0.000   0.180   19.018  0.466   3      4.200   -0.600  1317    1021    63.9864840    -163.9396325  -2507036.7934800  1390753.9115500  -2507636.7934800  1386553.9115500  
191     1352    1024    21      -4      64.0207879    -163.8227883  0.000   0.236   23.552  0.417   3      4.200   -0.800  1373    1020    64.0323899    -163.7413510  -2507036.7934800  1379553.9115500  -2507836.7934800  1375353.9115500  
192     1728    1024    13      8       64.3326208    -162.4869290  354.375  0.157   17.272  0.612   3      2.600   1.600   1741    1032    64.3556498    -162.4551091  -2507036.7934800  1304353.9115500  -2505436.7934800  1301753.9115500  
193     128     1032    93      34      62.9307579    -167.9566172  354.375  0.177   19.415  0.550   3      18.600  6.800   221     1066    63.0689596    -167.7269084  -2505436.7934801  1624353.9115500  -2498636.7934801  1605753.9115500  
194     656     1032    71      66      63.4218562    -166.2235433  354.375  0.113   10.612  0.307   3      14.200  13.200  727     1098    63.5852608    -166.1192213  -2505436.7934800  1518753.9115500  -2492236.7934800  1504553.9115500  
195     688     1032    70      69      63.4508805    -166.1163922  354.375  0.125   12.314  0.499   3      14.000  13.800  758     1101    63.6178213    -166.0207344  -2505436.7934800  1512353.9115500  -2491636.7934800  1498353.9115500  
196     1464    1032    21      -5      64.1274126    -163.4436768  0.000   0.312   32.123  0.533   3      4.200   -1.000  1485    1027    64.1372362    -163.3598076  -2505436.7934800  1357153.9115500  -2506436.7934800  1352953.9115500  
197     1760    1032    12      11      64.3710389    -162.3866385  354.375  0.191   18.845  0.577   3      2.400   2.200   1772    1043    64.3979254    -162.3638914  -2505436.7934800  1297953.9115500  -2503236.7934800  1295553.9115500  
198     1984    1032    0       0       64.5498412    -161.5730183  0.000   0.083   7.162   0.279   1      0.000   0.000   1984    1032    64.5498412    -161.5730183  -2505436.7934800  1253153.9115500  -2505436.7934800  1253153.9115500  
199     264     1040    92      64      63.0712163    -167.5330945  5.625   0.117   10.234  0.297   1      18.400  12.800  356     1104    63.2521652    -167.3654529  -2503836.7934801  1597153.9115500  -2491036.7934801  1578753.9115500  
200     720     1040    68      70      63.4918354    -166.0251623  354.375  0.133   11.487  0.398   3      13.600  14.000  788     1110    63.6584360    -165.9375536  -2503836.7934800  1505953.9115500  -2489836.7934800  1492353.9115500  
201     1208    1040    26      -4      63.9223957    -164.3568099  0.000   0.108   9.976   0.269   1      5.200   -0.800  1234    1036    63.9386176    -164.2585307  -2503836.7934800  1408353.9115500  -2504636.7934800  1403153.9115500  
202     552     1048    77      61      63.3508087    -166.6027833  354.375  0.172   16.803  0.519   3      15.400  12.200  629     1109    63.5124923    -166.4708404  -2502236.7934800  1539553.9115500  -2490036.7934800  1524153.9115500  
203     1240    1048    24      -3      63.9621502    -164.2610496  0.000   0.169   17.035  0.498   3      4.800   -0.600  1264    1045    63.9781241    -164.1714838  -2502236.7934800  1401953.9115500  -2502836.7934800  1397153.9115500  
204     1824    1048    9       22      64.4476627    -162.1851245  348.750  0.096   9.034   0.296   2      1.800   4.400   1833    1070    64.4893294    -162.1934703  -2502236.7934800  1285153.9115500  -2497836.7934800  1283353.9115500  
205     2016    1048    -1      0       64.6001967    -161.4850456  0.000   0.106   9.560   0.353   2      -0.200  0.000   2015    1048    64.5994116    -161.4887143  -2502236.7934800  1246753.9115500  -2502236.7934800  1246953.9115500  
206     584     1056    75      62      63.3920925    -166.5126863  0.000   0.144   12.281  0.476   3      15.000  12.400  659     1118    63.5533796    -166.3887199  -2500636.7934800  1533153.9115500  -2488236.7934800  1518153.9115500  
207     1160    1056    28      -3      63.9054138    -164.5548465  0.000   0.291   29.889  0.590   3      5.600   -0.600  1188    1053    63.9250397    -164.4517757  -2500636.7934800  1417953.9115500  -2501236.7934800  1412353.9115500  
208     1272    1056    22      -3      64.0018404    -164.1649868  0.000   0.161   15.587  0.387   2      4.400   -0.600  1294    1053    64.0160433    -164.0822171  -2500636.7934800  1395553.9115500  -2501236.7934800  1391153.9115500  
209     464     1064    81      56      63.2934906    -166.9271011  0.000   0.159   15.484  0.406   3      16.200  11.200  545     1120    63.4517144    -166.7738711  -2499036.7934801  1557153.9115500  -2487836.7934800  1540953.9115500  
210     1344    1072    21      -3      64.0878309    -163.9438476  0.000   0.206   21.348  0.423   3      4.200   -0.600  1365    1069    64.1010500    -163.8641877  -2497436.7934800  1381153.9115500  -2498036.7934800  1376953.9115500  
211     1392    1072    21      -4      64.1285375    -163.7749142  0.000   0.168   17.051  0.396   2      4.200   -0.800  1413    1068    64.1401143    -163.6931040  -2497436.7934800  1371553.9115500  -2498236.7934800  1367353.9115500  
212     1792    1072    6       11      64.4594044    -162.3458260  337.500  0.076   7.410   0.416   3      1.200   2.200   1798    1083    64.4814452    -162.3446980  -2497436.7934800  1291553.9115500  -2495236.7934800  1290353.9115500  
213     1040    1080    36      10      63.8373348    -165.0169023  0.000   0.258   26.732  0.647   3      7.200   2.000   1076    1090    63.8841045    -164.9126742  -2495836.7934800  1441953.9115500  -2493836.7934800  1434753.9115500  
214     1536    1080    21      -5      64.2617672    -163.2801396  0.000   0.251   25.270  0.643   3      4.200   -1.000  1557    1075    64.2714911    -163.1957538  -2495836.7934800  1342753.9115500  -2496836.7934800  1338553.9115500  
215     1856    1080    -1      0       64.5234620    -162.1285496  0.000   0.110   11.718  0.307   2      -0.200  0.000   1855    1080    64.5226595    -162.1321861  -2495836.7934800  1278753.9115500  -2495836.7934800  1278953.9115500  
216     1888    1080    0       -1      64.5490912    -162.0120554  0.000   0.176   16.139  0.324   2      0.000   -0.200  1888    1079    64.5475231    -162.0101978  -2495836.7934800  1272353.9115500  -2496036.7934800  1272353.9115500  
217     528     1088    75      58      63.3883582    -166.7645045  354.375  0.101   9.450   0.316   2      15.000  11.600  603     1146    63.5439153    -166.6338999  -2494236.7934800  1544353.9115500  -2482636.7934800  1529353.9115500  
218     1248    1088    24      -2      64.0302951    -164.3114153  0.000   0.183   17.876  0.452   3      4.800   -0.400  1272    1086    64.0478407    -164.2235954  -2494236.7934800  1400353.9115500  -2494636.7934800  1395553.9115500  
219     1456    1088    21      -5      64.2071820    -163.5796655  0.000   0.254   26.963  0.489   3      4.200   -1.000  1477    1083    64.2170955    -163.4955818  -2494236.7934800  1358753.9115500  -2495236.7934800  1354553.9115500  
220     1920    1088    -1      0       64.5871785    -161.9101451  0.000   0.168   15.876  0.386   2      -0.200  0.000   1919    1088    64.5863817    -161.9137981  -2494236.7934800  1265953.9115500  -2494236.7934800  1266153.9115500  
221     2016    1088    -1      0       64.6632082    -161.5583526  0.000   0.142   14.151  0.364   2      -0.200  0.000   2015    1088    64.6624209    -161.5620284  -2494236.7934800  1246753.9115500  -2494236.7934800  1246953.9115500  
222     456     1096    80      56      63.3336174    -167.0195287  0.000   0.108   9.990   0.359   2      16.000  11.200  536     1152    63.4910521    -166.8699604  -2492636.7934801  1558753.9115500  -2481436.7934800  1542753.9115500  
223     632     1096    62      68      63.4957968    -166.4341823  0.000   0.128   12.355  0.425   3      12.400  13.600  694     1164    63.6542037    -166.3653574  -2492636.7934800  1523553.9115500  -2479036.7934800  1511153.9115500  
224     664     1096    61      67      63.5250059    -166.3269609  0.000   0.164   14.797  0.462   3      12.200  13.400  725     1163    63.6809635    -166.2587164  -2492636.7934800  1517153.9115500  -2479236.7934800  1504953.9115500  
225     1968    1096    0       -1      64.6378845    -161.7492950  0.000   0.078   8.211   0.214   1      0.000   -0.200  1968    1095    64.6363123    -161.7474474  -2492636.7934800  1256353.9115500  -2492836.7934800  1256353.9115500  
226     336     1104    86      58      63.2334008    -167.4310435  0.000   0.078   7.286   0.225   1      17.200  11.600  422     1162    63.3998284    -167.2689343  -2491036.7934801  1582753.9115500  -2479436.7934800  1565553.9115500  
227     1184    1104    26      -2      63.9995204    -164.5660461  0.000   0.095   10.912  0.299   1      5.200   -0.400  1210    1102    64.0189634    -164.4715404  -2491036.7934800  1413153.9115500  -2491436.7934800  1407953.9115500  
228     1336    1104    21      -4      64.1301995    -164.0342924  0.000   0.246   25.159  0.558   3      4.200   -0.800  1357    1100    64.1419381    -163.9525974  -2491036.7934800  1382753.9115500  -2491836.7934800  1378553.9115500  
229     1368    1104    21      -4      64.1574428    -163.9216386  0.000   0.250   26.388  0.449   3      4.200   -0.800  1389    1100    64.1691124    -163.8398019  -2491036.7934800  1376353.9115500  -2491836.7934800  1372153.9115500  
230     1632    1104    0       -1      64.3785801    -162.9828936  0.000   0.094   8.393   0.320   2      0.000   -0.200  1632    1103    64.3770269    -162.9809876  -2491036.7934800  1323553.9115500  -2491236.7934800  1323553.9115500  
231     2056    1104    0       -1      64.7198522    -161.4404453  0.000   0.177   16.456  0.315   2      0.000   -0.200  2056    1103    64.7182752    -161.4386114  -2491036.7934800  1238753.9115500  -2491236.7934800  1238753.9115500  
232     1416    1112    21      -5      64.2104583    -163.7677254  0.000   0.203   19.976  0.461   3      4.200   -1.000  1437    1107    64.2204922    -163.6837056  -2489436.7934800  1366753.9115500  -2490436.7934800  1362553.9115500  
233     1800    1112    -1      -1      64.5283828    -162.3918802  0.000   0.161   15.185  0.406   3      -0.200  -0.200  1799    1111    64.5260106    -162.3936285  -2489436.7934800  1289953.9115500  -2489636.7934800  1290153.9115500  
234     296     1120    86      65      63.2193802    -167.5953562  5.625   0.103   10.584  0.305   1      17.200  13.000  382     1185    63.3963582    -167.4490692  -2487836.7934801  1590753.9115500  -2474836.7934800  1573553.9115500  
235     752     1120    56      70      63.6409408    -166.0796452  354.375  0.128   11.644  0.446   3      11.200  14.000  808     1190    63.7968261    -166.0327091  -2487836.7934800  1499553.9115500  -2473836.7934800  1488353.9115500  
236     1472    1120    21      -5      64.2700362    -163.5847525  0.000   0.239   26.555  0.487   3      4.200   -1.000  1493    1115    64.2799553    -163.5004585  -2487836.7934800  1355553.9115500  -2488836.7934800  1351353.9115500  
237     408     1128    84      57      63.3363652    -167.2443182  0.000   0.123   11.496  0.487   3      16.800  11.400  492     1185    63.4992741    -167.0849075  -2486236.7934801  1568353.9115500  -2474836.7934800  1551553.9115500  
238     680     1128    57      68      63.5875149    -166.3386528  0.000   0.151   14.832  0.439   3      11.400  13.600  737     1196    63.7413728    -166.2859083  -2486236.7934800  1513953.9115500  -2472636.7934800  1502553.9115500  
239     1080    1128    32      9       63.9454216    -164.9744899  0.000   0.113   11.668  0.246   1      6.400   1.800   1112    1137    63.9871546    -164.8816150  -2486236.7934800  1433953.9115500  -2484436.7934800  1427553.9115500  
240     1216    1128    24      -1      64.0639065    -164.5018995  0.000   0.139   15.635  0.443   3      4.800   -0.200  1240    1127    64.0831127    -164.4160671  -2486236.7934800  1406753.9115500  -2486436.7934800  1401953.9115500  
241     1248    1128    23      -2      64.0915436    -164.3900546  0.000   0.162   16.530  0.374   2      4.600   -0.400  1271    1126    64.1082862    -164.3055795  -2486236.7934800  1400353.9115500  -2486636.7934800  1395753.9115500  
242     1984    1128    -1      -1      64.7008808    -161.7497685  0.000   0.159   13.832  0.500   3      -0.200  -0.200  1983    1127    64.6985156    -161.7515912  -2486236.7934800  1253153.9115500  -2486436.7934800  1253353.9115500  
243     632     1136    59      67      63.5556009    -166.5162005  0.000   0.102   8.672   0.455   3      11.800  13.400  691     1203    63.7098464    -166.4557851  -2484636.7934800  1523553.9115500  -2471236.7934800  1511753.9115500  
244     1032    1136    32      13      63.9153552    -165.1562418  5.625   0.124   10.416  0.365   2      6.400   2.600   1064    1149    63.9632917    -165.0717854  -2484636.7934800  1443553.9115500  -2482036.7934800  1437153.9115500  
245     1144    1136    29      3       64.0135830    -164.7685429  0.000   0.103   9.469   0.281   1      5.800   0.600   1173    1139    64.0434134    -164.6736153  -2484636.7934800  1421153.9115500  -2484036.7934800  1415353.9115500  
246     1184    1136    25      0       64.0483930    -164.6293460  0.000   0.114   11.150  0.242   1      5.000   0.000   1209    1136    64.0700762    -164.5421520  -2484636.7934800  1413153.9115500  -2484636.7934800  1408153.9115500  
247     1320    1136    22      -3      64.1656665    -164.1531916  0.000   0.204   21.476  0.470   3      4.400   -0.600  1342    1133    64.1798707    -164.0698724  -2484636.7934800  1385953.9115500  -2485236.7934800  1381553.9115500  
248     1352    1136    21      -4      64.1930155    -164.0405075  0.000   0.238   23.987  0.460   3      4.200   -0.800  1373    1132    64.2047608    -163.9586098  -2484636.7934800  1379553.9115500  -2485436.7934800  1375353.9115500  
249     1896    1136    -1      0       64.6432902    -162.0872251  0.000   0.142   13.580  0.346   2      -0.200  0.000   1895    1136    64.6424885    -162.0908807  -2484636.7934800  1270753.9115500  -2484636.7934800  1270953.9115500  
250     240     1152    88      64      63.2135183    -167.8452816  354.375  0.119   13.434  0.343   2      17.600  12.800  328     1216    63.3911971    -167.6920651  -2481436.7934801  1601953.9115500  -2468636.7934800  1584353.9115500  
251     576     1152    58      66      63.5280039    -166.7365448  0.000   0.078   7.588   0.290   1      11.600  13.200  634     1218    63.6799212    -166.6788192  -2481436.7934800  1534753.9115500  -2468236.7934800  1523153.9115500  
252     1488    1152    20      -5      64.3329054    -163.5898653  0.000   0.150   15.071  0.429   3      4.000   -1.000  1508    1147    64.3419908    -163.5089246  -2481436.7934800  1352353.9115500  -2482436.7934800  1348353.9115500  
253     400     1160    83      57      63.3762678    -167.3373934  0.000   0.077   7.180   0.274   1      16.600  11.400  483     1217    63.5383850    -167.1816525  -2479836.7934800  1569953.9115500  -2468436.7934800  1553353.9115500  
254     816     1160    46      72      63.7589244    -165.9442467  0.000   0.125   11.284  0.297   1      9.200   14.400  862     1232    63.9088242    -165.9345586  -2479836.7934800  1486753.9115500  -2465436.7934800  1477553.9115500  
255     1080    1160    31      10      63.9940846    -165.0384452  0.000   0.105   9.236   0.226   1      6.200   2.000   1111    1170    64.0365162    -164.9509689  -2479836.7934800  1433953.9115500  -2477836.7934800  1427753.9115500  
256     1224    1160    23      0       64.1197551    -164.5372618  0.000   0.183   17.899  0.494   3      4.600   0.000   1247    1160    64.1396546    -164.4567469  -2479836.7934800  1405153.9115500  -2479836.7934800  1400553.9115500  
257     1256    1160    22      -1      64.1474284    -164.4252062  0.000   0.193   19.295  0.439   3      4.400   -0.200  1278    1159    64.1648679    -164.3460502  -2479836.7934800  1398753.9115500  -2480036.7934800  1394353.9115500  
258     1184    1168    25      3       64.0972441    -164.6928928  0.000   0.156   11.798  0.283   2      5.000   0.600   1209    1171    64.1235568    -164.6115431  -2478236.7934800  1413153.9115500  -2477636.7934800  1408153.9115500  
259     1344    1168    22      -4      64.2353344    -164.1314980  0.000   0.222   23.149  0.491   3      4.400   -0.800  1366    1164    64.2479918    -164.0459715  -2478236.7934800  1381153.9115500  -2479036.7934800  1376753.9115500  
260     1384    1168    22      -4      64.2694917    -163.9901805  0.000   0.161   16.411  0.339   2      4.400   -0.800  1406    1164    64.2820589    -163.9044651  -2478236.7934800  1373153.9115500  -2479036.7934800  1368753.9115500  
261     1416    1168    21      -5      64.2967115    -163.8768476  0.000   0.239   23.180  0.443   3      4.200   -1.000  1437    1163    64.3068183    -163.7925805  -2478236.7934800  1366753.9115500  -2479236.7934800  1362553.9115500  
262     1448    1168    20      -5      64.3238365    -163.7632669  0.000   0.189   19.208  0.411   3      4.000   -1.000  1468    1163    64.3330278    -163.6824193  -2478236.7934800  1360353.9115500  -2479236.7934800  1356353.9115500  
263     504     1176    60      69      63.4970674    -167.0262719  0.000   0.179   17.868  0.399   2      12.000  13.800  564     1245    63.6554155    -166.9699188  -2476636.7934800  1549153.9115500  -2462836.7934800  1537153.9115500  
264     704     1176    48      70      63.6813052    -166.3562985  0.000   0.142   12.796  0.386   2      9.600   14.000  752     1246    63.8300144    -166.3381579  -2476636.7934800  1509153.9115500  -2462636.7934800  1499553.9115500  
265     1016    1176    33      14      63.9619008    -165.2917942  0.000   0.146   14.353  0.342   2      6.600   2.800   1049    1190    64.0123354    -165.2059945  -2476636.7934800  1446753.9115500  -2473836.7934800  1440153.9115500  
266     1152    1176    26      4       64.0815426    -164.8203893  0.000   0.123   12.137  0.404   3      5.200   0.800   1178    1180    64.1103300    -164.7377286  -2476636.7934800  1419553.9115500  -2475836.7934800  1414353.9115500  
267     1296    1176    22      -2      64.2064133    -164.3163626  0.000   0.209   20.341  0.472   3      4.400   -0.400  1318    1174    64.2222572    -164.2349718  -2476636.7934800  1390753.9115500  -2477036.7934800  1386353.9115500  
268     360     1192    73      71      63.3859963    -167.5362496  0.000   0.104   9.797   0.217   1      14.600  14.200  433     1263    63.5596850    -167.4444038  -2473436.7934800  1577953.9115500  -2459236.7934800  1563353.9115500  
269     760     1192    45      70      63.7563032    -166.1997855  0.000   0.184   18.130  0.444   3      9.000   14.000  805     1262    63.9023063    -166.1908980  -2473436.7934800  1497953.9115500  -2459436.7934800  1488953.9115500  
270     792     1192    44      70      63.7853454    -166.0911920  0.000   0.164   15.551  0.404   3      8.800   14.000  836     1262    63.9304508    -166.0850825  -2473436.7934800  1491553.9115500  -2459436.7934800  1482753.9115500  
271     984     1200    28      14      63.9698510    -165.4505997  0.000   0.083   7.724   0.220   1      5.600   2.800   1012    1214    64.0159508    -165.3823644  -2471836.7934800  1453153.9115500  -2469036.7934800  1447553.9115500  
272     1088    1200    26      10      64.0619311    -165.0909816  5.625   0.129   9.784   0.313   2      5.200   2.000   1114    1210    64.1000149    -165.0207518  -2471836.7934800  1432353.9115500  -2469836.7934800  1427153.9115500  
273     1256    1200    23      -1      64.2086359    -164.5044938  0.000   0.206   19.152  0.464   3      4.600   -0.200  1279    1199    64.2269909    -164.4216823  -2471836.7934800  1398753.9115500  -2472036.7934800  1394153.9115500  
274     696     1208    45      70      63.7219063    -166.4492315  0.000   0.121   11.919  0.283   1      9.000   14.000  741     1278    63.8679054    -166.4417978  -2470236.7934800  1510753.9115500  -2456236.7934800  1501753.9115500  
275     728     1208    45      70      63.7511537    -166.3410714  0.000   0.135   13.134  0.365   2      9.000   14.000  773     1278    63.8971630    -166.3330032  -2470236.7934800  1504353.9115500  -2456236.7934800  1495353.9115500  
276     1328    1208    23      -3      64.2829982    -164.2668565  0.000   0.223   22.939  0.455   3      4.600   -0.600  1351    1205    64.2981382    -164.1796741  -2470236.7934800  1384353.9115500  -2470836.7934800  1379753.9115500  
277     456     1216    62      68      63.5116622    -167.2692543  0.000   0.079   7.198   0.293   1      12.400  13.600  518     1284    63.6705106    -167.2055934  -2468636.7934800  1558753.9115500  -2455036.7934800  1546353.9115500  
278     488     1216    60      69      63.5415684    -167.1629305  0.000   0.150   14.827  0.434   3      12.000  13.800  548     1285    63.7000039    -167.1073304  -2468636.7934800  1552353.9115500  -2454836.7934800  1540353.9115500  
279     328     1224    70      71      63.4029926    -167.7089531  0.000   0.162   15.970  0.429   3      14.000  14.200  398     1295    63.5739806    -167.6281636  -2467036.7934800  1584353.9115500  -2452836.7934800  1570353.9115500  
280     760     1224    44      70      63.8043182    -166.2656007  0.000   0.214   21.250  0.509   3      8.800   14.000  804     1294    63.9494419    -166.2604915  -2467036.7934800  1497953.9115500  -2453036.7934800  1489153.9115500  
281     792     1224    44      70      63.8334210    -166.1568767  0.000   0.152   14.941  0.335   2      8.800   14.000  836     1294    63.9785566    -166.1511344  -2467036.7934800  1491553.9115500  -2453036.7934800  1482753.9115500  
282     1056    1224    28      13      64.0701286    -165.2503566  5.625   0.096   9.351   0.254   1      5.600   2.600   1084    1237    64.1146223    -165.1794591  -2467036.7934800  1438753.9115500  -2464436.7934800  1433153.9115500  
283     1400    1224    21      -4      64.3692525    -164.0435627  0.000   0.119   11.437  0.316   2      4.200   -0.800  1421    1220    64.3810075    -163.9610844  -2467036.7934800  1369953.9115500  -2467836.7934800  1365753.9115500  
284     1024    1232    26      14      64.0538871    -165.3773594  0.000   0.171   17.421  0.456   3      5.200   2.800   1050    1246    64.0981900    -165.3156963  -2465436.7934800  1445153.9115500  -2462636.7934800  1439953.9115500  
285     1184    1232    27      2       64.1948809    -164.8207321  0.000   0.237   24.369  0.536   3      5.400   0.400   1211    1234    64.2215001    -164.7301863  -2465436.7934800  1413153.9115500  -2465036.7934800  1407753.9115500  
286     1216    1232    26      1       64.2228041    -164.7086543  0.000   0.185   18.600  0.442   3      5.200   0.200   1242    1233    64.2469517    -164.6194035  -2465436.7934800  1406753.9115500  -2465236.7934800  1401553.9115500  
287     1248    1232    26      0       64.2506346    -164.5963258  0.000   0.208   21.268  0.496   3      5.200   0.000   1274    1232    64.2731784    -164.5048742  -2465436.7934800  1400353.9115500  -2465436.7934800  1395153.9115500  
288     1528    1232    0       -1      64.4901438    -163.6027612  0.000   0.145   14.226  0.356   2      0.000   -0.200  1528    1231    64.4885989    -163.6008077  -2465436.7934800  1344353.9115500  -2465636.7934800  1344353.9115500  
289     264     1240    69      70      63.3657545    -167.9528611  0.000   0.118   10.183  0.265   1      13.800  14.000  333     1310    63.5344461    -167.8749884  -2463836.7934800  1597153.9115500  -2449836.7934800  1583353.9115500  
290     1128    1240    27      6       64.1579655    -165.0323787  0.000   0.166   15.414  0.272   1      5.400   1.200   1155    1246    64.1908183    -164.9502421  -2463836.7934800  1424353.9115500  -2462636.7934800  1418953.9115500  
291     1344    1240    23      -3      64.3458396    -164.2736985  0.000   0.176   16.645  0.380   2      4.600   -0.600  1367    1237    64.3609877    -164.1862994  -2463836.7934800  1381153.9115500  -2464436.7934800  1376553.9115500  
292     176     1248    67      71      63.2933017    -168.2571720  0.000   0.080   8.320   0.208   1      13.400  14.200  243     1319    63.4616762    -168.1902242  -2462236.7934800  1614753.9115500  -2448036.7934800  1601353.9115500  
293     232     1248    68      69      63.3469631    -168.0745493  0.000   0.083   7.918   0.374   2      13.600  13.800  300     1317    63.5132912    -167.9986909  -2462236.7934800  1603553.9115500  -2448436.7934800  1589953.9115500  
294     464     1248    61      69      63.5665790    -167.3098483  0.000   0.082   7.025   0.203   1      12.200  13.800  525     1317    63.7260295    -167.2517632  -2462236.7934800  1557153.9115500  -2448436.7934800  1544953.9115500  
295     832     1248    39      69      63.9057733    -166.0699237  0.000   0.105   9.544   0.224   1      7.800   13.800  871     1317    64.0449082    -166.0787614  -2462236.7934800  1483553.9115500  -2448436.7934800  1475753.9115500  
296     608     1256    53      73      63.7125898    -166.8452962  5.625   0.087   8.351   0.312   2      10.600  14.600  661     1329    63.8704833    -166.8194000  -2460636.7934800  1528353.9115500  -2446036.7934800  1517753.9115500  
297     320     1264    68      71      63.4543482    -167.8199622  0.000   0.129   12.099  0.364   2      13.600  14.200  388     1335    63.6235439    -167.7463868  -2459036.7934800  1585953.9115500  -2444836.7934800  1572353.9115500  
298     1032    1264    25      13      64.1094904    -165.4146550  0.000   0.181   18.068  0.425   3      5.000   2.600   1057    1277    64.1514159    -165.3543604  -2459036.7934800  1443553.9115500  -2456436.7934800  1438553.9115500  
299     1280    1264    26      0       64.3273371    -164.5475951  0.000   0.129   12.230  0.232   1      5.200   0.000   1306    1264    64.3498536    -164.4558168  -2459036.7934800  1393953.9115500  -2459036.7934800  1388753.9115500  
300     1512    1264    -1      0       64.5260498    -163.7227726  0.000   0.120   11.181  0.464   3      -0.200  0.000   1511    1264    64.5252040    -163.7263563  -2459036.7934800  1347553.9115500  -2459036.7934800  1347753.9115500  
301     264     1272    68      69      63.4127830    -168.0209171  0.000   0.162   15.612  0.366   2      13.600  13.800  332     1341    63.5791224    -167.9445134  -2457436.7934800  1597153.9115500  -2443636.7934800  1583553.9115500  
302     1000    1272    25      13      64.0930868    -165.5417498  0.000   0.223   24.018  0.541   3      5.000   2.600   1025    1285    64.1350681    -165.4817077  -2457436.7934800  1449953.9115500  -2454836.7934800  1444953.9115500  
303     1224    1272    26      0       64.2908423    -164.7607731  0.000   0.110   10.522  0.248   1      5.200   0.000   1250    1272    64.3135036    -164.6693230  -2457436.7934800  1405153.9115500  -2457436.7934800  1399953.9115500  
304     192     1280    68      70      63.3555419    -168.2734369  0.000   0.121   11.966  0.510   3      13.600  14.000  260     1350    63.5234598    -168.2009970  -2455836.7934800  1611553.9115500  -2441836.7934800  1597953.9115500  
305     576     1280    52      75      63.7186397    -167.0029658  0.000   0.099   9.131   0.360   2      10.400  15.000  628     1355    63.8786162    -166.9856448  -2455836.7934800  1534753.9115500  -2440836.7934800  1524353.9115500  
306     680     1280    49      76      63.8148789    -166.6526577  0.000   0.207   19.772  0.539   3      9.800   15.200  729     1356    63.9735971    -166.6453488  -2455836.7934800  1513953.9115500  -2440636.7934800  1504153.9115500  
307     712     1280    42      70      63.8443069    -166.5443355  354.375  0.128   11.582  0.296   2      8.400   14.000  754     1350    63.9876250    -166.5476436  -2455836.7934800  1507553.9115500  -2441836.7934800  1499153.9115500  
308     744     1280    40      71      63.8736477    -166.4357613  0.000   0.137   12.376  0.317   2      8.000   14.200  784     1351    64.0166507    -166.4473745  -2455836.7934800  1501153.9115500  -2441636.7934800  1493153.9115500  
309     1336    1280    12      3       64.4002839    -164.3815978  0.000   0.165   15.585  0.497   3      2.400   0.600   1348    1283    64.4152337    -164.3450454  -2455836.7934800  1382753.9115500  -2455236.7934800  1380353.9115500  
310     840     1288    39      69      63.9731703    -166.1250461  0.000   0.159   13.829  0.261   1      7.800   13.800  879     1357    64.1123379    -166.1342139  -2454236.7934800  1481953.9115500  -2440436.7934800  1474153.9115500  
311     1456    1288    0       2       64.5154975    -163.9704937  0.000   0.105   9.720   0.251   1      0.000   0.400   1456    1290    64.5185766    -163.9744513  -2454236.7934800  1358753.9115500  -2453836.7934800  1358753.9115500  
312     320     1296    68      70      63.5014640    -167.8880095  0.000   0.177   17.521  0.517   3      13.600  14.000  388     1366    63.6692560    -167.8126103  -2452636.7934800  1585953.9115500  -2438636.7934800  1572353.9115500  
313     360     1304    67      71      63.5512651    -167.7730450  0.000   0.173   13.256  0.303   3      13.400  14.200  427     1375    63.7195506    -167.7022060  -2451036.7934800  1577953.9115500  -2436836.7934800  1564553.9115500  
314     400     1304    67      73      63.5891612    -167.6406367  354.375  0.161   14.485  0.499   3      13.400  14.600  467     1377    63.7603556    -167.5730805  -2451036.7934800  1569953.9115500  -2436436.7934800  1556553.9115500  
315     608     1304    50      76      63.7840933    -166.9457691  0.000   0.210   22.544  0.604   3      10.000  15.200  658     1380    63.9437357    -166.9369277  -2451036.7934800  1528353.9115500  -2435836.7934800  1518353.9115500  
316     1112    1304    24      4       64.2411473    -165.2177450  0.000   0.110   9.368   0.275   2      4.800   0.800   1136    1308    64.2684372    -165.1420111  -2451036.7934800  1427553.9115500  -2450236.7934800  1422753.9115500  
317     1416    1304    0       2       64.5059217    -164.1450325  0.000   0.084   7.494   0.204   1      0.000   0.400   1416    1306    64.5089955    -164.1490103  -2451036.7934800  1366753.9115500  -2450636.7934800  1366753.9115500  
318     192     1312    69      70      63.4023968    -168.3420515  0.000   0.106   9.593   0.245   1      13.800  14.000  261     1382    63.5713466    -168.2666408  -2449436.7934800  1611553.9115500  -2435436.7934800  1597753.9115500  
319     576     1312    50      76      63.7662344    -167.0701969  0.000   0.121   11.772  0.354   2      10.000  15.200  626     1388    63.9258738    -167.0621496  -2449436.7934800  1534753.9115500  -2434236.7934800  1524753.9115500  
320     688     1312    49      76      63.8700534    -166.6923952  0.000   0.239   25.384  0.700   3      9.800   15.200  737     1388    64.0288079    -166.6853213  -2449436.7934800  1512353.9115500  -2434236.7934800  1502553.9115500  
321     264     1336    67      69      63.5067569    -168.1577794  0.000   0.150   13.959  0.438   3      13.400  13.800  331     1405    63.6722821    -168.0852982  -2444636.7934800  1597153.9115500  -2430836.7934800  1583753.9115500  
322     344     1336    66      71      63.5831979    -167.8941745  0.000   0.098   10.016  0.315   2      13.200  14.200  410     1407    63.7506199    -167.8273795  -2444636.7934800  1581153.9115500  -2430436.7934800  1567953.9115500  
323     632     1336    49      76      63.8540358    -166.9321103  0.000   0.115   11.742  0.361   2      9.800   15.200  681     1412    64.0127921    -166.9265553  -2444636.7934800  1523553.9115500  -2429436.7934800  1513753.9115500  
324     1280    1336    0       -1      64.4374282    -164.6921778  0.000   0.148   12.770  0.235   1      0.000   -0.200  1280    1335    64.4359000    -164.6901609  -2444636.7934800  1393953.9115500  -2444836.7934800  1393953.9115500  
325     512     1344    58      80      63.7538817    -167.3524192  5.625   0.085   7.638   0.349   2      11.600  16.000  570     1424    63.9269760    -167.3277362  -2443036.7934800  1547553.9115500  -2427036.7934800  1535953.9115500  
326     664     1344    48      76      63.8956334    -166.8407560  0.000   0.082   9.494   0.302   1      9.600   15.200  712     1420    64.0534846    -166.8380202  -2443036.7934800  1517153.9115500  -2427836.7934800  1507553.9115500  
327     312     1352    65      70      63.5762062    -168.0340949  0.000   0.124   11.884  0.410   3      13.000  14.000  377     1422    63.7412690    -167.9694091  -2441436.7934800  1587553.9115500  -2427436.7934800  1574553.9115500  
328     456     1352    63      78      63.7130013    -167.5565061  354.375  0.121   12.508  0.470   3      12.600  15.600  519     1430    63.8878645    -167.5121859  -2441436.7934800  1558753.9115500  -2425836.7934800  1546153.9115500  
329     368     1368    64      72      63.6531756    -167.8832288  0.000   0.145   13.064  0.410   3      12.800  14.400  432     1440    63.8202103    -167.8250071  -2438236.7934800  1576353.9115500  -2423836.7934800  1563553.9115500  
330     256     1376    65      69      63.5577419    -168.2701380  0.000   0.113   10.283  0.227   1      13.000  13.800  321     1445    63.7214422    -168.2048668  -2436636.7934800  1598753.9115500  -2422836.7934800  1585753.9115500  
331     504     1376    60      81      63.7937705    -167.4472000  0.000   0.255   25.508  0.565   3      12.000  16.200  564     1457    63.9702751    -167.4185255  -2436636.7934800  1549153.9115500  -2420436.7934800  1537153.9115500  
332     840     1376    26      71      64.1053678    -166.3078196  0.000   0.094   7.766   0.228   1      5.200   14.200  866     1447    64.2357086    -166.3671134  -2436636.7934800  1481953.9115500  -2422436.7934800  1476753.9115500  
333     1168    1376    2       0       64.4001052    -165.1683286  0.000   0.096   8.611   0.244   1      0.400   0.000   1170    1376    64.4018729    -165.1612978  -2436636.7934800  1416353.9115500  -2436636.7934800  1415953.9115500  
334     288     1384    64      70      63.6002204    -168.1820466  0.000   0.173   16.634  0.364   2      12.800  14.000  352     1454    63.7644140    -168.1215831  -2435036.7934800  1592353.9115500  -2421036.7934800  1579553.9115500  
335     336     1384    64      70      63.6461937    -168.0235367  0.000   0.088   9.682   0.319   2      12.800  14.000  400     1454    63.8103418    -167.9619352  -2435036.7934800  1582753.9115500  -2421036.7934800  1569953.9115500  
336     432     1384    62      77      63.7375770    -167.7047997  354.375  0.118   11.937  0.496   3      12.400  15.400  494     1461    63.9100818    -167.6626696  -2435036.7934800  1563553.9115500  -2419636.7934800  1551153.9115500  
337     464     1384    61      79      63.7678700    -167.5980447  0.000   0.181   18.391  0.492   3      12.200  15.800  525     1463    63.9423750    -167.5627942  -2435036.7934800  1557153.9115500  -2419236.7934800  1544953.9115500  
338     600     1384    52      79      63.8956664    -167.1414888  0.000   0.147   13.358  0.459   3      10.400  15.800  652     1463    64.0617222    -167.1334611  -2435036.7934800  1529953.9115500  -2419236.7934800  1519553.9115500  
339     536     1400    59      81      63.8594381    -167.3909855  0.000   0.129   10.871  0.290   1      11.800  16.200  595     1481    64.0350350    -167.3652252  -2431836.7934800  1542753.9115500  -2415636.7934800  1530953.9115500  
340     568     1408    57      81      63.9013581    -167.3003703  5.625   0.162   14.332  0.548   3      11.400  16.200  625     1489    64.0750891    -167.2807186  -2430236.7934800  1536353.9115500  -2414036.7934800  1524953.9115500  
341     1080    1408    1       0       64.3704517    -165.5426021  0.000   0.123   11.382  0.315   2      0.200   0.000   1081    1408    64.3713454    -165.5391044  -2430236.7934800  1433953.9115500  -2430236.7934800  1433753.9115500  
342     272     1416    63      67      63.6317727    -168.3039176  354.375  0.180   17.581  0.479   3      12.600  13.400  335     1483    63.7906785    -168.2409616  -2428636.7934800  1595553.9115500  -2415236.7934800  1582953.9115500  
343     312     1416    62      69      63.6702264    -168.1718855  0.000   0.159   14.514  0.420   3      12.400  13.800  374     1485    63.8310726    -168.1156756  -2428636.7934800  1587553.9115500  -2414836.7934800  1575153.9115500  
344     424     1416    61      77      63.7772044    -167.8000717  354.375  0.182   18.353  0.558   3      12.200  15.400  485     1493    63.9488166    -167.7618860  -2428636.7934800  1565153.9115500  -2413236.7934800  1552953.9115500  
345     384     1440    60      74      63.7744494    -167.9849653  354.375  0.108   11.241  0.463   3      12.000  14.800  444     1514    63.9407378    -167.9448801  -2423836.7934800  1573153.9115500  -2409036.7934800  1561153.9115500  
346     512     1440    59      81      63.8960559    -167.5571250  0.000   0.163   16.507  0.533   3      11.800  16.200  571     1521    64.0717101    -167.5324907  -2423836.7934800  1547553.9115500  -2407636.7934800  1535753.9115500  
347     288     1456    60      68      63.7058162    -168.3378941  354.375  0.115   10.216  0.393   2      12.000  13.600  348     1524    63.8633624    -168.2871321  -2420636.7934800  1592353.9115500  -2407036.7934800  1580353.9115500  
348     336     1456    60      70      63.7520001    -168.1790067  354.375  0.131   13.119  0.452   3      12.000  14.000  396     1526    63.9124523    -168.1315176  -2420636.7934800  1582753.9115500  -2406636.7934800  1570753.9115500  
349     688     1456    42      88      64.0848759    -166.9961215  0.000   0.133   12.908  0.363   2      8.400   17.600  730     1544    64.2551403    -167.0406195  -2420636.7934800  1512353.9115500  -2403036.7934800  1503953.9115500  
350     456     1464    58      79      63.8784429    -167.7965036  0.000   0.086   7.969   0.330   2      11.600  15.800  514     1543    64.0502239    -167.7725930  -2419036.7934800  1558753.9115500  -2403236.7934800  1547153.9115500  
351     560     1464    57      84      63.9768832    -167.4470254  0.000   0.129   12.222  0.442   3      11.400  16.800  617     1548    64.1551365    -167.4348104  -2419036.7934800  1537953.9115500  -2402236.7934800  1526553.9115500  
352     376     1472    58      75      63.8138756    -168.0808131  0.000   0.109   11.705  0.379   2      11.600  15.000  434     1547    63.9797758    -168.0501816  -2417436.7934800  1574753.9115500  -2402436.7934800  1563153.9115500  
353     408     1472    58      76      63.8444874    -167.9741881  354.375  0.137   13.421  0.465   3      11.600  15.200  466     1548    64.0118559    -167.9449923  -2417436.7934800  1568353.9115500  -2402236.7934800  1556753.9115500  
354     496     1488    57      80      63.9518772    -167.7141389  0.000   0.139   10.785  0.369   3      11.400  16.000  553     1568    64.1242217    -167.6951486  -2414236.7934800  1550753.9115500  -2398236.7934800  1539353.9115500  
355     464     1496    57      79      63.9332694    -167.8388372  0.000   0.139   14.087  0.350   2      11.400  15.800  521     1575    64.1041425    -167.8185414  -2412636.7934800  1557153.9115500  -2396836.7934800  1545753.9115500  
356     496     1520    49      91      63.9991411    -167.7833352  0.000   0.105   9.636   0.262   1      9.800   18.200  545     1611    64.1801646    -167.8158892  -2407836.7934800  1550753.9115500  -2389636.7934800  1540953.9115500  
357     424     1528    55      77      63.9422327    -168.0422766  0.000   0.099   11.278  0.426   3      11.000  15.400  479     1605    64.1082809    -168.0257206  -2406236.7934800  1565153.9115500  -2390836.7934800  1554153.9115500  
358     464     1528    55      79      63.9804634    -167.9082163  0.000   0.142   12.706  0.287   1      11.000  15.800  519     1607    64.1494700    -167.8951164  -2406236.7934800  1557153.9115500  -2390436.7934800  1546153.9115500  
359     376     1536    55      74      63.9079327    -168.2200767  0.000   0.145   14.537  0.464   3      11.000  14.800  431     1610    64.0695706    -168.1981288  -2404636.7934800  1574753.9115500  -2389836.7934800  1563753.9115500  
360     408     1568    58      76      63.9857184    -168.1831307  0.000   0.112   11.556  0.401   3      11.600  15.200  466     1644    64.1532247    -168.1551694  -2398236.7934800  1568353.9115500  -2383036.7934800  1556753.9115500  
