CP      startX  startY  dispX   dispY   sLat          sLon          theta   pCorr   pkStr   cCorr   conf   velX    velY    endX    endY    eLat          eLon          nps_startX    nps_startY    nps_endX      nps_endY      
0       936     48      0       0       77.8759252    -93.9151534   0.000   0.371   38.546  0.723   3      0.000   0.000   936     48      77.8759252    -93.9151534   -993495.8711700  -866219.0784050  -993495.8711700  -866219.0784050  
1       896     72      0       0       77.9569556    -94.0409927   0.000   0.384   39.972  0.670   3      0.000   0.000   896     72      77.9569556    -94.0409927   -988695.8711700  -858219.0784050  -988695.8711700  -858219.0784050  
2       856     80      0       0       78.0158061    -94.2605663   0.000   0.356   37.507  0.645   3      0.000   0.000   856     80      78.0158061    -94.2605663   -987095.8711700  -850219.0784050  -987095.8711700  -850219.0784050  
3       976     104     0       0       77.9043851    -93.3317066   0.000   0.386   43.357  0.663   3      0.000   0.000   976     104     77.9043851    -93.3317066   -982295.8711700  -874219.0784050  -982295.8711700  -874219.0784050  
4       888     112     0       0       78.0216627    -93.8634089   0.000   0.340   35.835  0.733   3      0.000   0.000   888     112     78.0216627    -93.8634089   -980695.8711700  -856619.0784050  -980695.8711700  -856619.0784050  
5       768     120     0       0       78.1758862    -94.6222983   0.000   0.489   58.252  0.844   3      0.000   0.000   768     120     78.1758862    -94.6222983   -979095.8711700  -832619.0784050  -979095.8711700  -832619.0784050  
6       824     128     0       0       78.1204057    -94.1977404   0.000   0.368   40.118  0.678   3      0.000   0.000   824     128     78.1204057    -94.1977404   -977495.8711700  -843819.0784050  -977495.8711700  -843819.0784050  
7       728     136     0       0       78.2454612    -94.8026331   0.000   0.413   47.900  0.802   3      0.000   0.000   728     136     78.2454612    -94.8026331   -975895.8711700  -824619.0784050  -975895.8711700  -824619.0784050  
8       960     136     0       0       77.9674687    -93.2500421   0.000   0.331   36.703  0.632   3      0.000   0.000   960     136     77.9674687    -93.2500421   -975895.8711700  -871019.0784050  -975895.8711700  -871019.0784050  
9       904     152     0       0       78.0572650    -93.5247751   0.000   0.389   45.971  0.774   3      0.000   0.000   904     152     78.0572650    -93.5247751   -972695.8711700  -859819.0784050  -972695.8711700  -859819.0784050  
10      872     184     0       0       78.1397972    -93.5495054   0.000   0.409   47.056  0.772   3      0.000   0.000   872     184     78.1397972    -93.5495054   -966295.8711700  -853419.0784050  -966295.8711700  -853419.0784050  
11      904     184     0       0       78.1010086    -93.3370140   0.000   0.410   47.141  0.824   3      0.000   0.000   904     184     78.1010086    -93.3370140   -966295.8711700  -859819.0784050  -966295.8711700  -859819.0784050  
12      936     184     0       0       78.0620612    -93.1259159   0.000   0.311   31.990  0.510   3      0.000   0.000   936     184     78.0620612    -93.1259159   -966295.8711700  -866219.0784050  -966295.8711700  -866219.0784050  
13      1008    184     0       0       77.9738572    -92.6559977   0.000   0.416   48.285  0.817   3      0.000   0.000   1008    184     77.9738572    -92.6559977   -966295.8711700  -880619.0784050  -966295.8711700  -880619.0784050  
14      712     208     0       0       78.3646911    -94.4922818   0.000   0.475   54.593  0.815   3      0.000   0.000   712     208     78.3646911    -94.4922818   -961495.8711700  -821419.0784050  -961495.8711700  -821419.0784050  
15      840     208     0       0       78.2113722    -93.6219208   0.000   0.518   62.677  0.853   3      0.000   0.000   840     208     78.2113722    -93.6219208   -961495.8711700  -847019.0784050  -961495.8711700  -847019.0784050  
16      528     216     0       0       78.5916607    -95.7374291   0.000   0.373   39.444  0.653   3      0.000   0.000   528     216     78.5916607    -95.7374291   -959895.8711701  -784619.0784051  -959895.8711701  -784619.0784051  
17      968     216     0       0       78.0662825    -92.7267532   0.000   0.391   43.916  0.758   3      0.000   0.000   968     216     78.0662825    -92.7267532   -959895.8711700  -872619.0784050  -959895.8711700  -872619.0784050  
18      1000    216     0       0       78.0268762    -92.5182864   0.000   0.389   47.207  0.768   3      0.000   0.000   1000    216     78.0268762    -92.5182864   -959895.8711700  -879019.0784050  -959895.8711700  -879019.0784050  
19      568     224     0       0       78.5565035    -95.4054034   0.000   0.367   39.273  0.709   3      0.000   0.000   568     224     78.5565035    -95.4054034   -958295.8711701  -792619.0784051  -958295.8711701  -792619.0784051  
20      600     224     0       0       78.5191201    -95.1789355   0.000   0.429   48.365  0.752   3      0.000   0.000   600     224     78.5191201    -95.1789355   -958295.8711701  -799019.0784051  -958295.8711701  -799019.0784051  
21      744     224     0       0       78.3487586    -94.1780704   0.000   0.483   55.813  0.863   3      0.000   0.000   744     224     78.3487586    -94.1780704   -958295.8711700  -827819.0784050  -958295.8711700  -827819.0784050  
22      784     224     0       0       78.3008298    -93.9052864   0.000   0.530   64.878  0.826   3      0.000   0.000   784     224     78.3008298    -93.9052864   -958295.8711700  -835819.0784050  -958295.8711700  -835819.0784050  
23      896     224     0       0       78.1652709    -93.1533939   0.000   0.418   46.428  0.782   3      0.000   0.000   896     224     78.1652709    -93.1533939   -958295.8711700  -858219.0784050  -958295.8711700  -858219.0784050  
24      928     224     0       0       78.1261793    -92.9417542   0.000   0.403   43.785  0.762   3      0.000   0.000   928     224     78.1261793    -92.9417542   -958295.8711700  -864619.0784050  -958295.8711700  -864619.0784050  
25      656     240     0       0       78.4756035    -94.6916658   0.000   0.549   66.768  0.815   3      0.000   0.000   656     240     78.4756035    -94.6916658   -955095.8711701  -810219.0784051  -955095.8711701  -810219.0784051  
26      840     240     0       0       78.2551925    -93.4320431   0.000   0.477   56.533  0.837   3      0.000   0.000   840     240     78.2551925    -93.4320431   -955095.8711700  -847019.0784050  -955095.8711700  -847019.0784050  
27      456     248     0       0       78.7201260    -96.0692637   0.000   0.442   50.433  0.782   3      0.000   0.000   456     248     78.7201260    -96.0692637   -953495.8711701  -770219.0784051  -953495.8711701  -770219.0784051  
28      1032    248     0       0       78.0302220    -92.1201266   0.000   0.334   38.837  0.709   3      0.000   0.000   1032    248     78.0302220    -92.1201266   -953495.8711700  -885419.0784050  -953495.8711700  -885419.0784050  
29      424     264     0       0       78.7796428    -96.2087319   0.000   0.396   45.606  0.824   3      0.000   0.000   424     264     78.7796428    -96.2087319   -950295.8711701  -763819.0784051  -950295.8711701  -763819.0784051  
30      688     264     0       0       78.4709845    -94.3264975   0.000   0.541   68.182  0.897   3      0.000   0.000   688     264     78.4709845    -94.3264975   -950295.8711701  -816619.0784051  -950295.8711701  -816619.0784051  
31      792     264     0       0       78.3461694    -93.6128746   0.000   0.433   49.168  0.802   3      0.000   0.000   792     264     78.3461694    -93.6128746   -950295.8711700  -837419.0784050  -950295.8711700  -837419.0784050  
32      392     272     0       0       78.8276647    -96.3968605   0.000   0.387   43.060  0.721   3      0.000   0.000   392     272     78.8276647    -96.3968605   -948695.8711701  -757419.0784051  -948695.8711701  -757419.0784051  
33      584     280     0       0       78.6164273    -94.9605715   0.000   0.438   49.241  0.831   3      0.000   0.000   584     280     78.6164273    -94.9605715   -947095.8711701  -795819.0784051  -947095.8711701  -795819.0784051  
34      720     280     0       0       78.4548642    -94.0096083   0.000   0.549   70.039  0.893   3      0.000   0.000   720     280     78.4548642    -94.0096083   -947095.8711701  -823019.0784051  -947095.8711701  -823019.0784051  
35      1032    280     0       0       78.0729977    -91.9276713   0.000   0.299   32.115  0.694   3      0.000   0.000   1032    280     78.0729977    -91.9276713   -947095.8711700  -885419.0784050  -947095.8711700  -885419.0784050  
36      648     288     0       0       78.5519047    -94.4618529   0.000   0.508   61.075  0.845   3      0.000   0.000   648     288     78.5519047    -94.4618529   -945495.8711701  -808619.0784051  -945495.8711701  -808619.0784051  
37      824     288     0       0       78.3401813    -93.2523021   0.000   0.425   47.325  0.752   3      0.000   0.000   824     288     78.3401813    -93.2523021   -945495.8711700  -843819.0784050  -945495.8711700  -843819.0784050  
38      688     296     0       0       78.5152970    -94.1350162   0.000   0.538   67.047  0.898   3      0.000   0.000   688     296     78.5152970    -94.1350162   -943895.8711701  -816619.0784051  -943895.8711701  -816619.0784051  
39      768     296     0       0       78.4190647    -93.5841927   0.000   0.493   60.559  0.844   3      0.000   0.000   768     296     78.4190647    -93.5841927   -943895.8711701  -832619.0784051  -943895.8711701  -832619.0784051  
40      856     296     0       0       78.3120209    -92.9888917   0.000   0.375   42.040  0.744   3      0.000   0.000   856     296     78.3120209    -92.9888917   -943895.8711700  -850219.0784050  -943895.8711700  -850219.0784050  
41      888     296     0       0       78.2727939    -92.7751399   0.000   0.332   37.801  0.744   3      0.000   0.000   888     296     78.2727939    -92.7751399   -943895.8711700  -856619.0784050  -943895.8711700  -856619.0784050  
42      960     296     0       0       78.1839566    -92.2994414   0.000   0.340   35.730  0.692   3      0.000   0.000   960     296     78.1839566    -92.2994414   -943895.8711700  -871019.0784050  -943895.8711700  -871019.0784050  
43      368     304     0       0       78.9008137    -96.3853645   0.000   0.349   37.416  0.628   3      0.000   0.000   368     304     78.9008137    -96.3853645   -942295.8711701  -752619.0784051  -942295.8711701  -752619.0784051  
44      928     304     0       0       78.2343148    -92.4615513   0.000   0.466   52.515  0.773   3      0.000   0.000   928     304     78.2343148    -92.4615513   -942295.8711700  -864619.0784050  -942295.8711700  -864619.0784050  
45      400     312     0       0       78.8755755    -96.1009887   0.000   0.454   51.954  0.796   3      0.000   0.000   400     312     78.8755755    -96.1009887   -940695.8711701  -759019.0784051  -940695.8711701  -759019.0784051  
46      448     312     0       0       78.8202207    -95.7486006   0.000   0.470   53.793  0.827   3      0.000   0.000   448     312     78.8202207    -95.7486006   -940695.8711701  -768619.0784051  -940695.8711701  -768619.0784051  
47      480     312     0       0       78.7830888    -95.5156248   0.000   0.451   50.946  0.847   3      0.000   0.000   480     312     78.7830888    -95.5156248   -940695.8711701  -775019.0784051  -940695.8711701  -775019.0784051  
48      512     312     0       0       78.7457760    -95.2841996   0.000   0.517   61.365  0.868   3      0.000   0.000   512     312     78.7457760    -95.2841996   -940695.8711701  -781419.0784051  -940695.8711701  -781419.0784051  
49      576     312     0       0       78.6706155    -94.8259689   0.000   0.484   56.418  0.877   3      0.000   0.000   576     312     78.6706155    -94.8259689   -940695.8711701  -794219.0784051  -940695.8711701  -794219.0784051  
50      608     312     0       0       78.6327714    -94.5991473   0.000   0.499   58.418  0.878   3      0.000   0.000   608     312     78.6327714    -94.5991473   -940695.8711701  -800619.0784051  -940695.8711701  -800619.0784051  
51      1000    312     0       0       78.1556425    -91.9412203   0.000   0.292   33.694  0.719   3      0.000   0.000   1000    312     78.1556425    -91.9412203   -940695.8711700  -879019.0784050  -940695.8711700  -879019.0784050  
52      1048    312     0       0       78.0955852    -91.6306513   0.000   0.360   42.153  0.748   3      0.000   0.000   1048    312     78.0955852    -91.6306513   -940695.8711700  -888619.0784050  -940695.8711700  -888619.0784050  
53      312     320     0       0       78.9874639    -96.7087994   0.000   0.377   44.948  0.751   3      0.000   0.000   312     320     78.9874639    -96.7087994   -939095.8711701  -741419.0784051  -939095.8711701  -741419.0784051  
54      728     320     0       0       78.5003216    -93.7136667   0.000   0.562   68.734  0.874   3      0.000   0.000   728     320     78.5003216    -93.7136667   -939095.8711701  -824619.0784051  -939095.8711701  -824619.0784051  
55      264     328     0       0       79.0532217    -97.0240294   0.000   0.318   35.880  0.759   3      0.000   0.000   264     328     79.0532217    -97.0240294   -937495.8711701  -731819.0784051  -937495.8711701  -731819.0784051  
56      688     336     0       0       78.5705113    -93.8935667   0.000   0.564   67.256  0.867   3      0.000   0.000   688     336     78.5705113    -93.8935667   -935895.8711701  -816619.0784051  -935895.8711701  -816619.0784051  
57      232     344     1       0       79.1123063    -97.1730201   0.000   0.360   41.893  0.764   3      0.067   0.000   233     344     79.1111837    -97.1653689   -934295.8711701  -725419.0784051  -934295.8711701  -725619.0784051  
58      448     344     0       0       78.8654940    -95.5568246   0.000   0.483   56.159  0.828   3      0.000   0.000   448     344     78.8654940    -95.5568246   -934295.8711701  -768619.0784051  -934295.8711701  -768619.0784051  
59      552     344     0       0       78.7436569    -94.8043702   0.000   0.502   62.149  0.871   3      0.000   0.000   552     344     78.7436569    -94.8043702   -934295.8711701  -789419.0784051  -934295.8711701  -789419.0784051  
60      584     344     0       0       78.7057908    -94.5761456   0.000   0.471   54.579  0.868   3      0.000   0.000   584     344     78.7057908    -94.5761456   -934295.8711701  -795819.0784051  -934295.8711701  -795819.0784051  
61      1064    344     0       -1      78.1178545    -91.3325022   0.000   0.301   35.724  0.741   3      0.000   -0.067  1064    343     78.1165327    -91.3386274   -934295.8711700  -891819.0784050  -934495.8711700  -891819.0784050  
62      328     352     1       0       79.0151212    -96.3978334   0.000   0.372   38.866  0.772   3      0.067   0.000   329     352     79.0139794    -96.3903306   -932695.8711701  -744619.0784051  -932695.8711701  -744819.0784051  
63      200     360     1       0       79.1713225    -97.3236452   0.000   0.376   43.362  0.760   3      0.067   0.000   201     360     79.1702036    -97.3159364   -931095.8711701  -719019.0784051  -931095.8711701  -719219.0784051  
64      360     360     0       0       78.9898888    -96.1104587   0.000   0.337   38.216  0.767   3      0.000   0.000   360     360     78.9898888    -96.1104587   -931095.8711701  -751019.0784051  -931095.8711701  -751019.0784051  
65      488     360     0       0       78.8413524    -95.1688046   0.000   0.454   53.911  0.850   3      0.000   0.000   488     360     78.8413524    -95.1688046   -931095.8711701  -776619.0784051  -931095.8711701  -776619.0784051  
66      520     360     0       0       78.8037637    -94.9373377   0.000   0.419   50.447  0.822   3      0.000   0.000   520     360     78.8037637    -94.9373377   -931095.8711701  -783019.0784051  -931095.8711701  -783019.0784051  
67      744     360     0       0       78.5357606    -93.3603320   0.000   0.423   48.840  0.815   3      0.000   0.000   744     360     78.5357606    -93.3603320   -931095.8711701  -827819.0784051  -931095.8711701  -827819.0784051  
68      168     368     1       0       79.2186504    -97.5236039   0.000   0.442   48.456  0.737   3      0.067   0.000   169     368     79.2175365    -97.5158402   -929495.8711701  -712619.0784051  -929495.8711701  -712819.0784051  
69      688     368     0       0       78.6145400    -93.6987127   0.000   0.585   72.798  0.847   3      0.000   0.000   688     368     78.6145400    -93.6987127   -929495.8711701  -816619.0784051  -929495.8711701  -816619.0784051  
70      232     376     1       0       79.1585104    -96.9820839   0.000   0.324   38.889  0.757   3      0.067   0.000   233     376     79.1573829    -96.9744198   -927895.8711701  -725419.0784051  -927895.8711701  -725619.0784051  
71      440     376     0       0       78.9199774    -95.4221179   0.000   0.412   49.291  0.827   3      0.000   0.000   440     376     78.9199774    -95.4221179   -927895.8711701  -767019.0784051  -927895.8711701  -767019.0784051  
72      584     376     0       0       78.7502858    -94.3816322   0.000   0.423   48.280  0.792   3      0.000   0.000   584     376     78.7502858    -94.3816322   -927895.8711701  -795819.0784051  -927895.8711701  -795819.0784051  
73      264     384     1       0       79.1338303    -96.6895377   0.000   0.419   49.918  0.817   3      0.067   0.000   265     384     79.1326955    -96.6819217   -926295.8711701  -731819.0784051  -926295.8711701  -732019.0784051  
74      640     384     0       0       78.6943693    -93.9365610   0.000   0.553   67.235  0.848   3      0.000   0.000   640     384     78.6943693    -93.9365610   -926295.8711701  -807019.0784051  -926295.8711701  -807019.0784051  
75      296     392     1       0       79.1088708    -96.3983325   0.000   0.395   49.265  0.809   3      0.067   0.000   297     392     79.1077288    -96.3907647   -924695.8711701  -738219.0784051  -924695.8711701  -738419.0784051  
76      504     392     0       0       78.8673989    -94.8582300   0.000   0.449   54.019  0.841   3      0.000   0.000   504     392     78.8673989    -94.8582300   -924695.8711701  -779819.0784051  -924695.8711701  -779819.0784051  
77      144     400     1       0       79.2918749    -97.5194329   0.000   0.318   34.408  0.511   3      0.067   0.000   145     400     79.2907608    -97.5116162   -923095.8711701  -707819.0784051  -923095.8711701  -708019.0784051  
78      176     400     1       0       79.2561254    -97.2701108   0.000   0.433   51.524  0.790   3      0.067   0.000   177     400     79.2550051    -97.2623464   -923095.8711701  -714219.0784051  -923095.8711701  -714419.0784051  
79      368     400     1       0       79.0375227    -95.8089301   0.000   0.322   41.585  0.769   3      0.067   0.000   369     400     79.0363662    -95.8014740   -923095.8711701  -752619.0784051  -923095.8711701  -752819.0784051  
80      432     408     0       0       78.9744042    -95.2860725   0.000   0.437   49.023  0.846   3      0.000   0.000   432     408     78.9744042    -95.2860725   -921495.8711701  -765419.0784051  -921495.8711701  -765419.0784051  
81      584     408     0       0       78.7946541    -94.1855666   0.000   0.379   43.256  0.765   3      0.000   0.000   584     408     78.7946541    -94.1855666   -921495.8711701  -795819.0784051  -921495.8711701  -795819.0784051  
82      256     416     1       0       79.1888405    -96.5572346   0.000   0.426   52.619  0.761   3      0.067   0.000   257     416     79.1877023    -96.5495937   -919895.8711701  -730219.0784051  -919895.8711701  -730419.0784051  
83      776     416     0       0       78.5728595    -92.7962937   0.000   0.263   27.562  0.440   3      0.000   0.000   776     416     78.5728595    -92.7962937   -919895.8711701  -834219.0784051  -919895.8711701  -834219.0784051  
84      472     424     0       0       78.9499019    -94.8948109   0.000   0.429   53.233  0.836   3      0.000   0.000   472     424     78.9499019    -94.8948109   -918295.8711701  -773419.0784051  -918295.8711701  -773419.0784051  
85      168     432     1       0       79.3113960    -97.1392959   0.000   0.436   50.578  0.830   3      0.067   0.000   169     432     79.3102722    -97.1315049   -916695.8711701  -712619.0784051  -916695.8711701  -712819.0784051  
86      504     432     0       0       78.9232453    -94.6126985   0.000   0.487   59.838  0.814   3      0.000   0.000   504     432     78.9232453    -94.6126985   -916695.8711701  -779819.0784051  -916695.8711701  -779819.0784051  
87      552     432     0       0       78.8661377    -94.2663832   0.000   0.449   54.232  0.802   3      0.000   0.000   552     432     78.8661377    -94.2663832   -916695.8711701  -789419.0784051  -916695.8711701  -789419.0784051  
88      312     440     1       0       79.1589800    -95.9852911   0.000   0.434   50.534  0.813   3      0.067   0.000   313     440     79.1578277    -95.9777321   -915095.8711701  -741419.0784051  -915095.8711701  -741619.0784051  
89      344     440     1       0       79.1220119    -95.7442035   0.000   0.415   50.921  0.827   3      0.067   0.000   345     440     79.1208536    -95.7366961   -915095.8711701  -747819.0784051  -915095.8711701  -748019.0784051  
90      416     440     0       0       79.0381492    -95.2077640   0.000   0.419   46.640  0.779   3      0.000   0.000   416     440     79.0381492    -95.2077640   -915095.8711701  -762219.0784051  -915095.8711701  -762219.0784051  
91      208     448     1       0       79.2893069    -96.7315535   0.000   0.480   60.441  0.851   3      0.067   0.000   209     448     79.2881729    -96.7238219   -913495.8711701  -720619.0784051  -913495.8711701  -720819.0784051  
92      280     448     1       0       79.2071718    -96.1790714   0.000   0.451   53.233  0.810   3      0.067   0.000   281     448     79.2060241    -96.1714577   -913495.8711701  -735019.0784051  -913495.8711701  -735219.0784051  
93      248     472     1       0       79.2781118    -96.2763355   0.000   0.376   41.872  0.778   3      0.067   0.000   249     472     79.2769665    -96.2686607   -908695.8711701  -728619.0784051  -908695.8711701  -728819.0784051  
94      416     472     1       0       79.0830839    -95.0098915   0.000   0.412   52.833  0.791   3      0.067   0.000   417     472     79.0819076    -95.0024900   -908695.8711701  -762219.0784051  -908695.8711701  -762419.0784051  
95      168     480     1       0       79.3806454    -96.8466441   0.000   0.413   47.344  0.504   3      0.067   0.000   169     480     79.3795142    -96.8388333   -907095.8711701  -712619.0784051  -907095.8711701  -712819.0784051  
96      328     480     1       0       79.1972127    -95.6180282   0.000   0.492   63.053  0.853   3      0.067   0.000   329     480     79.1960511    -95.6104818   -907095.8711701  -744619.0784051  -907095.8711701  -744819.0784051  
97      384     480     1       0       79.1318838    -95.1979386   0.000   0.476   63.575  0.826   3      0.067   0.000   385     480     79.1307120    -95.1904833   -907095.8711701  -755819.0784051  -907095.8711701  -756019.0784051  
98      328     512     1       0       79.2424262    -95.4189392   0.000   0.462   54.848  0.838   3      0.067   0.000   329     512     79.2412597    -95.4113827   -900695.8711701  -744619.0784051  -900695.8711701  -744819.0784051  
99      360     512     1       0       79.2050059    -95.1779450   0.000   0.421   49.560  0.760   3      0.067   0.000   361     512     79.2038335    -95.1704410   -900695.8711701  -751019.0784051  -900695.8711701  -751219.0784051  
100     456     512     1       0       79.0916348    -94.4649970   0.000   0.445   54.067  0.811   3      0.067   0.000   457     512     79.0904452    -94.4576491   -900695.8711701  -770219.0784051  -900695.8711701  -770419.0784051  
101     232     528     1       0       79.3763493    -96.0524271   0.000   0.563   70.835  0.879   3      0.067   0.000   233     528     79.3751982    -96.0447053   -897495.8711701  -725419.0784051  -897495.8711701  -725619.0784051  
102     200     536     1       0       79.4245135    -96.2505203   0.000   0.476   56.588  0.710   3      0.067   0.000   201     536     79.4233672    -96.2427415   -895895.8711701  -719019.0784051  -895895.8711701  -719219.0784051  
103     272     536     1       0       79.3414953    -95.6947612   0.000   0.535   68.517  0.878   3      0.067   0.000   273     536     79.3403354    -95.6871037   -895895.8711701  -733419.0784051  -895895.8711701  -733619.0784051  
104     376     544     1       0       79.2310717    -94.8568419   0.000   0.410   47.137  0.772   3      0.067   0.000   377     544     79.2298913    -94.8493549   -894295.8711701  -754219.0784051  -894295.8711701  -754419.0784051  
105     408     544     1       0       79.1932125    -94.6180761   0.000   0.377   45.515  0.834   3      0.067   0.000   409     544     79.1920265    -94.6106418   -894295.8711701  -760619.0784051  -894295.8711701  -760819.0784051  
106     448     544     1       0       79.1456315    -94.3219811   0.000   0.382   38.962  0.744   3      0.067   0.000   449     544     79.1444383    -94.3146122   -894295.8711701  -768619.0784051  -894295.8711701  -768819.0784051  
107     488     552     1       0       79.1088195    -93.9776929   0.000   0.277   29.794  0.577   3      0.067   0.000   489     552     79.1076181    -93.9703871   -892695.8711701  -776619.0784051  -892695.8711701  -776819.0784051  
108     384     576     1       0       79.2662998    -94.5939955   0.000   0.496   63.700  0.854   3      0.067   0.000   385     576     79.2651130    -94.5865130   -887895.8711701  -755819.0784051  -887895.8711701  -756019.0784051  
109     432     576     1       0       79.2091326    -94.2367056   0.000   0.434   54.559  0.851   3      0.067   0.000   433     576     79.2079372    -94.2293026   -887895.8711701  -765419.0784051  -887895.8711701  -765619.0784051  
110     464     648     1       0       79.2699188    -93.5362543   0.000   0.391   47.418  0.731   3      0.067   0.000   465     648     79.2687064    -93.5288881   -873495.8711701  -771819.0784051  -873495.8711701  -772019.0784051  
111     496     664     0       0       79.2528910    -93.1968990   0.000   0.333   35.360  0.808   3      0.000   0.000   496     664     79.2528910    -93.1968990   -870295.8711701  -778219.0784051  -870295.8711701  -778219.0784051  
112     536     672     1       0       79.2148045    -92.8531167   0.000   0.429   51.101  0.827   3      0.067   0.000   537     672     79.2135760    -92.8458662   -868695.8711701  -786219.0784051  -868695.8711701  -786419.0784051  
113     496     696     1       0       79.2964907    -92.9866798   0.000   0.315   34.517  0.746   3      0.067   0.000   497     696     79.2952653    -92.9793582   -863895.8711701  -778219.0784051  -863895.8711701  -778419.0784051  
114     488     728     1       0       79.3497874    -92.8334119   0.000   0.309   35.270  0.762   3      0.067   0.000   489     728     79.3485582    -92.8260713   -857495.8711701  -776619.0784051  -857495.8711701  -776819.0784051  
