CP      startX  startY  dispX   dispY   sLat          sLon          theta   pCorr   pkStr   cCorr   conf   velX    velY    endX    endY    eLat          eLon          nps_startX    nps_startY    nps_endX      nps_endY      
0       528     288     -1      0       69.4330158    -123.7178195  0.000   0.213   21.574  0.375   2      -0.022  0.000   527     288     69.4333658    -123.7228114  -2207731.3385400  -440434.2560810  -2207731.3385400  -440234.2560810  
1       1848    360     -1      -1      68.9640810    -117.1944918  0.000   0.290   33.796  0.617   3      -0.022  -0.022  1847    359     68.9629259    -117.2007485  -2193331.3385400  -704434.2560810  -2193531.3385400  -704234.2560810  
2       568     368     -1      0       69.5592008    -123.4367184  0.000   0.282   29.865  0.614   3      -0.022  0.000   567     368     69.5595596    -123.4417367  -2191731.3385400  -448434.2560810  -2191731.3385400  -448234.2560810  
3       1704    368     -1      -1      69.0549842    -117.8672962  0.000   0.260   27.873  0.628   3      -0.022  -0.022  1703    367     69.0538024    -117.8735423  -2191731.3385400  -675634.2560810  -2191931.3385400  -675434.2560810  
4       1744    368     -1      -1      69.0338072    -117.6765075  0.000   0.274   26.927  0.653   3      -0.022  -0.022  1743    367     69.0326329    -117.6827581  -2191731.3385400  -683634.2560810  -2191931.3385400  -683434.2560810  
5       1784    368     -1      -1      69.0124045    -117.4861143  0.000   0.286   29.448  0.674   3      -0.022  -0.022  1783    367     69.0112377    -117.4923693  -2191731.3385400  -691634.2560810  -2191931.3385400  -691434.2560810  
6       1816    368     -1      -1      68.9951204    -117.3340865  0.000   0.307   33.961  0.682   3      -0.022  -0.022  1815    367     68.9939597    -117.3403448  -2191731.3385400  -698034.2560810  -2191931.3385400  -697834.2560810  
7       1672    376     -1      -1      69.0854408    -118.0085197  0.000   0.271   27.517  0.630   3      -0.022  -0.022  1671    375     69.0842534    -118.0147670  -2190131.3385400  -669234.2560810  -2190331.3385400  -669034.2560810  
8       1888    392     -1      -1      68.9964935    -116.9560005  0.000   0.209   19.900  0.480   3      -0.022  -0.022  1887    391     68.9953476    -116.9622804  -2186931.3385400  -712434.2560810  -2187131.3385400  -712234.2560810  
9       576     400     -1      0       69.6124465    -123.3635214  0.000   0.275   29.077  0.599   3      -0.022  0.000   575     400     69.6128076    -123.3685518  -2185331.3385400  -450034.2560810  -2185331.3385400  -449834.2560810  
10      1592    400     -1      -1      69.1679011    -118.3576628  0.000   0.281   28.142  0.567   3      -0.022  -0.022  1591    399     69.1666998    -118.3639149  -2185331.3385400  -653234.2560810  -2185531.3385400  -653034.2560810  
11      1632    400     -1      0       69.1473011    -118.1653140  0.000   0.245   29.525  0.747   3      -0.022  0.000   1631    400     69.1478189    -118.1701180  -2185331.3385400  -661234.2560810  -2185331.3385400  -661034.2560810  
12      1712    408     -1      -1      69.1190790    -117.7699205  0.000   0.308   32.236  0.639   3      -0.022  -0.022  1711    407     69.1179008    -117.7761918  -2183731.3385400  -677234.2560810  -2183931.3385400  -677034.2560810  
13      1744    408     -1      -1      69.1020590    -117.6168607  0.000   0.255   27.356  0.586   3      -0.022  -0.022  1743    407     69.1008869    -117.6231357  -2183731.3385400  -683634.2560810  -2183931.3385400  -683434.2560810  
14      1832    408     -1      -1      69.0545085    -117.1972688  0.000   0.229   23.509  0.547   3      -0.022  -0.022  1831    407     69.0533530    -117.2035530  -2183731.3385400  -701234.2560810  -2183931.3385400  -701034.2560810  
15      464     416     -1      0       69.6800537    -123.9122098  0.000   0.367   41.130  0.667   3      -0.022  0.000   463     416     69.6803981    -123.9172670  -2182131.3385400  -427634.2560810  -2182131.3385400  -427434.2560810  
16      544     424     -1      0       69.6660442    -123.4999964  0.000   0.224   22.703  0.532   3      -0.022  0.000   543     424     69.6664012    -123.5050429  -2180531.3385400  -443634.2560810  -2180531.3385400  -443434.2560810  
17      1560    424     -1      -1      69.2253696    -118.4775021  0.000   0.193   20.902  0.564   3      -0.022  -0.022  1559    423     69.2241635    -118.4837647  -2180531.3385400  -646834.2560810  -2180731.3385400  -646634.2560810  
18      1632    432     -1      -1      69.2020662    -118.1186755  0.000   0.293   28.861  0.648   3      -0.022  -0.022  1631    431     69.2008740    -118.1249521  -2178931.3385400  -661234.2560810  -2179131.3385400  -661034.2560810  
19      1320    440     -1      0       69.3708825    -119.6220818  0.000   0.248   27.400  0.614   3      -0.022  0.000   1319    440     69.3713569    -119.6269747  -2177331.3385400  -598834.2560810  -2177331.3385400  -598634.2560810  
20      1360    440     -1      0       69.3517852    -119.4265530  0.000   0.269   29.020  0.686   3      -0.022  0.000   1359    440     69.3522654    -119.4314367  -2177331.3385400  -606834.2560810  -2177331.3385400  -606634.2560810  
21      1520    440     0       -1      69.2730638    -118.6481844  0.000   0.195   22.533  0.725   3      0.000   -0.022  1520    439     69.2713474    -118.6496061  -2177331.3385400  -638834.2560810  -2177531.3385400  -638834.2560810  
22      1392    448     -1      0       69.3501159    -119.2594029  0.000   0.324   32.132  0.634   3      -0.022  0.000   1391    448     69.3506012    -119.2642822  -2175731.3385400  -613234.2560810  -2175731.3385400  -613034.2560810  
23      1424    448     -1      0       69.3345090    -119.1033887  0.000   0.176   24.160  0.626   3      -0.022  0.000   1423    448     69.3349989    -119.1082605  -2175731.3385400  -619634.2560810  -2175731.3385400  -619434.2560810  
24      1456    448     -1      0       69.3187530    -118.9476161  0.000   0.196   19.371  0.594   3      -0.022  0.000   1455    448     69.3192476    -118.9524803  -2175731.3385400  -626034.2560810  -2175731.3385400  -625834.2560810  
25      1488    448     0       -1      69.3028482    -118.7920868  0.000   0.172   20.753  0.621   3      0.000   -0.022  1488    447     69.3011304    -118.7934984  -2175731.3385400  -632434.2560810  -2175931.3385400  -632434.2560810  
26      584     456     -1      0       69.7077565    -123.2647962  0.000   0.298   32.875  0.626   3      -0.022  0.000   583     456     69.7081207    -123.2698490  -2174131.3385400  -451634.2560810  -2174131.3385400  -451434.2560810  
27      1832    456     -1      0       69.1361976    -117.1236530  0.000   0.187   18.423  0.464   3      -0.022  0.000   1831    456     69.1367464    -117.1284272  -2174131.3385400  -701234.2560810  -2174131.3385400  -701034.2560810  
28      440     464     -1      0       69.7726804    -123.9863555  0.000   0.326   35.320  0.711   3      -0.022  0.000   439     464     69.7730225    -123.9914376  -2172531.3385400  -422834.2560810  -2172531.3385400  -422634.2560810  
29      1632    464     -1      -1      69.2568269    -118.0717854  0.000   0.259   25.957  0.601   3      -0.022  -0.022  1631    463     69.2556364    -118.0780816  -2172531.3385400  -661234.2560810  -2172731.3385400  -661034.2560810  
30      1688    472     -1      -1      69.2411048    -117.7899152  0.000   0.205   21.460  0.605   3      -0.022  -0.022  1687    471     69.2399254    -117.7962231  -2170931.3385400  -672434.2560810  -2171131.3385400  -672234.2560810  
31      1776    472     -1      0       69.1939829    -117.3670520  0.000   0.152   15.010  0.570   3      -0.022  0.000   1775    472     69.1945245    -117.3718462  -2170931.3385400  -690034.2560810  -2170931.3385400  -689834.2560810  
32      1584    480     0       0       69.3090755    -118.2805286  0.000   0.252   21.829  0.582   3      0.000   0.000   1584    480     69.3090755    -118.2805286  -2169331.3385400  -651634.2560810  -2169331.3385400  -651634.2560810  
33      1744    480     -1      -1      69.2248923    -117.5084876  0.000   0.245   24.302  0.550   3      -0.022  -0.022  1743    479     69.2237240    -117.5148066  -2169331.3385400  -683634.2560810  -2169531.3385400  -683434.2560810  
34      568     488     -1      0       69.7697035    -123.3121993  0.000   0.334   36.990  0.725   3      -0.022  0.000   567     488     69.7700663    -123.3172687  -2167731.3385400  -448434.2560810  -2167731.3385400  -448234.2560810  
35      1392    488     -1      0       69.4189988    -119.2042064  0.000   0.265   29.527  0.627   3      -0.022  0.000   1391    488     69.4194858    -119.2091010  -2167731.3385400  -613234.2560810  -2167731.3385400  -613034.2560810  
36      1424    488     -1      0       69.4033352    -119.0477024  0.000   0.247   25.194  0.602   3      -0.022  0.000   1423    488     69.4038270    -119.0525895  -2167731.3385400  -619634.2560810  -2167731.3385400  -619434.2560810  
37      1552    496     -1      0       69.3529080    -118.4125729  0.000   0.286   28.076  0.610   3      -0.022  0.000   1551    496     69.3534187    -118.4174320  -2166131.3385400  -645234.2560810  -2166131.3385400  -645034.2560810  
38      1640    496     -1      -1      69.3074000    -117.9859361  0.000   0.259   26.113  0.591   3      -0.022  -0.022  1639    495     69.3062127    -117.9922531  -2166131.3385400  -662834.2560810  -2166331.3385400  -662634.2560810  
39      1848    496     -1      0       69.1954305    -116.9852750  0.000   0.145   14.647  0.214   1      -0.022  0.000   1847    496     69.1959835    -116.9900593  -2166131.3385400  -704434.2560810  -2166131.3385400  -704234.2560810  
40      376     504     -1      0       69.8646903    -124.2733759  0.000   0.354   40.398  0.725   3      -0.022  0.000   375     504     69.8650238    -124.2784866  -2164531.3385400  -410034.2560810  -2164531.3385400  -409834.2560810  
41      1512    504     -1      0       69.3869564    -118.5956630  0.000   0.238   25.961  0.601   3      -0.022  0.000   1511    504     69.3874617    -118.6005350  -2164531.3385400  -637234.2560810  -2164531.3385400  -637034.2560810  
42      1792    504     -1      0       69.2398084    -117.2413013  0.000   0.155   17.009  0.409   3      -0.022  0.000   1791    504     69.2403538    -117.2461030  -2164531.3385400  -693234.2560810  -2164531.3385400  -693034.2560810  
43      1760    512     -1      -1      69.2708324    -117.3828648  0.000   0.211   20.472  0.538   3      -0.022  -0.022  1759    511     69.2696687    -117.3892053  -2162931.3385400  -686834.2560810  -2163131.3385400  -686634.2560810  
44      1456    520     -1      0       69.4425339    -118.8462272  0.000   0.243   24.421  0.528   3      -0.022  0.000   1455    520     69.4430317    -118.8511189  -2161331.3385400  -626034.2560810  -2161331.3385400  -625834.2560810  
45      1680    520     -1      0       69.3273564    -117.7566967  0.000   0.224   23.279  0.568   3      -0.022  0.000   1679    520     69.3278866    -117.7615329  -2161331.3385400  -670834.2560810  -2161331.3385400  -670634.2560810  
46      1712    520     -1      -1      69.3103121    -117.6020742  0.000   0.208   20.630  0.486   3      -0.022  -0.022  1711    519     69.3091397    -117.6084145  -2161331.3385400  -677234.2560810  -2161531.3385400  -677034.2560810  
47      368     536     -1      0       69.9237056    -124.2833107  0.000   0.250   25.659  0.365   2      -0.022  0.000   367     536     69.9240388    -124.2884370  -2158131.3385400  -408434.2560810  -2158131.3385400  -408234.2560810  
48      1584    536     -1      0       69.4050174    -118.1986377  0.000   0.206   20.912  0.482   3      -0.022  0.000   1583    536     69.4055346    -118.2035040  -2158131.3385400  -651634.2560810  -2158131.3385400  -651434.2560810  
49      1840    536     -1      -1      69.2678893    -116.9612295  0.000   0.096   10.341  0.206   1      -0.022  -0.022  1839    535     69.2667423    -116.9675932  -2158131.3385400  -702834.2560810  -2158331.3385400  -702634.2560810  
50      1256    544     14      -23     69.5806527    -119.7970889  16.875  0.122   11.450  0.293   2      0.311   -0.511  1270    521     69.5343383    -119.7588294  -2156531.3385400  -586034.2560810  -2161131.3385400  -588834.2560810  
51      1424    544     -1      0       69.4996840    -118.9691002  0.000   0.236   23.140  0.508   3      -0.022  0.000   1423    544     69.5001782    -118.9740088  -2156531.3385400  -619634.2560810  -2156531.3385400  -619434.2560810  
52      1616    544     -1      0       69.4020837    -118.0311918  0.000   0.238   23.306  0.459   3      -0.022  0.000   1615    544     69.4026059    -118.0360531  -2156531.3385400  -658034.2560810  -2156531.3385400  -657834.2560810  
53      1512    552     -1      0       69.4693479    -118.5265367  0.000   0.191   20.094  0.524   3      -0.022  0.000   1511    552     69.4698554    -118.5314269  -2154931.3385400  -637234.2560810  -2154931.3385400  -637034.2560810  
54      1672    552     -1      0       69.3862820    -117.7473255  0.000   0.266   27.362  0.593   3      -0.022  0.000   1671    552     69.3868126    -117.7521755  -2154931.3385400  -669234.2560810  -2154931.3385400  -669034.2560810  
55      1704    552     -1      -1      69.3692255    -117.5922600  0.000   0.200   20.303  0.462   3      -0.022  -0.022  1703    551     69.3680533    -117.5986193  -2154931.3385400  -675634.2560810  -2155131.3385400  -675434.2560810  
56      1776    552     -1      0       69.3303121    -117.2443255  0.000   0.176   17.241  0.411   3      -0.022  0.000   1775    552     69.3308577    -117.2491488  -2154931.3385400  -690034.2560810  -2154931.3385400  -689834.2560810  
57      1160    560     27      -24     69.6527516    -120.2522538  5.625   0.108   10.619  0.368   3      0.600   -0.533  1187    536     69.5988500    -120.1496006  -2153331.3385400  -566834.2560810  -2158131.3385400  -572234.2560810  
58      1480    560     0       0       69.4992578    -118.6716657  0.000   0.193   19.021  0.540   3      0.000   0.000   1480    560     69.4992578    -118.6716657  -2153331.3385400  -630834.2560810  -2153331.3385400  -630834.2560810  
59      1736    560     -1      0       69.3656687    -117.4252106  0.000   0.144   12.576  0.355   2      -0.022  0.000   1735    560     69.3662089    -117.4300471  -2153331.3385400  -682034.2560810  -2153331.3385400  -681834.2560810  
60      600     568     -20     1       69.8982787    -123.0644806  354.375  0.191   18.135  0.563   3      -0.444  0.022   580     569     69.9074145    -123.1654054  -2151731.3385400  -454834.2560810  -2151531.3385400  -450834.2560810  
61      1600    576     -1      0       69.4652143    -118.0615991  0.000   0.128   16.427  0.475   3      -0.022  0.000   1599    576     69.4657357    -118.0664764  -2150131.3385400  -654834.2560810  -2150131.3385400  -654634.2560810  
62      1440    584     -1      0       69.5605415    -118.8337407  0.000   0.217   21.409  0.558   3      -0.022  0.000   1439    584     69.5610400    -118.8386609  -2148531.3385400  -622834.2560810  -2148531.3385400  -622634.2560810  
63      368     592     -1      1       70.0223304    -124.2287091  0.000   0.114   11.880  0.256   1      -0.022  0.022   367     593     70.0244267    -124.2328807  -2146931.3385400  -408434.2560810  -2146731.3385400  -408234.2560810  
64      1104    592     28      -23     69.7335400    -120.4899933  0.000   0.091   7.820   0.222   1      0.622   -0.511  1132    569     69.6810550    -120.3799934  -2146931.3385400  -555634.2560810  -2151531.3385400  -561234.2560810  
65      1032    600     30      -22     69.7793597    -120.8406199  5.625   0.148   15.178  0.467   3      0.667   -0.489  1062    578     69.7279542    -120.7181555  -2145331.3385400  -541234.2560810  -2149731.3385400  -547234.2560810  
66      1632    600     0       0       69.4895086    -117.8696498  0.000   0.158   19.388  0.510   3      0.000   0.000   1632    600     69.4895086    -117.8696498  -2145331.3385400  -661234.2560810  -2145331.3385400  -661234.2560810  
67      1704    600     0       0       69.4511733    -117.5190985  0.000   0.217   24.233  0.575   3      0.000   0.000   1704    600     69.4511733    -117.5190985  -2145331.3385400  -675634.2560810  -2145331.3385400  -675634.2560810  
68      1232    608     38      -32     69.7025207    -119.8299880  5.625   0.128   13.793  0.432   2      0.844   -0.711  1270    576     69.6293344    -119.6845090  -2143731.3385400  -581234.2560810  -2150131.3385400  -588834.2560810  
69      1496    608     -1      0       69.5736036    -118.5237853  0.000   0.174   16.931  0.400   2      -0.022  0.000   1495    608     69.5741113    -118.5287009  -2143731.3385400  -634034.2560810  -2143731.3385400  -633834.2560810  
70      1160    616     36      -25     69.7497339    -120.1785320  11.250  0.083   8.526   0.233   1      0.800   -0.556  1196    591     69.6898825    -120.0320688  -2142131.3385400  -566834.2560810  -2147131.3385400  -574034.2560810  
71      1600    616     -1      0       69.5336987    -118.0019818  0.000   0.220   21.515  0.516   3      -0.022  0.000   1599    616     69.5342219    -118.0068741  -2142131.3385400  -654834.2560810  -2142131.3385400  -654634.2560810  
72      520     624     -24     -6      70.0257820    -123.4142231  0.000   0.096   8.301   0.419   3      -0.533  -0.133  496     618     70.0238355    -123.5438295  -2140531.3385400  -438834.2560810  -2141731.3385400  -434034.2560810  
73      688     624     1       -20     69.9630808    -122.5538469  0.000   0.159   15.321  0.321   2      0.022   -0.444  689     604     69.9276874    -122.5712441  -2140531.3385400  -472434.2560810  -2144531.3385400  -472634.2560810  
74      720     624     2       -19     69.9506387    -122.3905980  0.000   0.090   12.034  0.454   3      0.044   -0.422  722     605     69.9166221    -122.4020508  -2140531.3385400  -478834.2560810  -2144331.3385400  -479234.2560810  
75      1528    624     -1      0       69.5847255    -118.3431295  0.000   0.179   17.258  0.444   3      -0.022  0.000   1527    624     69.5852386    -118.3480432  -2140531.3385400  -640434.2560810  -2140531.3385400  -640234.2560810  
76      552     632     -24     -4      70.0282213    -123.2413757  0.000   0.148   13.675  0.376   2      -0.533  -0.089  528     628     70.0299207    -123.3689006  -2138931.3385400  -445234.2560810  -2139731.3385400  -440434.2560810  
77      1568    632     -1      0       69.5777872    -118.1348976  0.000   0.213   21.146  0.509   3      -0.022  0.000   1567    632     69.5783066    -118.1398043  -2138931.3385400  -648434.2560810  -2138931.3385400  -648234.2560810  
78      1656    632     -1      0       69.5315123    -117.7041187  0.000   0.179   18.040  0.491   3      -0.022  0.000   1655    632     69.5320445    -117.7090027  -2138931.3385400  -666034.2560810  -2138931.3385400  -665834.2560810  
79      1056    640     24      -26     69.8382429    -120.6689090  5.625   0.137   13.581  0.355   2      0.533   -0.578  1080    614     69.7824412    -120.5817948  -2137331.3385400  -546034.2560810  -2142531.3385400  -550834.2560810  
80      1480    640     0       0       69.6366726    -118.5560123  0.000   0.196   19.851  0.476   3      0.000   0.000   1480    640     69.6366726    -118.5560123  -2137331.3385400  -630834.2560810  -2137331.3385400  -630834.2560810  
81      1696    640     -1      0       69.5237654    -117.4966773  0.000   0.224   21.613  0.619   3      -0.022  0.000   1695    640     69.5243037    -117.5015539  -2137331.3385400  -674034.2560810  -2137331.3385400  -673834.2560810  
82      424     648     -17     -12     70.1018534    -123.8839735  354.375  0.145   14.833  0.540   3      -0.378  -0.267  407     636     70.0865861    -123.9838979  -2135731.3385400  -419634.2560810  -2138131.3385400  -416234.2560810  
83      648     648     1       -21     70.0204543    -122.7315161  0.000   0.172   17.015  0.523   3      0.022   -0.467  649     627     69.9832847    -122.7497541  -2135731.3385400  -464434.2560810  -2139931.3385400  -464634.2560810  
84      1200    648     40      -31     69.7866451    -119.9357727  5.625   0.165   18.073  0.583   3      0.889   -0.689  1240    617     69.7143215    -119.7779715  -2135731.3385400  -574834.2560810  -2141931.3385400  -582834.2560810  
85      1248    648     40      -33     69.7641215    -119.6958998  0.000   0.201   20.000  0.466   3      0.889   -0.733  1288    615     69.6881226    -119.5418996  -2135731.3385400  -584434.2560810  -2142331.3385400  -592434.2560810  
86      1728    648     0       0       69.5201079    -117.3283585  0.000   0.152   14.612  0.378   2      0.000   0.000   1728    648     69.5201079    -117.3283585  -2135731.3385400  -680434.2560810  -2135731.3385400  -680434.2560810  
87      1768    648     0       0       69.4982559    -117.1337291  0.000   0.157   14.590  0.268   1      0.000   0.000   1768    648     69.4982559    -117.1337291  -2135731.3385400  -688434.2560810  -2135731.3385400  -688434.2560810  
88      600     672     0       -22     70.0806475    -122.9513668  0.000   0.150   14.714  0.402   3      0.000   -0.489  600     650     70.0420677    -122.9754705  -2130931.3385400  -454834.2560810  -2135331.3385400  -454834.2560810  
89      720     672     0       -19     70.0346032    -122.3356201  0.000   0.278   29.362  0.599   3      0.000   -0.422  720     653     70.0013669    -122.3574385  -2130931.3385400  -478834.2560810  -2134731.3385400  -478834.2560810  
90      752     672     0       -18     70.0219450    -122.1719159  0.000   0.212   21.097  0.557   3      0.000   -0.400  752     654     69.9904795    -122.1928371  -2130931.3385400  -485234.2560810  -2134531.3385400  -485234.2560810  
91      936     672     16      -27     69.9460804    -121.2348134  5.625   0.185   19.263  0.568   3      0.356   -0.600  952     645     69.8922481    -121.1873298  -2130931.3385400  -522034.2560810  -2136331.3385400  -525234.2560810  
92      1552    672     0       0       69.6546443    -118.1539771  0.000   0.256   25.745  0.565   3      0.000   0.000   1552    672     69.6546443    -118.1539771  -2130931.3385400  -645234.2560810  -2130931.3385400  -645234.2560810  
93      1584    672     0       0       69.6379615    -117.9964797  0.000   0.190   14.484  0.315   2      0.000   0.000   1584    672     69.6379615    -117.9964797  -2130931.3385400  -651634.2560810  -2130931.3385400  -651634.2560810  
94      1680    672     0       0       69.5870165    -117.5255804  0.000   0.170   16.486  0.377   2      0.000   0.000   1680    672     69.5870165    -117.5255804  -2130931.3385400  -670834.2560810  -2130931.3385400  -670834.2560810  
95      816     680     0       -16     70.0101165    -121.8356073  0.000   0.190   18.366  0.547   3      0.000   -0.356  816     664     69.9821859    -121.8546749  -2129331.3385400  -498034.2560810  -2132531.3385400  -498034.2560810  
96      1272    688     41      -34     69.8218036    -119.5209530  0.000   0.202   19.661  0.400   3      0.911   -0.756  1313    654     69.7434210    -119.3635911  -2127731.3385400  -589234.2560810  -2134531.3385400  -597434.2560810  
97      1752    688     0       0       69.5751992    -117.1488854  0.000   0.181   17.179  0.201   1      0.000   0.000   1752    688     69.5751992    -117.1488854  -2127731.3385400  -685234.2560810  -2127731.3385400  -685234.2560810  
98      456     696     -13     -13     70.1751228    -123.6691325  0.000   0.102   9.409   0.334   2      -0.289  -0.289  443     683     70.1568223    -123.7499154  -2126131.3385400  -426034.2560810  -2128731.3385400  -423434.2560810  
99      648     696     -1      -21     70.1045469    -122.6778097  0.000   0.189   20.573  0.491   3      -0.022  -0.467  647     675     70.0681378    -122.7064982  -2126131.3385400  -464434.2560810  -2130331.3385400  -464234.2560810  
100     752     704     -1      -18     70.0778844    -122.1345563  0.000   0.193   18.900  0.450   3      -0.022  -0.400  751     686     70.0468169    -122.1607160  -2124531.3385400  -485234.2560810  -2128131.3385400  -485034.2560810  
101     976     704     17      -30     69.9845565    -120.9916443  5.625   0.198   20.482  0.446   3      0.378   -0.667  993     674     69.9249981    -120.9434737  -2124531.3385400  -530034.2560810  -2130531.3385400  -533434.2560810  
102     1224    712     40      -36     69.8860768    -119.7284793  0.000   0.133   13.747  0.251   1      0.889   -0.800  1264    676     69.8048985    -119.5775433  -2122931.3385400  -579634.2560810  -2130131.3385400  -587634.2560810  
103     1488    712     0       0       69.7562372    -118.4108833  0.000   0.083   11.894  0.317   1      0.000   0.000   1488    712     69.7562372    -118.4108833  -2122931.3385400  -632434.2560810  -2122931.3385400  -632434.2560810  
104     368     720     -9      -7      70.2477985    -124.1018171  5.625   0.246   23.939  0.442   3      -0.200  -0.156  359     713     70.2385110    -124.1556905  -2121331.3385400  -408434.2560810  -2122731.3385400  -406634.2560810  
105     568     720     -1      -24     70.1767767    -123.0638092  0.000   0.166   16.603  0.495   3      -0.022  -0.533  567     696     70.1350303    -123.0951464  -2121331.3385400  -448434.2560810  -2126131.3385400  -448234.2560810  
106     1104    720     34      -39     69.9555028    -120.3224069  0.000   0.137   13.349  0.347   2      0.756   -0.867  1138    681     69.8724021    -120.2026792  -2121331.3385400  -555634.2560810  -2129131.3385400  -562434.2560810  
107     832     728     0       -19     70.0873267    -121.6961345  0.000   0.094   8.783   0.263   1      0.000   -0.422  832     709     70.0541705    -121.7190971  -2119731.3385400  -501234.2560810  -2123531.3385400  -501234.2560810  
108     1528    728     -1      0       69.7630996    -118.1888625  0.000   0.132   13.494  0.329   2      -0.022  0.000   1527    728     69.7636177    -118.1938164  -2119731.3385400  -640434.2560810  -2119731.3385400  -640234.2560810  
109     1608    728     -1      0       69.7211790    -117.7933947  0.000   0.156   15.598  0.483   3      -0.022  0.000   1607    728     69.7217088    -117.7983277  -2119731.3385400  -656434.2560810  -2119731.3385400  -656234.2560810  
110     480     736     -8      -16     70.2369365    -123.5027127  0.000   0.205   21.343  0.593   3      -0.178  -0.356  472     720     70.2116604    -123.5611045  -2118131.3385400  -430834.2560810  -2121331.3385400  -429234.2560810  
111     992     736     19      -32     70.0332312    -120.8695610  5.625   0.257   26.808  0.672   3      0.422   -0.711  1011    704     69.9692749    -120.8140632  -2118131.3385400  -533234.2560810  -2124531.3385400  -537034.2560810  
112     1184    736     41      -37     69.9463705    -119.8970106  0.000   0.153   14.295  0.279   1      0.911   -0.822  1225    699     69.8631302    -119.7412712  -2118131.3385400  -571634.2560810  -2125531.3385400  -579834.2560810  
113     1560    736     -1      0       69.7601511    -118.0183940  0.000   0.196   21.133  0.482   3      -0.022  0.000   1559    736     69.7606743    -118.0233426  -2118131.3385400  -646834.2560810  -2118131.3385400  -646634.2560810  
114     624     744     -2      -22     70.1978245    -122.7476668  0.000   0.210   21.405  0.504   3      -0.044  -0.489  622     722     70.1600202    -122.7826409  -2116531.3385400  -459634.2560810  -2120931.3385400  -459234.2560810  
115     1232    744     40      -36     69.9376059    -119.6441831  0.000   0.237   23.584  0.426   3      0.889   -0.800  1272    708     69.8563387    -119.4932003  -2116531.3385400  -581234.2560810  -2123731.3385400  -589234.2560810  
116     1704    744     0       0       69.6969387    -117.2959968  0.000   0.211   22.027  0.600   3      0.000   0.000   1704    744     69.6969387    -117.2959968  -2116531.3385400  -675634.2560810  -2116531.3385400  -675634.2560810  
117     792     752     -2      -17     70.1456267    -121.8723938  0.000   0.200   20.071  0.443   3      -0.044  -0.378  790     735     70.1167472    -121.9029992  -2114931.3385400  -493234.2560810  -2118331.3385400  -492834.2560810  
118     936     752     17      -31     70.0853559    -121.1346803  0.000   0.196   18.998  0.291   1      0.378   -0.689  953     721     70.0240807    -121.0870879  -2114931.3385400  -522034.2560810  -2121131.3385400  -525434.2560810  
119     1464    752     -1      0       69.8371856    -118.4710376  0.000   0.181   16.602  0.313   2      -0.022  0.000   1463    752     69.8376953    -118.4760174  -2114931.3385400  -627634.2560810  -2114931.3385400  -627434.2560810  
120     672     760     -3      -21     70.2073894    -122.4813960  0.000   0.134   13.432  0.426   3      -0.067  -0.467  669     739     70.1717785    -122.5209212  -2113331.3385400  -469234.2560810  -2117531.3385400  -468634.2560810  
121     832     760     -2      -16     70.1431688    -121.6572840  0.000   0.103   8.724   0.334   2      -0.044  -0.356  830     744     70.1160739    -121.6869907  -2113331.3385400  -501234.2560810  -2116531.3385400  -500834.2560810  
122     1656    760     -1      0       69.7502528    -117.5073134  0.000   0.181   17.836  0.567   3      -0.022  0.000   1655    760     69.7507912    -117.5122459  -2113331.3385400  -666034.2560810  -2113331.3385400  -665834.2560810  
123     1056    768     34      -39     70.0604550    -120.5024567  0.000   0.094   7.628   0.243   1      0.756   -0.867  1090    729     69.9774576    -120.3813270  -2111731.3385400  -546034.2560810  -2119531.3385400  -552834.2560810  
124     1160    768     38      -41     70.0129446    -119.9747504  0.000   0.152   15.588  0.503   3      0.844   -0.911  1198    727     69.9242479    -119.8387260  -2111731.3385400  -566834.2560810  -2119931.3385400  -574434.2560810  
125     624     776     -3      -22     70.2539185    -122.7116331  0.000   0.163   14.705  0.392   2      -0.067  -0.489  621     754     70.2164961    -122.7519537  -2110131.3385400  -459634.2560810  -2114531.3385400  -459034.2560810  
126     800     784     -3      -17     70.1982452    -121.7927190  0.000   0.155   15.990  0.352   2      -0.067  -0.378  797     767     70.1697845    -121.8286695  -2108531.3385400  -494834.2560810  -2111931.3385400  -494234.2560810  
127     1272    784     38      -32     69.9875620    -119.3868490  0.000   0.088   8.488   0.264   1      0.844   -0.711  1310    752     69.9139236    -119.2409178  -2108531.3385400  -589234.2560810  -2114931.3385400  -596834.2560810  
128     1608    784     -1      0       69.8169902    -117.7074345  0.000   0.219   21.473  0.577   3      -0.022  0.000   1607    784     69.8175228    -117.7123891  -2108531.3385400  -656434.2560810  -2108531.3385400  -656234.2560810  
129     1240    792     38      -34     70.0167472    -119.5371147  354.375  0.233   22.524  0.543   3      0.844   -0.756  1278    758     69.9397811    -119.3932142  -2106931.3385400  -582834.2560810  -2113731.3385400  -590434.2560810  
130     1656    792     -1      0       69.8049233    -117.4574323  0.000   0.266   29.756  0.642   3      -0.022  0.000   1655    792     69.8054633    -117.4623771  -2106931.3385400  -666034.2560810  -2106931.3385400  -665834.2560810  
131     752     800     -3      -18     70.2457076    -122.0211829  0.000   0.153   14.814  0.403   3      -0.067  -0.400  749     782     70.2154463    -122.0580720  -2105331.3385400  -485234.2560810  -2108931.3385400  -484634.2560810  
132     872     800     1       -19     70.1962282    -121.4025453  0.000   0.115   9.586   0.273   1      0.022   -0.422  873     781     70.1626809    -121.4210027  -2105331.3385400  -509234.2560810  -2109131.3385400  -509434.2560810  
133     1152    800     36      -42     70.0720759    -119.9717575  354.375  0.181   15.264  0.546   3      0.800   -0.933  1188    758     69.9825684    -119.8468070  -2105331.3385400  -565234.2560810  -2113731.3385400  -572434.2560810  
134     1184    800     36      -39     70.0571196    -119.8094184  354.375  0.226   22.621  0.530   3      0.800   -0.867  1220    761     69.9726823    -119.6811593  -2105331.3385400  -571634.2560810  -2113131.3385400  -578834.2560810  
135     1336    808     36      -29     69.9977399    -119.0302290  0.000   0.106   9.984   0.341   2      0.800   -0.644  1372    779     69.9299503    -118.8912423  -2103731.3385400  -602034.2560810  -2109531.3385400  -609234.2560810  
136     984     816     14      -29     70.1758436    -120.8073455  354.375  0.079   8.538   0.307   2      0.311   -0.644  998     787     70.1192597    -120.7732922  -2102131.3385400  -531634.2560810  -2107931.3385400  -534434.2560810  
137     1584    816     -1      0       69.8845091    -117.7772217  0.000   0.238   24.046  0.524   3      -0.022  0.000   1583    816     69.8850397    -117.7821952  -2102131.3385400  -651634.2560810  -2102131.3385400  -651434.2560810  
138     832     824     -4      -16     70.2548536    -121.5789109  0.000   0.166   15.861  0.425   3      -0.089  -0.356  828     808     70.2285942    -121.6192084  -2100531.3385400  -501234.2560810  -2103731.3385400  -500434.2560810  
139     1272    824     36      -34     70.0566200    -119.3303013  354.375  0.124   10.260  0.414   3      0.800   -0.756  1308    790     69.9804442    -119.1969895  -2100531.3385400  -589234.2560810  -2107331.3385400  -596434.2560810  
140     1632    824     0       0       69.8725443    -117.5263209  0.000   0.251   25.389  0.563   3      0.000   0.000   1632    824     69.8725443    -117.5263209  -2100531.3385400  -661234.2560810  -2100531.3385400  -661234.2560810  
141     1056    832     21      -34     70.1715528    -120.4178038  0.000   0.139   13.013  0.295   1      0.467   -0.756  1077    798     70.1030461    -120.3558682  -2098931.3385400  -546034.2560810  -2105731.3385400  -550234.2560810  
142     1152    832     33      -42     70.1274917    -119.9280158  354.375  0.079   7.901   0.402   2      0.733   -0.933  1185    790     70.0393462    -119.8181051  -2098931.3385400  -565234.2560810  -2107331.3385400  -571834.2560810  
143     1184    832     33      -40     70.1124904    -119.7652492  354.375  0.141   15.912  0.533   3      0.733   -0.889  1217    792     70.0277009    -119.6533800  -2098931.3385400  -571634.2560810  -2106931.3385400  -578234.2560810  
144     1520    832     0       0       69.9456028    -118.0717608  0.000   0.251   25.429  0.540   3      0.000   0.000   1520    832     69.9456028    -118.0717608  -2098931.3385400  -638834.2560810  -2098931.3385400  -638834.2560810  
145     1120    840     28      -36     70.1562009    -120.0801652  354.375  0.156   14.491  0.360   2      0.622   -0.800  1148    804     70.0808623    -119.9866199  -2097331.3385400  -558834.2560810  -2104531.3385400  -564434.2560810  
146     1352    840     33      -28     70.0449564    -118.9032614  354.375  0.081   8.926   0.266   1      0.733   -0.622  1385    812     69.9802760    -118.7779873  -2097331.3385400  -605234.2560810  -2102931.3385400  -611834.2560810  
147     800     856     -5      -17     70.3239813    -121.7051156  0.000   0.199   21.091  0.435   3      -0.111  -0.378  795     839     70.2963515    -121.7517809  -2094131.3385400  -494834.2560810  -2097531.3385400  -493834.2560810  
148     840     856     -5      -16     70.3073494    -121.4979873  0.000   0.131   12.671  0.288   1      -0.111  -0.356  835     840     70.2815229    -121.5436717  -2094131.3385400  -502834.2560810  -2097331.3385400  -501834.2560810  
149     952     856     11      -30     70.2594454    -120.9199520  0.000   0.135   11.633  0.255   1      0.244   -0.667  963     826     70.2024423    -120.9021114  -2094131.3385400  -525234.2560810  -2100131.3385400  -527434.2560810  
150     1608    856     0       0       69.9401502    -117.5956832  0.000   0.222   23.121  0.624   3      0.000   0.000   1608    856     69.9401502    -117.5956832  -2094131.3385400  -656434.2560810  -2094131.3385400  -656434.2560810  
151     1184    864     28      -39     70.1678586    -119.7208285  0.000   0.158   15.343  0.467   3      0.622   -0.867  1212    825     70.0871324    -119.6327997  -2092531.3385400  -571634.2560810  -2100331.3385400  -577234.2560810  
152     1224    864     33      -36     70.1488299    -119.5171903  354.375  0.093   10.377  0.282   1      0.733   -0.800  1257    828     70.0707753    -119.4005384  -2092531.3385400  -579634.2560810  -2099731.3385400  -586234.2560810  
153     1520    864     0       0       70.0004728    -118.0229594  0.000   0.214   21.449  0.460   3      0.000   0.000   1520    864     70.0004728    -118.0229594  -2092531.3385400  -638834.2560810  -2092531.3385400  -638834.2560810  
154     984     872     9       -29     70.2732205    -120.7344185  0.000   0.093   10.665  0.292   2      0.200   -0.644  993     843     70.2188192    -120.7260691  -2090931.3385400  -531634.2560810  -2096731.3385400  -533434.2560810  
155     1128    872     28      -41     70.2079482    -119.9956310  0.000   0.243   23.292  0.562   3      0.622   -0.911  1156    831     70.1238936    -119.9090287  -2090931.3385400  -560434.2560810  -2099131.3385400  -566034.2560810  
156     424     880     -34     -42     70.5101607    -123.6434563  5.625   0.191   19.115  0.641   3      -0.756  -0.933  390     838     70.4481108    -123.8664511  -2089331.3385400  -419634.2560810  -2097731.3385400  -412834.2560810  
157     1256    880     31      -33     70.1610622    -119.3317812  354.375  0.234   23.963  0.622   3      0.689   -0.733  1287    847     70.0890291    -119.2216305  -2089331.3385400  -586034.2560810  -2095931.3385400  -592234.2560810  
158     1096    888     25      -38     70.2504750    -120.1376333  0.000   0.208   21.017  0.329   2      0.556   -0.844  1121    850     70.1730694    -120.0614545  -2087731.3385400  -554034.2560810  -2095331.3385400  -559034.2560810  
159     800     896     -6      -17     70.3938349    -121.6559521  0.000   0.160   13.303  0.616   3      -0.133  -0.378  794     879     70.3666257    -121.7080513  -2086131.3385400  -494834.2560810  -2089531.3385400  -493634.2560810  
160     832     896     -6      -16     70.3804986    -121.4896538  0.000   0.211   20.276  0.538   3      -0.133  -0.356  826     880     70.3550866    -121.5407101  -2086131.3385400  -501234.2560810  -2089331.3385400  -500034.2560810  
161     1216    896     27      -38     70.2079748    -119.5127823  0.000   0.126   9.893   0.274   2      0.600   -0.844  1243    858     70.1293401    -119.4290979  -2086131.3385400  -578034.2560810  -2093731.3385400  -583434.2560810  
162     496     904     -6      -26     70.5264739    -123.2381153  0.000   0.200   20.053  0.540   3      -0.133  -0.578  490     878     70.4829597    -123.2981150  -2084531.3385400  -434034.2560810  -2089731.3385400  -432834.2560810  
163     552     904     -7      -24     70.5057253    -122.9433807  0.000   0.217   21.217  0.472   3      -0.156  -0.533  545     880     70.4662023    -123.0070011  -2084531.3385400  -445234.2560810  -2089331.3385400  -443834.2560810  
164     912     904     3       -22     70.3603866    -121.0646545  0.000   0.186   18.953  0.554   3      0.067   -0.489  915     882     70.3207722    -121.0773613  -2084531.3385400  -517234.2560810  -2088931.3385400  -517834.2560810  
165     1160    904     27      -40     70.2484072    -119.7877239  0.000   0.221   21.900  0.498   3      0.600   -0.889  1187    864     70.1664399    -119.7055419  -2084531.3385400  -566834.2560810  -2092531.3385400  -572234.2560810  
166     1528    904     0       0       70.0648447    -117.9213788  0.000   0.201   20.391  0.549   3      0.000   0.000   1528    904     70.0648447    -117.9213788  -2084531.3385400  -640434.2560810  -2084531.3385400  -640434.2560810  
167     1600    904     0       0       70.0265433    -117.5604207  0.000   0.270   27.895  0.622   3      0.000   0.000   1600    904     70.0265433    -117.5604207  -2084531.3385400  -654834.2560810  -2084531.3385400  -654834.2560810  
168     376     912     -31     -38     70.5833257    -123.8634681  5.625   0.225   23.497  0.649   3      -0.689  -0.844  345     874     70.5270078    -124.0666691  -2082931.3385400  -410034.2560810  -2090531.3385400  -403834.2560810  
169     416     912     -31     -41     70.5693218    -123.6517744  5.625   0.122   12.884  0.584   3      -0.689  -0.911  385     871     70.5079717    -123.8585674  -2082931.3385400  -418034.2560810  -2091131.3385400  -411834.2560810  
170     984     912     9       -30     70.3427731    -120.6818768  0.000   0.121   10.284  0.292   1      0.200   -0.667  993     882     70.2866198    -120.6749604  -2082931.3385400  -531634.2560810  -2088931.3385400  -533434.2560810  
171     1032    912     18      -36     70.3212911    -120.4342324  354.375  0.159   15.842  0.448   3      0.400   -0.800  1050    876     70.2506468    -120.3898394  -2082931.3385400  -541234.2560810  -2090131.3385400  -544834.2560810  
172     1128    912     26      -41     70.2772529    -119.9406161  0.000   0.169   16.827  0.509   3      0.578   -0.911  1154    871     70.1940900    -119.8641551  -2082931.3385400  -560434.2560810  -2091131.3385400  -565634.2560810  
173     1560    912     0       0       70.0616164    -117.7483220  0.000   0.284   31.230  0.595   3      0.000   0.000   1560    912     70.0616164    -117.7483220  -2082931.3385400  -646834.2560810  -2082931.3385400  -646834.2560810  
174     1280    920     28      -31     70.2184236    -119.1521749  354.375  0.163   15.906  0.522   3      0.622   -0.689  1308    889     70.1511890    -119.0546871  -2081331.3385400  -590834.2560810  -2087531.3385400  -596434.2560810  
175     1312    920     28      -29     70.2026694    -118.9892637  354.375  0.165   15.891  0.526   3      0.622   -0.644  1340    891     70.1387903    -118.8894905  -2081331.3385400  -597234.2560810  -2087131.3385400  -602834.2560810  
176     792     928     -7      -17     70.4530367    -121.6580885  0.000   0.251   26.565  0.619   3      -0.156  -0.378  785     911     70.4262347    -121.7155555  -2079731.3385400  -493234.2560810  -2083131.3385400  -491834.2560810  
177     824     928     -7      -17     70.4396999    -121.4912758  0.000   0.185   18.980  0.585   3      -0.156  -0.378  817     911     70.4129550    -121.5489354  -2079731.3385400  -499634.2560810  -2083131.3385400  -498234.2560810  
178     456     936     -7      -27     70.5972801    -123.4144152  0.000   0.153   15.094  0.447   3      -0.156  -0.600  449     909     70.5522949    -123.4805923  -2078131.3385400  -426034.2560810  -2083531.3385400  -424634.2560810  
179     944     936     6       -31     70.4021708    -120.8573783  354.375  0.184   18.773  0.711   3      0.133   -0.689  950     905     70.3455903    -120.8667416  -2078131.3385400  -523634.2560810  -2084331.3385400  -524834.2560810  
180     1488    936     0       0       70.1406963    -118.0735089  0.000   0.192   19.237  0.484   3      0.000   0.000   1488    936     70.1406963    -118.0735089  -2078131.3385400  -632434.2560810  -2078131.3385400  -632434.2560810  
181     1528    936     0       0       70.1196898    -117.8718557  0.000   0.207   22.658  0.457   3      0.000   0.000   1528    936     70.1196898    -117.8718557  -2078131.3385400  -640434.2560810  -2078131.3385400  -640434.2560810  
182     1600    936     0       0       70.0812746    -117.5099824  0.000   0.250   26.578  0.642   3      0.000   0.000   1600    936     70.0812746    -117.5099824  -2078131.3385400  -654834.2560810  -2078131.3385400  -654834.2560810  
183     528     944     -8      -25     70.5849464    -123.0249789  0.000   0.203   19.529  0.499   3      -0.178  -0.556  520     919     70.5439976    -123.0950768  -2076531.3385400  -440434.2560810  -2081531.3385400  -438834.2560810  
184     1568    944     0       0       70.1121382    -117.6580870  0.000   0.245   24.615  0.586   3      0.000   0.000   1568    944     70.1121382    -117.6580870  -2076531.3385400  -648434.2560810  -2076531.3385400  -648434.2560810  
185     1168    952     23      -40     70.3277123    -119.6795195  0.000   0.138   13.775  0.338   2      0.511   -0.889  1191    912     70.2475783    -119.6179147  -2074931.3385400  -568434.2560810  -2082931.3385400  -573034.2560810  
186     1200    952     24      -39     70.3124613    -119.5152611  0.000   0.097   8.993   0.390   2      0.533   -0.867  1224    913     70.2335191    -119.4478565  -2074931.3385400  -574834.2560810  -2082731.3385400  -579634.2560810  
187     1304    952     27      -30     70.2618074    -118.9832309  354.375  0.170   16.123  0.523   3      0.600   -0.667  1331    922     70.1966881    -118.8897250  -2074931.3385400  -595634.2560810  -2080931.3385400  -601034.2560810  
188     792     960     -8      -17     70.5089296    -121.6183836  0.000   0.294   29.103  0.716   3      -0.178  -0.378  784     943     70.4825502    -121.6812989  -2073331.3385400  -493234.2560810  -2076731.3385400  -491634.2560810  
189     832     960     -8      -16     70.4921818    -121.4093305  0.000   0.215   22.079  0.436   3      -0.178  -0.356  824     944     70.4676259    -121.4712231  -2073331.3385400  -501234.2560810  -2076531.3385400  -499634.2560810  
190     448     968     -8      -27     70.6564666    -123.4220577  0.000   0.195   18.294  0.431   3      -0.178  -0.600  440     941     70.6118291    -123.4937197  -2071731.3385400  -424434.2560810  -2077131.3385400  -422834.2560810  
191     480     968     -8      -26     70.6448477    -123.2522926  0.000   0.249   26.246  0.599   3      -0.178  -0.578  472     942     70.6020410    -123.3232151  -2071731.3385400  -430834.2560810  -2076931.3385400  -429234.2560810  
192     864     968     -8      -15     70.4925508    -121.2321319  0.000   0.167   15.636  0.451   3      -0.178  -0.333  856     953     70.4698029    -121.2929811  -2071731.3385400  -507634.2560810  -2074731.3385400  -506034.2560810  
193     1264    968     25      -32     70.3091066    -119.1643279  354.375  0.140   14.875  0.400   2      0.556   -0.711  1289    936     70.2416125    -119.0830946  -2071731.3385400  -587634.2560810  -2078131.3385400  -592634.2560810  
194     568     976     -9      -24     70.6260818    -122.7773677  0.000   0.167   16.599  0.561   3      -0.200  -0.533  559     952     70.5873629    -122.8522900  -2070131.3385400  -448434.2560810  -2074931.3385400  -446634.2560810  
195     1616    976     -1      0       70.1410061    -117.3660602  0.000   0.167   15.845  0.256   1      -0.022  0.000   1615    976     70.1415493    -117.3710879  -2070131.3385400  -658034.2560810  -2070131.3385400  -657834.2560810  
196     528     984     -9      -25     70.6552159    -122.9800102  0.000   0.217   22.198  0.559   3      -0.200  -0.556  519     959     70.6146489    -123.0557533  -2068531.3385400  -440434.2560810  -2073531.3385400  -438634.2560810  
197     968     984     13      -38     70.4750915    -120.6695157  0.000   0.224   22.767  0.499   3      0.289   -0.844  981     946     70.4032260    -120.6524581  -2068531.3385400  -528434.2560810  -2076131.3385400  -531034.2560810  
198     1128    984     22      -40     70.4019912    -119.8405898  0.000   0.211   20.491  0.521   3      0.489   -0.889  1150    944     70.3223696    -119.7832177  -2068531.3385400  -560434.2560810  -2076531.3385400  -564834.2560810  
199     1168    984     22      -40     70.3830926    -119.6343553  0.000   0.254   26.219  0.519   3      0.489   -0.889  1190    944     70.3034066    -119.5778893  -2068531.3385400  -568434.2560810  -2076531.3385400  -572834.2560810  
200     1200    984     23      -40     70.3677953    -119.4696607  0.000   0.149   14.042  0.407   3      0.511   -0.889  1223    944     70.2875764    -119.4087982  -2068531.3385400  -574834.2560810  -2076531.3385400  -579434.2560810  
201     416     992     -24     -43     70.7101770    -123.5662335  5.625   0.205   20.584  0.559   3      -0.533  -0.956  392     949     70.6429296    -123.7397661  -2066931.3385400  -418034.2560810  -2075531.3385400  -413234.2560810  
202     824     992     -7      -17     70.5514030    -121.4107128  0.000   0.110   8.788   0.281   1      -0.156  -0.378  817     975     70.5246766    -121.4688220  -2066931.3385400  -499634.2560810  -2070331.3385400  -498234.2560810  
203     1304    992     24      -30     70.3307826    -118.9244353  354.375  0.200   18.884  0.614   3      0.533   -0.667  1328    962     70.2671159    -118.8460934  -2066931.3385400  -595634.2560810  -2072931.3385400  -600434.2560810  
204     1520    992     0       0       70.2198973    -117.8249929  0.000   0.243   24.598  0.551   3      0.000   0.000   1520    992     70.2198973    -117.8249929  -2066931.3385400  -638834.2560810  -2066931.3385400  -638834.2560810  
205     600     1000    -9      -23     70.6559303    -122.5803740  0.000   0.189   18.732  0.511   3      -0.200  -0.511  591     977     70.6190482    -122.6546582  -2065331.3385400  -454834.2560810  -2069931.3385400  -453034.2560810  
206     448     1008    -9      -27     70.7268525    -123.3783947  0.000   0.102   8.873   0.211   1      -0.200  -0.600  439     981     70.6825836    -123.4557417  -2063731.3385400  -424434.2560810  -2069131.3385400  -422634.2560810  
207     480     1008    -10     -26     70.7151881    -123.2080257  0.000   0.203   21.418  0.521   3      -0.222  -0.578  470     982     70.6731203    -123.2899316  -2063731.3385400  -430834.2560810  -2068931.3385400  -428834.2560810  
208     864     1008    1       -21     70.5622992    -121.1808033  0.000   0.091   8.323   0.358   2      0.022   -0.467  865     987     70.5252533    -121.2025712  -2063731.3385400  -507634.2560810  -2067931.3385400  -507834.2560810  
209     1008    1008    13      -37     70.4988950    -120.4293178  0.000   0.158   15.099  0.328   2      0.289   -0.822  1021    971     70.4287384    -120.4117892  -2063731.3385400  -536434.2560810  -2071131.3385400  -539034.2560810  
210     1232    1008    23      -35     70.3938027    -119.2705293  0.000   0.208   20.187  0.480   3      0.511   -0.778  1255    973     70.3221404    -119.2031677  -2063731.3385400  -581234.2560810  -2070731.3385400  -585834.2560810  
211     1272    1008    24      -34     70.3742169    -119.0649557  354.375  0.192   16.273  0.491   3      0.533   -0.756  1296    974     70.3037080    -118.9918449  -2063731.3385400  -589234.2560810  -2070531.3385400  -594034.2560810  
212     376     1016    -22     -40     70.7665835    -123.7539870  5.625   0.168   16.318  0.457   3      -0.489  -0.889  354     976     70.7037356    -123.9135760  -2062131.3385400  -410034.2560810  -2070131.3385400  -405634.2560810  
213     528     1016    -10     -25     70.7114332    -122.9437950  0.000   0.186   17.515  0.396   2      -0.222  -0.556  518     991     70.6712483    -123.0251447  -2062131.3385400  -440434.2560810  -2067131.3385400  -438434.2560810  
214     928     1016    11      -35     70.5484522    -120.8356545  5.625   0.156   14.398  0.341   2      0.244   -0.778  939     981     70.4826895    -120.8243736  -2062131.3385400  -520434.2560810  -2069131.3385400  -522634.2560810  
215     1128    1016    21      -40     70.4574260    -119.7957160  0.000   0.173   15.560  0.481   3      0.467   -0.889  1149    976     70.3782488    -119.7435164  -2062131.3385400  -560434.2560810  -2070131.3385400  -564634.2560810  
216     1160    1016    22      -40     70.4422810    -119.6302549  0.000   0.194   18.395  0.516   3      0.489   -0.889  1182    976     70.3625798    -119.5736325  -2062131.3385400  -566834.2560810  -2070131.3385400  -571234.2560810  
217     336     1024    -21     -37     70.7945769    -123.9596127  5.625   0.158   16.561  0.460   3      -0.467  -0.822  315     987     70.7364889    -124.1103275  -2060531.3385400  -402034.2560810  -2067931.3385400  -397834.2560810  
218     720     1024    -10     -19     70.6504023    -121.9175797  0.000   0.189   19.347  0.449   3      -0.222  -0.422  710     1005    70.6212118    -121.9935228  -2060531.3385400  -478834.2560810  -2064331.3385400  -476834.2560810  
219     592     1032    -10     -23     70.7151575    -122.5854319  0.000   0.186   18.671  0.485   3      -0.222  -0.511  582     1009    70.6786507    -122.6652379  -2058931.3385400  -453234.2560810  -2063531.3385400  -451234.2560810  
220     960     1032    12      -38     70.5621449    -120.6472493  0.000   0.169   17.283  0.487   3      0.267   -0.844  972     994     70.4907047    -120.6354014  -2058931.3385400  -526834.2560810  -2066531.3385400  -529234.2560810  
221     1056    1032    19      -41     70.5186860    -120.1469189  0.000   0.136   12.654  0.240   1      0.422   -0.911  1075    991     70.4387918    -120.1048371  -2058931.3385400  -546034.2560810  -2067131.3385400  -549834.2560810  
222     816     1040    -9      -17     70.6385646    -121.3917542  354.375  0.103   10.111  0.425   3      -0.200  -0.378  807     1023    70.6126791    -121.4606676  -2057331.3385400  -498034.2560810  -2060731.3385400  -496234.2560810  
223     1232    1040    22      -35     70.4490835    -119.2240300  0.000   0.238   24.940  0.575   3      0.489   -0.778  1254    1005    70.3778813    -119.1617856  -2057331.3385400  -581234.2560810  -2064331.3385400  -585634.2560810  
224     1272    1040    21      -33     70.4294382    -119.0179126  354.375  0.143   16.071  0.444   3      0.467   -0.733  1293    1007    70.3621109    -118.9586722  -2057331.3385400  -589234.2560810  -2063931.3385400  -593434.2560810  
225     488     1048    -11     -26     70.7825774    -123.1207176  0.000   0.201   20.080  0.600   3      -0.244  -0.578  477     1022    70.7409100    -123.2084375  -2055731.3385400  -432434.2560810  -2060931.3385400  -430234.2560810  
226     1200    1048    23      -40     70.4784530    -119.3776695  0.000   0.129   11.046  0.280   1      0.511   -0.889  1223    1008    70.3981755    -119.3168408  -2055731.3385400  -574834.2560810  -2063731.3385400  -579434.2560810  
227     424     1056    -19     -43     70.8199991    -123.4540320  5.625   0.218   23.706  0.592   3      -0.422  -0.956  405     1013    70.7510693    -123.6022778  -2054131.3385400  -419634.2560810  -2062731.3385400  -415834.2560810  
228     1376    1056    17      -25     70.4047365    -118.4596763  354.375  0.105   9.758   0.301   1      0.378   -0.556  1393    1031    70.3530323    -118.4107195  -2054131.3385400  -610034.2560810  -2059131.3385400  -613434.2560810  
229     368     1064    -18     -39     70.8539839    -123.7456933  5.625   0.200   20.038  0.456   3      -0.400  -0.867  350     1025    70.7915065    -123.8835773  -2052531.3385400  -408434.2560810  -2060331.3385400  -404834.2560810  
230     456     1064    -17     -46     70.8224814    -123.2738928  0.000   0.125   12.318  0.329   2      -0.378  -1.022  439     1018    70.7477032    -123.4154250  -2052531.3385400  -426034.2560810  -2061731.3385400  -422634.2560810  
231     936     1064    12      -37     70.6284824    -120.7301323  0.000   0.102   9.596   0.255   2      0.267   -0.822  948     1027    70.5587744    -120.7166030  -2052531.3385400  -522034.2560810  -2059931.3385400  -524434.2560810  
232     992     1064    14      -38     70.6034428    -120.4368679  0.000   0.234   25.135  0.478   3      0.311   -0.844  1006    1026    70.5310761    -120.4153612  -2052531.3385400  -533234.2560810  -2060131.3385400  -536034.2560810  
233     1096    1064    21      -41     70.5556270    -119.8943070  0.000   0.162   15.012  0.445   3      0.467   -0.911  1117    1023    70.4747247    -119.8428360  -2052531.3385400  -554034.2560810  -2060731.3385400  -558234.2560810  
234     1128    1064    22      -41     70.5405726    -119.7279168  0.000   0.240   24.460  0.596   3      0.489   -0.911  1150    1023    70.4591499    -119.6720161  -2052531.3385400  -560434.2560810  -2060731.3385400  -564834.2560810  
235     1168    1064    24      -40     70.5215294    -119.5202998  0.000   0.117   10.818  0.291   1      0.533   -0.889  1192    1024    70.4408118    -119.4535764  -2052531.3385400  -568434.2560810  -2060531.3385400  -573234.2560810  
236     1328    1064    19      -28     70.4428696    -118.6940318  354.375  0.161   13.995  0.380   3      0.422   -0.622  1347    1036    70.3850499    -118.6386096  -2052531.3385400  -600434.2560810  -2058131.3385400  -604234.2560810  
237     1024    1072    15      -39     70.6028059    -120.2586454  0.000   0.171   17.474  0.477   2      0.333   -0.867  1039    1033    70.5282237    -120.2339811  -2050931.3385400  -539634.2560810  -2058731.3385400  -542634.2560810  
238     1496    1072    0       0       70.3697546    -117.8212908  0.000   0.299   31.501  0.597   3      0.000   0.000   1496    1072    70.3697546    -117.8212908  -2050931.3385400  -634034.2560810  -2050931.3385400  -634034.2560810  
239     496     1080    -8      -25     70.8358709    -123.0418582  0.000   0.079   7.052   0.236   1      -0.178  -0.556  488     1055    70.7948857    -123.1128523  -2049331.3385400  -434034.2560810  -2054331.3385400  -432434.2560810  
240     696     1080    -12     -19     70.7581389    -121.9758786  0.000   0.152   15.274  0.500   3      -0.267  -0.422  684     1061    70.7297184    -122.0627668  -2049331.3385400  -474034.2560810  -2053131.3385400  -471634.2560810  
241     816     1080    -3      -23     70.7083897    -121.3406180  0.000   0.143   14.148  0.409   3      -0.067  -0.511  813     1057    70.6695096    -121.3858763  -2049331.3385400  -498034.2560810  -2053931.3385400  -497434.2560810  
242     408     1088    -16     -42     70.8820921    -123.5048738  5.625   0.249   27.098  0.616   3      -0.356  -0.933  392     1046    70.8138071    -123.6362755  -2047731.3385400  -416434.2560810  -2056131.3385400  -413234.2560810  
243     584     1088    -8      -21     70.8165095    -122.5623374  0.000   0.105   9.524   0.265   1      -0.178  -0.467  576     1067    70.7827435    -122.6296247  -2047731.3385400  -451634.2560810  -2051931.3385400  -450034.2560810  
244     1056    1088    16      -40     70.6158674    -120.0692995  0.000   0.098   9.372   0.259   1      0.356   -0.889  1072    1048    70.5390575    -120.0415445  -2047731.3385400  -546034.2560810  -2055731.3385400  -549234.2560810  
245     368     1096    -15     -39     70.9103885    -123.7113940  5.625   0.307   30.809  0.657   3      -0.333  -0.867  353     1057    70.8468847    -123.8336949  -2046131.3385400  -408434.2560810  -2053931.3385400  -405434.2560810  
246     1152    1096    12      -40     70.5845689    -119.5574336  354.375  0.120   9.915   0.232   1      0.267   -0.889  1164    1056    70.5096008    -119.5525088  -2046131.3385400  -565234.2560810  -2054131.3385400  -567634.2560810  
247     664     1104    -12     -17     70.8130541    -122.1166679  0.000   0.190   18.520  0.567   3      -0.267  -0.378  652     1087    70.7880631    -122.2011793  -2044531.3385400  -467634.2560810  -2047931.3385400  -465234.2560810  
248     768     1104    -4      -24     70.7705092    -121.5639879  354.375  0.100   9.992   0.206   1      -0.089  -0.533  764     1080    70.7302323    -121.6154870  -2044531.3385400  -488434.2560810  -2049331.3385400  -487634.2560810  
249     848     1104    -2      -26     70.7365951    -121.1405703  0.000   0.081   6.968   0.203   1      -0.044  -0.578  846     1078    70.6921022    -121.1849230  -2044531.3385400  -504434.2560810  -2049731.3385400  -504034.2560810  
250     1224    1104    12      -35     70.5635567    -119.1717172  0.000   0.158   15.357  0.529   3      0.267   -0.778  1236    1069    70.4972197    -119.1609777  -2044531.3385400  -579634.2560810  -2051531.3385400  -582034.2560810  
251     1464    1104    0       0       70.4415540    -117.9344579  0.000   0.281   28.688  0.618   3      0.000   0.000   1464    1104    70.4415540    -117.9344579  -2044531.3385400  -627634.2560810  -2044531.3385400  -627634.2560810  
252     1016    1112    15      -39     70.6759395    -120.2454018  0.000   0.144   14.006  0.234   1      0.333   -0.867  1031    1073    70.6013397    -120.2206947  -2042931.3385400  -538034.2560810  -2050731.3385400  -541034.2560810  
253     552     1120    -9      -23     70.8850036    -122.6959261  0.000   0.185   20.206  0.542   3      -0.200  -0.511  543     1097    70.8480477    -122.7708882  -2041331.3385400  -445234.2560810  -2045931.3385400  -443434.2560810  
254     1288    1120    13      -30     70.5594849    -118.8162384  0.000   0.171   15.551  0.388   2      0.289   -0.667  1301    1090    70.5012472    -118.7940769  -2041331.3385400  -592434.2560810  -2047331.3385400  -595034.2560810  
255     432     1128    -13     -43     70.9438660    -123.3316195  0.000   0.122   13.252  0.509   3      -0.289  -0.956  419     1085    70.8728596    -123.4490681  -2039731.3385400  -421234.2560810  -2048331.3385400  -418634.2560810  
256     1056    1128    -3      -37     70.6852777    -120.0133699  5.625   0.108   8.774   0.266   1      -0.067  -0.822  1053    1091    70.6224612    -120.0807977  -2039731.3385400  -546034.2560810  -2047131.3385400  -545434.2560810  
257     1184    1128    4       -38     70.6245289    -119.3444836  354.375  0.205   21.127  0.412   3      0.089   -0.844  1188    1090    70.5568777    -119.3789972  -2039731.3385400  -571634.2560810  -2047331.3385400  -572434.2560810  
258     1384    1128    8       -26     70.5244844    -118.3081044  0.000   0.129   12.893  0.314   2      0.178   -0.578  1392    1102    70.4756470    -118.3070574  -2039731.3385400  -611634.2560810  -2044931.3385400  -613234.2560810  
259     368     1136    -12     -39     70.9808973    -123.6682287  5.625   0.109   9.138   0.262   1      -0.267  -0.867  356     1097    70.9163619    -123.7749688  -2038131.3385400  -408434.2560810  -2045931.3385400  -406034.2560810  
260     632     1136    -11     -17     70.8818872    -122.2486035  0.000   0.208   20.887  0.462   3      -0.244  -0.378  621     1119    70.8564332    -122.3279056  -2038131.3385400  -461234.2560810  -2041531.3385400  -459034.2560810  
261     896     1144    -11     -29     70.7854422    -120.8340452  0.000   0.143   12.923  0.379   2      -0.244  -0.644  885     1115    70.7397322    -120.9307189  -2036531.3385400  -514034.2560810  -2042331.3385400  -511834.2560810  
262     1104    1144    0       -39     70.6905274    -119.7392090  0.000   0.229   23.442  0.551   3      0.000   -0.867  1104    1105    70.6229385    -119.7947351  -2036531.3385400  -555634.2560810  -2044331.3385400  -555634.2560810  
263     1464    1144    0       0       70.5101896    -117.8713367  0.000   0.205   20.983  0.510   3      0.000   0.000   1464    1144    70.5101896    -117.8713367  -2036531.3385400  -627634.2560810  -2036531.3385400  -627634.2560810  
264     816     1152    -11     -24     70.8340716    -121.2476164  0.000   0.104   10.587  0.345   2      -0.244  -0.533  805     1128    70.7968567    -121.3370899  -2034931.3385400  -498034.2560810  -2039731.3385400  -495834.2560810  
265     864     1152    -11     -27     70.8133799    -120.9928724  5.625   0.195   19.950  0.590   3      -0.244  -0.600  853     1125    70.7710662    -121.0866830  -2034931.3385400  -507634.2560810  -2040331.3385400  -505434.2560810  
266     1224    1152    2       -35     70.6464763    -119.1008121  354.375  0.265   26.662  0.636   3      0.044   -0.778  1226    1117    70.5850339    -119.1421883  -2034931.3385400  -579634.2560810  -2041931.3385400  -580034.2560810  
267     696     1160    -10     -17     70.8981753    -121.8769273  0.000   0.199   18.356  0.443   3      -0.222  -0.378  686     1143    70.8724835    -121.9514609  -2033331.3385400  -474034.2560810  -2036731.3385400  -472034.2560810  
268     1376    1160    7       -26     70.5836491    -118.2998547  0.000   0.168   15.871  0.427   3      0.156   -0.578  1383    1134    70.5353192    -118.3039828  -2033331.3385400  -610034.2560810  -2038531.3385400  -611434.2560810  
269     656     1168    -10     -15     70.9283847    -122.0810933  5.625   0.172   17.434  0.382   2      -0.222  -0.333  646     1153    70.9061088    -122.1530253  -2031731.3385400  -466034.2560810  -2034731.3385400  -464034.2560810  
270     776     1168    -10     -21     70.8789859    -121.4397896  5.625   0.275   28.173  0.586   3      -0.222  -0.467  766     1147    70.8464920    -121.5199478  -2031731.3385400  -490034.2560810  -2035931.3385400  -488034.2560810  
271     1312    1168    6       -27     70.6301439    -118.6191235  0.000   0.253   26.129  0.573   3      0.133   -0.600  1318    1141    70.5805839    -118.6291520  -2031731.3385400  -597234.2560810  -2037131.3385400  -598434.2560810  
272     424     1176    -5      -27     71.0312876    -123.3212652  5.625   0.191   17.910  0.601   3      -0.111  -0.600  419     1149    70.9855584    -123.3784025  -2030131.3385400  -419634.2560810  -2035531.3385400  -418634.2560810  
273     1048    1176    -8      -37     70.7722925    -119.9878299  0.000   0.132   14.637  0.276   1      -0.178  -0.822  1040    1139    70.7117846    -120.0819055  -2030131.3385400  -544434.2560810  -2037531.3385400  -542834.2560810  
274     1440    1176    0       0       70.5777759    -117.9442455  0.000   0.194   19.863  0.506   3      0.000   0.000   1440    1176    70.5777759    -117.9442455  -2030131.3385400  -622834.2560810  -2030131.3385400  -622834.2560810  
275     848     1184    -9      -25     70.8761322    -121.0355166  5.625   0.239   23.857  0.631   3      -0.200  -0.556  839     1159    70.8364152    -121.1162992  -2028531.3385400  -504434.2560810  -2033531.3385400  -502634.2560810  
276     992     1184    -9      -34     70.8120089    -120.2720177  0.000   0.248   25.886  0.611   3      -0.200  -0.756  983     1150    70.7570101    -120.3665214  -2028531.3385400  -533234.2560810  -2035331.3385400  -531434.2560810  
277     1168    1184    -1      -38     70.7291433    -119.3460864  354.375  0.170   15.973  0.461   3      -0.022  -0.844  1167    1146    70.6638875    -119.4068874  -2028531.3385400  -568434.2560810  -2036131.3385400  -568234.2560810  
278     1272    1184    -1      -30     70.6778801    -118.8028281  354.375  0.161   14.355  0.361   2      -0.022  -0.667  1271    1154    70.6266286    -118.8532974  -2028531.3385400  -589234.2560810  -2034531.3385400  -589034.2560810  
279     1472    1184    0       0       70.5745641    -117.7665264  0.000   0.247   25.327  0.520   3      0.000   0.000   1472    1184    70.5745641    -117.7665264  -2028531.3385400  -629234.2560810  -2028531.3385400  -629234.2560810  
280     1504    1184    0       0       70.5574611    -117.6017729  0.000   0.240   23.901  0.362   2      0.000   0.000   1504    1184    70.5574611    -117.6017729  -2028531.3385400  -635634.2560810  -2028531.3385400  -635634.2560810  
281     344     1192    6       -27     71.0880925    -123.7376952  5.625   0.303   32.270  0.749   3      0.133   -0.600  350     1165    71.0383682    -123.7343146  -2026931.3385400  -403634.2560810  -2032331.3385400  -404834.2560810  
282     816     1192    -9      -24     70.9038925    -121.1954103  5.625   0.206   22.430  0.608   3      -0.200  -0.533  807     1168    70.8658445    -121.2746739  -2026931.3385400  -498034.2560810  -2031731.3385400  -496234.2560810  
283     1392    1192    9       4       70.6303858    -118.1671673  0.000   0.131   11.918  0.330   2      0.200   0.089   1401    1196    70.6325731    -118.1142790  -2026931.3385400  -613234.2560810  -2026131.3385400  -615034.2560810  
284     312     1200    7       -23     71.1133647    -123.9032677  5.625   0.294   29.888  0.684   3      0.156   -0.511  319     1177    71.0703521    -123.8897385  -2025331.3385400  -397234.2560810  -2029931.3385400  -398634.2560810  
285     528     1200    -33     -19     71.0347070    -122.7313139  5.625   0.146   12.563  0.532   3      -0.733  -0.422  495     1181    71.0138191    -122.9316918  -2025331.3385400  -440434.2560810  -2029131.3385400  -433834.2560810  
286     704     1200    -8      -18     70.9649103    -121.7839907  5.625   0.198   16.019  0.567   3      -0.178  -0.400  696     1182    70.9366852    -121.8494563  -2025331.3385400  -475634.2560810  -2028931.3385400  -474034.2560810  
287     752     1200    -8      -20     70.9449943    -121.5268787  5.625   0.180   20.184  0.554   3      -0.178  -0.444  744     1180    70.9133699    -121.5952087  -2025331.3385400  -485234.2560810  -2029331.3385400  -483634.2560810  
288     1240    1200    -2      -33     70.7214573    -118.9456473  354.375  0.182   18.126  0.456   3      -0.044  -0.733  1238    1167    70.6654730    -119.0055416  -2025331.3385400  -582834.2560810  -2031931.3385400  -582434.2560810  
289     600     1208    -7      -12     71.0208032    -122.3332338  5.625   0.216   20.431  0.638   3      -0.156  -0.267  593     1196    71.0025048    -122.3854506  -2023731.3385400  -454834.2560810  -2026131.3385400  -453434.2560810  
290     1040    1208    -8      -36     70.8315544    -119.9847573  0.000   0.186   18.900  0.540   3      -0.178  -0.800  1032    1172    70.7727740    -120.0777341  -2023731.3385400  -542834.2560810  -2030931.3385400  -541234.2560810  
291     1168    1216    -6      -38     70.7844979    -119.2989819  0.000   0.144   14.185  0.318   2      -0.133  -0.844  1162    1178    70.7216679    -119.3863030  -2022131.3385400  -568434.2560810  -2029731.3385400  -567234.2560810  
292     1200    1216    -4      -36     70.7688572    -119.1310612  354.375  0.096   11.008  0.477   3      -0.089  -0.800  1196    1180    70.7085943    -119.2054539  -2022131.3385400  -574834.2560810  -2029331.3385400  -574034.2560810  
293     384     1224    10      -8      71.1303049    -123.4849562  354.375  0.169   16.870  0.348   2      0.222   -0.178  394     1216    71.1126102    -123.4394209  -2020531.3385400  -411634.2560810  -2022131.3385400  -413634.2560810  
294     816     1224    -7      -24     70.9597479    -121.1533647  0.000   0.147   14.531  0.469   3      -0.156  -0.533  809     1200    70.9208571    -121.2222755  -2020531.3385400  -498034.2560810  -2025331.3385400  -496634.2560810  
295     1096    1224    -8      -40     70.8329625    -119.6662511  5.625   0.186   19.889  0.482   3      -0.178  -0.889  1088    1184    70.7674183    -119.7659561  -2020531.3385400  -554034.2560810  -2028531.3385400  -552434.2560810  
296     1416    1224    0       0       70.6728280    -117.9923285  0.000   0.186   21.287  0.421   3      0.000   0.000   1416    1224    70.6728280    -117.9923285  -2020531.3385400  -618034.2560810  -2020531.3385400  -618034.2560810  
297     320     1232    11      -24     71.1670577    -123.8252603  5.625   0.194   19.477  0.345   2      0.244   -0.533  331     1208    71.1208713    -123.7911553  -2018931.3385400  -398834.2560810  -2023731.3385400  -401034.2560810  
298     352     1232    8       -10     71.1558165    -123.6505606  0.000   0.111   9.799   0.206   1      0.178   -0.222  360     1222    71.1353472    -123.6178996  -2018931.3385400  -405234.2560810  -2020931.3385400  -406834.2560810  
299     680     1232    -6      -16     71.0307618    -121.8726989  5.625   0.210   20.780  0.627   3      -0.133  -0.356  674     1216    71.0051880    -121.9250118  -2018931.3385400  -470834.2560810  -2022131.3385400  -469634.2560810  
300     720     1232    -6      -18     71.0142960    -121.6575651  5.625   0.204   21.243  0.607   3      -0.133  -0.400  714     1214    70.9852880    -121.7126613  -2018931.3385400  -478834.2560810  -2022531.3385400  -477634.2560810  
301     624     1240    -6      -13     71.0673993    -122.1646837  5.625   0.280   30.012  0.713   3      -0.133  -0.289  618     1227    71.0469971    -122.2130255  -2017331.3385400  -459634.2560810  -2019931.3385400  -458434.2560810  
302     1128    1240    -6      -41     70.8453795    -119.4741899  0.000   0.090   8.622   0.214   1      -0.133  -0.911  1122    1199    70.7772550    -119.5655639  -2017331.3385400  -560434.2560810  -2025531.3385400  -559234.2560810  
303     1248    1240    -1      -33     70.7865158    -118.8433473  0.000   0.198   20.740  0.537   3      -0.022  -0.733  1247    1207    70.7300583    -118.8985237  -2017331.3385400  -584434.2560810  -2023931.3385400  -584234.2560810  
304     1040    1248    -6      -36     70.9009797    -119.9278715  5.625   0.216   23.286  0.621   3      -0.133  -0.800  1034    1212    70.8412888    -120.0107972  -2015731.3385400  -542834.2560810  -2022931.3385400  -541634.2560810  
305     1160    1248    -6      -38     70.8437453    -119.2937377  0.000   0.239   26.055  0.523   3      -0.133  -0.844  1154    1210    70.7809073    -119.3813503  -2015731.3385400  -566834.2560810  -2023331.3385400  -565634.2560810  
306     304     1264    4       -16     71.2291013    -123.8783085  0.000   0.257   27.211  0.576   3      0.089   -0.356  308     1248    71.1994700    -123.8736309  -2012531.3385400  -395634.2560810  -2015731.3385400  -396434.2560810  
307     560     1264    0       0       71.1347678    -122.4819071  0.000   0.224   20.805  0.259   1      0.000   0.000   560     1264    71.1347678    -122.4819071  -2012531.3385400  -446834.2560810  -2012531.3385400  -446834.2560810  
308     800     1264    -4      -23     71.0364553    -121.1863304  5.625   0.190   23.278  0.639   3      -0.089  -0.511  796     1241    70.9980071    -121.2380651  -2012531.3385400  -494834.2560810  -2017131.3385400  -494034.2560810  
309     936     1264    -5      -31     70.9765642    -120.4584260  5.625   0.218   23.867  0.588   3      -0.111  -0.689  931     1233    70.9248651    -120.5278078  -2012531.3385400  -522034.2560810  -2018731.3385400  -521034.2560810  
310     1320    1264    2       -28     70.7914448    -118.4294812  0.000   0.129   12.035  0.518   3      0.044   -0.622  1322    1236    70.7421980    -118.4625136  -2012531.3385400  -598834.2560810  -2018131.3385400  -599234.2560810  
311     600     1272    -4      -12     71.1330757    -122.2552326  0.000   0.208   21.863  0.689   3      -0.089  -0.267  596     1260    71.1136085    -122.2915926  -2010931.3385400  -454834.2560810  -2013331.3385400  -454034.2560810  
312     720     1280    -3      -18     71.0982687    -121.5961142  5.625   0.193   18.146  0.476   3      -0.067  -0.400  717     1262    71.0680269    -121.6353881  -2009331.3385400  -478834.2560810  -2012931.3385400  -478234.2560810  
313     752     1280    -4      -20     71.0848440    -121.4235505  5.625   0.207   20.595  0.455   3      -0.089  -0.444  748     1260    71.0515661    -121.4710468  -2009331.3385400  -485234.2560810  -2013331.3385400  -484434.2560810  
314     976     1280    -4      -33     70.9861937    -120.2227646  0.000   0.205   21.399  0.569   3      -0.089  -0.733  972     1247    70.9306530    -120.2903060  -2009331.3385400  -530034.2560810  -2015931.3385400  -529234.2560810  
315     1016    1280    -4      -35     70.9677226    -120.0096966  5.625   0.281   27.903  0.649   3      -0.089  -0.778  1012    1245    70.9087933    -120.0806305  -2009331.3385400  -538034.2560810  -2016331.3385400  -537234.2560810  
316     1232    1280    -3      -34     70.8635567    -118.8665618  0.000   0.230   23.598  0.591   3      -0.067  -0.756  1229    1246    70.8063477    -118.9339031  -2009331.3385400  -581234.2560810  -2016131.3385400  -580634.2560810  
317     872     1288    -3      -27     71.0469535    -120.7678169  5.625   0.220   23.530  0.575   3      -0.067  -0.600  869     1261    71.0012151    -120.8204987  -2007731.3385400  -509234.2560810  -2013131.3385400  -508634.2560810  
318     1200    1288    -5      -36     70.8932803    -119.0230348  354.375  0.185   20.380  0.434   3      -0.111  -0.800  1195    1252    70.8335347    -119.1035254  -2007731.3385400  -574834.2560810  -2014931.3385400  -573834.2560810  
319     1304    1296    2       -28     70.8547575    -118.4634820  0.000   0.139   13.220  0.315   2      0.044   -0.622  1306    1268    70.8054954    -118.4965364  -2006131.3385400  -595634.2560810  -2011731.3385400  -596034.2560810  
320     656     1304    -2      -15     71.1666615    -121.9117900  5.625   0.325   35.251  0.760   3      -0.044  -0.333  654     1289    71.1411943    -121.9415097  -2004531.3385400  -466034.2560810  -2007531.3385400  -465634.2560810  
321     800     1304    -2      -23     71.1062975    -121.1333243  5.625   0.193   18.920  0.474   3      -0.044  -0.511  798     1281    71.0669983    -121.1746066  -2004531.3385400  -494834.2560810  -2009131.3385400  -494434.2560810  
322     1064    1304    -2      -38     70.9868417    -119.7197727  5.625   0.167   16.178  0.426   3      -0.044  -0.844  1062    1266    70.9218802    -119.7854091  -2004531.3385400  -547634.2560810  -2012131.3385400  -547234.2560810  
323     1104    1304    -5      -35     70.9677614    -119.5072059  0.000   0.157   17.176  0.587   3      -0.111  -0.778  1099    1269    70.9095152    -119.5850106  -2004531.3385400  -555634.2560810  -2011531.3385400  -554634.2560810  
324     840     1312    -2      -25     71.1028803    -120.9071934  5.625   0.217   23.390  0.625   3      -0.044  -0.556  838     1287    71.0601457    -120.9516337  -2002931.3385400  -502834.2560810  -2007931.3385400  -502434.2560810  
325     624     1320    -1      -13     71.2076641    -122.0655075  5.625   0.247   25.121  0.656   3      -0.022  -0.289  623     1307    71.1852732    -122.0871587  -2001331.3385400  -459634.2560810  -2003931.3385400  -459434.2560810  
326     720     1320    -1      -18     71.1682445    -121.5444791  5.625   0.151   17.232  0.495   3      -0.022  -0.400  719     1302    71.1371733    -121.5731703  -2001331.3385400  -478834.2560810  -2004931.3385400  -478634.2560810  
327     992     1320    -2      -34     71.0483399    -120.0807208  5.625   0.187   22.531  0.585   3      -0.044  -0.756  990     1286    70.9901845    -120.1396605  -2001331.3385400  -533234.2560810  -2008131.3385400  -532834.2560810  
328     872     1328    -1      -27     71.1166700    -120.7132070  5.625   0.206   21.340  0.627   3      -0.022  -0.600  871     1301    71.0700543    -120.7554823  -1999731.3385400  -509234.2560810  -2005131.3385400  -509034.2560810  
329     1136    1328    -4      -37     70.9938537    -119.3017226  0.000   0.142   14.137  0.325   2      -0.089  -0.822  1132    1291    70.9317483    -119.3779400  -1999731.3385400  -562034.2560810  -2007131.3385400  -561234.2560810  
330     1224    1328    -3      -33     70.9504287    -118.8354484  0.000   0.274   28.912  0.559   3      -0.067  -0.733  1221    1295    70.8949445    -118.9016747  -1999731.3385400  -579634.2560810  -2006331.3385400  -579034.2560810  
331     672     1336    0       -16     71.2161665    -121.7843244  5.625   0.249   26.778  0.688   3      0.000   -0.356  672     1320    71.1881449    -121.8047156  -1998131.3385400  -469234.2560810  -2001331.3385400  -469234.2560810  
332     960     1336    -1      -32     71.0908948    -120.2293490  5.625   0.211   21.582  0.622   3      -0.022  -0.711  959     1304    71.0357044    -120.2798031  -1998131.3385400  -526834.2560810  -2004531.3385400  -526634.2560810  
333     1048    1336    -4      -32     71.0499209    -119.7585113  0.000   0.132   11.989  0.299   1      -0.089  -0.711  1044    1304    70.9962856    -119.8262184  -1998131.3385400  -544434.2560810  -2004531.3385400  -543634.2560810  
334     1104    1336    -3      -36     71.0231968    -119.4599771  0.000   0.217   19.235  0.550   3      -0.067  -0.800  1101    1300    70.9622710    -119.5290118  -1998131.3385400  -555634.2560810  -2005331.3385400  -555034.2560810  
335     1168    1344    -3      -32     71.0058735    -119.1077685  0.000   0.204   20.683  0.507   3      -0.067  -0.711  1165    1312    70.9520079    -119.1718815  -1996531.3385400  -568434.2560810  -2002931.3385400  -567834.2560810  
336     880     1360    1       -27     71.1688737    -120.6260588  5.625   0.232   23.654  0.485   3      0.022   -0.600  881     1333    71.1213814    -120.6579087  -1993331.3385400  -510834.2560810  -1998731.3385400  -511034.2560810  
337     920     1360    1       -30     71.1508814    -120.4104893  5.625   0.249   27.282  0.668   3      0.022   -0.667  921     1330    71.0982084    -120.4470425  -1993331.3385400  -518834.2560810  -1999331.3385400  -519034.2560810  
338     1128    1376    -2      -32     71.0808326    -119.2724263  0.000   0.409   45.781  0.732   3      -0.044  -0.711  1126    1344    71.0264103    -119.3309998  -1990131.3385400  -560434.2560810  -1996531.3385400  -560034.2560810  
339     1008    1384    -2      -30     71.1520608    -119.9030263  5.625   0.187   19.237  0.637   3      -0.044  -0.667  1006    1354    71.1008954    -119.9570932  -1988531.3385400  -536434.2560810  -1994531.3385400  -536034.2560810  
340     1168    1384    -2      -32     71.0750384    -119.0470805  0.000   0.283   25.105  0.588   3      -0.044  -0.711  1166    1352    71.0206922    -119.1062931  -1988531.3385400  -568434.2560810  -1994931.3385400  -568034.2560810  
341     1208    1384    -2      -33     71.0551403    -118.8342154  0.000   0.353   40.461  0.708   3      -0.044  -0.733  1206    1351    70.9991416    -118.8955151  -1988531.3385400  -576434.2560810  -1995131.3385400  -576034.2560810  
342     1264    1384    0       0       71.0268544    -118.5369740  0.000   0.266   28.543  0.508   3      0.000   0.000   1264    1384    71.0268544    -118.5369740  -1988531.3385400  -587634.2560810  -1988531.3385400  -587634.2560810  
343     1096    1392    -2      -32     71.1240686    -119.4194482  0.000   0.348   38.631  0.677   3      -0.044  -0.711  1094    1360    71.0695911    -119.4777274  -1986931.3385400  -554034.2560810  -1993331.3385400  -553634.2560810  
344     976     1400    -1      -27     71.1947774    -120.0520794  0.000   0.183   19.052  0.518   3      -0.022  -0.600  975     1373    71.1483126    -120.0961940  -1985331.3385400  -530034.2560810  -1990731.3385400  -529834.2560810  
345     728     1408    4       -19     71.3188025    -121.3858357  5.625   0.211   20.090  0.589   3      0.089   -0.422  732     1389    71.2838799    -121.3891119  -1983731.3385400  -480434.2560810  -1987531.3385400  -481234.2560810  
346     792     1408    4       -23     71.2913543    -121.0371377  5.625   0.170   18.635  0.576   3      0.089   -0.511  796     1385    71.2494572    -121.0464667  -1983731.3385400  -493234.2560810  -1988331.3385400  -494034.2560810  
347     944     1408    -1      -26     71.2234578    -120.2132345  0.000   0.165   15.444  0.371   2      -0.022  -0.578  943     1382    71.1786890    -120.2555946  -1983731.3385400  -523634.2560810  -1988931.3385400  -523434.2560810  
348     1136    1408    -2      -32     71.1323048    -119.1814198  0.000   0.427   47.919  0.697   3      -0.044  -0.711  1134    1376    71.0779049    -119.2404219  -1983731.3385400  -562034.2560810  -1990131.3385400  -561634.2560810  
349     664     1416    0       0       71.3595834    -121.7252364  0.000   0.297   32.345  0.646   3      0.000   0.000   664     1416    71.3595834    -121.7252364  -1982131.3385400  -467634.2560810  -1982131.3385400  -467634.2560810  
350     848     1416    4       -26     71.2807317    -120.7218434  0.000   0.103   13.175  0.441   3      0.089   -0.578  852     1390    71.2336221    -120.7360151  -1982131.3385400  -504434.2560810  -1987331.3385400  -505234.2560810  
351     1184    1416    -2      -33     71.1224114    -118.9127702  0.000   0.238   23.048  0.295   1      -0.044  -0.733  1182    1383    71.0663748    -118.9740550  -1982131.3385400  -571634.2560810  -1988731.3385400  -571234.2560810  
352     1224    1416    0       0       71.1023485    -118.6995076  0.000   0.346   37.739  0.592   3      0.000   0.000   1224    1416    71.1023485    -118.6995076  -1982131.3385400  -579634.2560810  -1982131.3385400  -579634.2560810  
353     1256    1416    0       0       71.0861141    -118.5292309  0.000   0.388   42.906  0.803   3      0.000   0.000   1256    1416    71.0861141    -118.5292309  -1982131.3385400  -586034.2560810  -1982131.3385400  -586034.2560810  
354     760     1432    5       -20     71.3471046    -121.1791924  0.000   0.101   10.590  0.361   2      0.111   -0.444  765     1412    71.3100062    -121.1787574  -1978931.3385400  -486834.2560810  -1982931.3385400  -487834.2560810  
355     912     1432    0       -25     71.2798477    -120.3522571  0.000   0.124   12.876  0.376   2      0.000   -0.556  912     1407    71.2363261    -120.3875911  -1978931.3385400  -517234.2560810  -1983931.3385400  -517234.2560810  
356     1024    1448    0       0       71.2556315    -119.7233320  0.000   0.389   43.243  0.697   3      0.000   0.000   1024    1448    71.2556315    -119.7233320  -1975731.3385400  -539634.2560810  -1975731.3385400  -539634.2560810  
357     1104    1448    0       0       71.2171874    -119.2924421  0.000   0.346   38.695  0.565   3      0.000   0.000   1104    1448    71.2171874    -119.2924421  -1975731.3385400  -555634.2560810  -1975731.3385400  -555634.2560810  
358     1264    1448    0       0       71.1371997    -118.4361433  0.000   0.343   36.949  0.635   3      0.000   0.000   1264    1448    71.1371997    -118.4361433  -1975731.3385400  -587634.2560810  -1975731.3385400  -587634.2560810  
359     1296    1456    0       0       71.1344886    -118.2529764  0.000   0.514   60.003  0.852   3      0.000   0.000   1296    1456    71.1344886    -118.2529764  -1974131.3385400  -594034.2560810  -1974131.3385400  -594034.2560810  
360     888     1464    0       0       71.3464602    -120.4373175  0.000   0.291   28.780  0.493   3      0.000   0.000   888     1464    71.3464602    -120.4373175  -1972531.3385400  -512434.2560810  -1972531.3385400  -512434.2560810  
361     992     1464    0       0       71.2985110    -119.8728073  0.000   0.426   47.810  0.753   3      0.000   0.000   992     1464    71.2985110    -119.8728073  -1972531.3385400  -533234.2560810  -1972531.3385400  -533234.2560810  
362     1064    1464    0       0       71.2642784    -119.4837396  0.000   0.403   46.837  0.764   3      0.000   0.000   1064    1464    71.2642784    -119.4837396  -1972531.3385400  -547634.2560810  -1972531.3385400  -547634.2560810  
363     848     1472    0       0       71.3783770    -120.6440511  0.000   0.368   39.661  0.694   3      0.000   0.000   848     1472    71.3783770    -120.6440511  -1970931.3385400  -504434.2560810  -1970931.3385400  -504434.2560810  
364     920     1472    0       0       71.3458187    -120.2518666  0.000   0.397   44.213  0.707   3      0.000   0.000   920     1472    71.3458187    -120.2518666  -1970931.3385400  -518834.2560810  -1970931.3385400  -518834.2560810  
365     1176    1472    0       0       71.2231804    -118.8690333  0.000   0.403   45.432  0.721   3      0.000   0.000   1176    1472    71.2231804    -118.8690333  -1970931.3385400  -570034.2560810  -1970931.3385400  -570034.2560810  
366     1024    1480    0       0       71.3111692    -119.6760158  0.000   0.440   49.347  0.777   3      0.000   0.000   1024    1480    71.3111692    -119.6760158  -1969331.3385400  -539634.2560810  -1969331.3385400  -539634.2560810  
367     1136    1488    0       0       71.2707264    -119.0593071  0.000   0.441   49.445  0.776   3      0.000   0.000   1136    1488    71.2707264    -119.0593071  -1967731.3385400  -562034.2560810  -1967731.3385400  -562034.2560810  
368     1208    1488    0       0       71.2347286    -118.6723928  0.000   0.283   30.737  0.612   3      0.000   0.000   1208    1488    71.2347286    -118.6723928  -1967731.3385400  -576434.2560810  -1967731.3385400  -576434.2560810  
369     1280    1488    0       0       71.1978966    -118.2870032  0.000   0.367   39.685  0.719   3      0.000   0.000   1280    1488    71.1978966    -118.2870032  -1967731.3385400  -590834.2560810  -1967731.3385400  -590834.2560810  
370     1320    1488    0       0       71.1770758    -118.0735662  0.000   0.290   31.169  0.641   3      0.000   0.000   1320    1488    71.1770758    -118.0735662  -1967731.3385400  -598834.2560810  -1967731.3385400  -598834.2560810  
371     960     1496    0       0       71.3690850    -119.9997022  0.000   0.412   46.019  0.737   3      0.000   0.000   960     1496    71.3690850    -119.9997022  -1966131.3385400  -526834.2560810  -1966131.3385400  -526834.2560810  
372     1248    1496    0       0       71.2281650    -118.4453726  0.000   0.385   43.680  0.770   3      0.000   0.000   1248    1496    71.2281650    -118.4453726  -1966131.3385400  -584434.2560810  -1966131.3385400  -584434.2560810  
373     864     1512    0       0       71.4409290    -120.5003914  0.000   0.413   46.604  0.835   3      0.000   0.000   864     1512    71.4409290    -120.5003914  -1962931.3385400  -507634.2560810  -1962931.3385400  -507634.2560810  
374     928     1512    0       0       71.4117451    -120.1507515  0.000   0.354   37.320  0.740   3      0.000   0.000   928     1512    71.4117451    -120.1507515  -1962931.3385400  -520434.2560810  -1962931.3385400  -520434.2560810  
375     1096    1512    0       0       71.3319300    -119.2383644  0.000   0.373   41.669  0.750   3      0.000   0.000   1096    1512    71.3319300    -119.2383644  -1962931.3385400  -554034.2560810  -1962931.3385400  -554034.2560810  
376     1176    1512    0       0       71.2923041    -118.8067299  0.000   0.315   34.097  0.720   3      0.000   0.000   1176    1512    71.2923041    -118.8067299  -1962931.3385400  -570034.2560810  -1962931.3385400  -570034.2560810  
377     1000    1520    0       0       71.3919971    -119.7469013  0.000   0.374   42.009  0.691   3      0.000   0.000   1000    1520    71.3919971    -119.7469013  -1961331.3385400  -534834.2560810  -1961331.3385400  -534834.2560810  
378     1032    1520    0       0       71.3767607    -119.5730247  0.000   0.408   46.329  0.774   3      0.000   0.000   1032    1520    71.3767607    -119.5730247  -1961331.3385400  -541234.2560810  -1961331.3385400  -541234.2560810  
379     1128    1520    0       0       71.3300469    -119.0531491  0.000   0.427   50.057  0.785   3      0.000   0.000   1128    1520    71.3300469    -119.0531491  -1961331.3385400  -560434.2560810  -1961331.3385400  -560434.2560810  
380     1272    1528    0       0       71.2709577    -118.2654946  0.000   0.346   37.642  0.746   3      0.000   0.000   1272    1528    71.2709577    -118.2654946  -1959731.3385400  -589234.2560810  -1959731.3385400  -589234.2560810  
381     1304    1528    0       0       71.2542971    -118.0940488  0.000   0.308   33.114  0.621   3      0.000   0.000   1304    1528    71.2542971    -118.0940488  -1959731.3385400  -595634.2560810  -1959731.3385400  -595634.2560810  
382     1344    1528    0       0       71.2332410    -117.8801795  0.000   0.268   28.652  0.449   3      0.000   0.000   1344    1528    71.2332410    -117.8801795  -1959731.3385400  -603634.2560810  -1959731.3385400  -603634.2560810  
383     960     1536    0       0       71.4386192    -119.9411963  0.000   0.415   45.939  0.805   3      0.000   0.000   960     1536    71.4386192    -119.9411963  -1958131.3385400  -526834.2560810  -1958131.3385400  -526834.2560810  
384     872     1544    0       0       71.4930738    -120.4110793  0.000   0.496   59.170  0.879   3      0.000   0.000   872     1544    71.4930738    -120.4110793  -1956531.3385400  -509234.2560810  -1956531.3385400  -509234.2560810  
385     1064    1544    0       0       71.4029571    -119.3630359  0.000   0.411   47.012  0.755   3      0.000   0.000   1064    1544    71.4029571    -119.3630359  -1956531.3385400  -547634.2560810  -1956531.3385400  -547634.2560810  
386     1240    1544    0       0       71.3150481    -118.4116477  0.000   0.373   42.514  0.765   3      0.000   0.000   1240    1544    71.3150481    -118.4116477  -1956531.3385400  -582834.2560810  -1956531.3385400  -582834.2560810  
387     1128    1552    0       0       71.3854140    -119.0036096  0.000   0.431   49.720  0.767   3      0.000   0.000   1128    1552    71.3854140    -119.0036096  -1954931.3385400  -560434.2560810  -1954931.3385400  -560434.2560810  
388     1208    1552    0       0       71.3452146    -118.5712340  0.000   0.477   55.740  0.808   3      0.000   0.000   1208    1552    71.3452146    -118.5712340  -1954931.3385400  -576434.2560810  -1954931.3385400  -576434.2560810  
389     1000    1560    0       0       71.4614524    -119.6873581  0.000   0.350   36.906  0.656   3      0.000   0.000   1000    1560    71.4614524    -119.6873581  -1953331.3385400  -534834.2560810  -1953331.3385400  -534834.2560810  
390     1160    1560    0       0       71.3832873    -118.8178800  0.000   0.321   35.248  0.625   3      0.000   0.000   1160    1560    71.3832873    -118.8178800  -1953331.3385400  -566834.2560810  -1953331.3385400  -566834.2560810  
391     1296    1560    0       0       71.3135731    -118.0847801  0.000   0.371   40.143  0.730   3      0.000   0.000   1296    1560    71.3135731    -118.0847801  -1953331.3385400  -594034.2560810  -1953331.3385400  -594034.2560810  
392     872     1576    0       0       71.5488264    -120.3652532  0.000   0.338   37.767  0.787   3      0.000   0.000   872     1576    71.5488264    -120.3652532  -1950131.3385400  -509234.2560810  -1950131.3385400  -509234.2560810  
393     912     1584    0       0       71.5444183    -120.1337774  0.000   0.365   39.141  0.669   3      0.000   0.000   912     1584    71.5444183    -120.1337774  -1948531.3385400  -517234.2560810  -1948531.3385400  -517234.2560810  
394     1216    1584    0       0       71.3963587    -118.4769445  0.000   0.471   53.907  0.757   3      0.000   0.000   1216    1584    71.3963587    -118.4769445  -1948531.3385400  -578034.2560810  -1948531.3385400  -578034.2560810  
395     992     1592    0       0       71.5208221    -119.6831871  0.000   0.338   35.776  0.806   3      0.000   0.000   992     1592    71.5208221    -119.6831871  -1946931.3385400  -533234.2560810  -1946931.3385400  -533234.2560810  
396     1080    1600    0       0       71.4921877    -119.1901569  0.000   0.436   51.333  0.805   3      0.000   0.000   1080    1600    71.4921877    -119.1901569  -1945331.3385400  -550834.2560810  -1945331.3385400  -550834.2560810  
397     1136    1616    0       0       71.4921338    -118.8600617  0.000   0.455   51.460  0.803   3      0.000   0.000   1136    1616    71.4921338    -118.8600617  -1942131.3385400  -562034.2560810  -1942131.3385400  -562034.2560810  
398     1168    1616    0       0       71.4760349    -118.6859962  0.000   0.430   47.675  0.709   3      0.000   0.000   1168    1616    71.4760349    -118.6859962  -1942131.3385400  -568434.2560810  -1942131.3385400  -568434.2560810  
399     1208    1616    0       0       71.4556765    -118.4688490  0.000   0.445   50.756  0.801   3      0.000   0.000   1208    1616    71.4556765    -118.4688490  -1942131.3385400  -576434.2560810  -1942131.3385400  -576434.2560810  
400     888     1624    0       0       71.6251134    -120.2076242  0.000   0.352   39.650  0.746   3      0.000   0.000   888     1624    71.6251134    -120.2076242  -1940531.3385400  -512434.2560810  -1940531.3385400  -512434.2560810  
401     1008    1624    0       0       71.5687339    -119.5472427  0.000   0.387   43.947  0.744   3      0.000   0.000   1008    1624    71.5687339    -119.5472427  -1940531.3385400  -536434.2560810  -1940531.3385400  -536434.2560810  
402     1072    1648    0       0       71.5792678    -119.1595177  0.000   0.470   51.841  0.777   3      0.000   0.000   1072    1648    71.5792678    -119.1595177  -1935731.3385400  -549234.2560810  -1935731.3385400  -549234.2560810  
403     880     1656    0       0       71.6845191    -120.2051308  0.000   0.263   28.614  0.554   3      0.000   0.000   880     1656    71.6845191    -120.2051308  -1934131.3385400  -510834.2560810  -1934131.3385400  -510834.2560810  
404     1000    1656    0       0       71.6281176    -119.5425865  0.000   0.368   40.989  0.700   3      0.000   0.000   1000    1656    71.6281176    -119.5425865  -1934131.3385400  -534834.2560810  -1934131.3385400  -534834.2560810  
405     1208    1656    0       0       71.5247023    -118.4042262  0.000   0.365   41.533  0.734   3      0.000   0.000   1208    1656    71.5247023    -118.4042262  -1934131.3385400  -576434.2560810  -1934131.3385400  -576434.2560810  
406     968     1664    0       0       71.6572921    -119.7067994  0.000   0.281   30.549  0.601   3      0.000   0.000   968     1664    71.6572921    -119.7067994  -1932531.3385400  -528434.2560810  -1932531.3385400  -528434.2560810  
407     1144    1680    0       0       71.5987690    -118.7148211  0.000   0.296   32.845  0.473   3      0.000   0.000   1144    1680    71.5987690    -118.7148211  -1929331.3385400  -563634.2560810  -1929331.3385400  -563634.2560810  
408     976     1696    0       0       71.7090681    -119.6141214  0.000   0.347   37.394  0.642   3      0.000   0.000   976     1696    71.7090681    -119.6141214  -1926131.3385400  -530034.2560810  -1926131.3385400  -530034.2560810  
409     1032    1704    0       0       71.6959142    -119.2924708  0.000   0.411   47.232  0.808   3      0.000   0.000   1032    1704    71.6959142    -119.2924708  -1924531.3385400  -541234.2560810  -1924531.3385400  -541234.2560810  
410     1016    1736    0       0       71.7592092    -119.3312357  0.000   0.292   34.480  0.374   2      0.000   0.000   1016    1736    71.7592092    -119.3312357  -1918131.3385400  -538034.2560810  -1918131.3385400  -538034.2560810  
