CP      startX  startY  dispX   dispY   sLat          sLon          theta   pCorr   pkStr   cCorr   conf   velX    velY    endX    endY    eLat          eLon          nps_startX    nps_startY    nps_endX      nps_endY      
0       640     680     0       1       62.3127025    -73.0959034   0.000   0.175   17.529  0.335   2      0.000   0.200   640     681     62.3135240    -73.0925962   -1439546.2839400  -2696494.6171301  -1439346.2839400  -2696494.6171301  
1       680     680     0       1       62.2511354    -73.0254450   0.000   0.193   15.100  0.425   3      0.000   0.200   680     681     62.2519548    -73.0221433   -1439546.2839400  -2704494.6171301  -1439346.2839400  -2704494.6171301  
2       504     688     53      56      62.5284705    -73.3113012   0.000   0.107   11.405  0.264   1      10.600  11.200  557     744     62.4930571    -73.0303439   -1437946.2839400  -2669294.6171301  -1426746.2839400  -2679894.6171301  
3       536     704     51      57      62.4924843    -73.2008552   354.375  0.160   15.522  0.462   3      10.200  11.400  587     761     62.4607285    -72.9206275   -1434746.2839400  -2675694.6171301  -1423346.2839400  -2685894.6171301  
4       728     704     0       1       62.1968041    -72.8621820   0.000   0.180   18.607  0.411   3      0.000   0.200   728     705     62.1976189    -72.8588820   -1434746.2839400  -2714094.6171301  -1434546.2839400  -2714094.6171301  
5       240     720     27      41      62.9606040    -73.6841154   0.000   0.095   10.698  0.543   3      5.400   8.200   267     761     62.9534546    -73.4961798   -1431546.2839400  -2616494.6171301  -1423346.2839400  -2621894.6171301  
6       472     736     39      54      62.6173795    -73.2086011   0.000   0.117   10.240  0.317   2      7.800   10.800  511     790     62.6016825    -72.9583848   -1428346.2839400  -2662894.6171301  -1417546.2839400  -2670694.6171301  
7       136     768     -12     40      63.1605581    -73.7143485   0.000   0.111   10.066  0.276   1      -2.400  8.000   124     808     63.2125755    -73.6006158   -1421946.2839400  -2595694.6171301  -1413946.2839400  -2593294.6171301  
8       544     768     46      51      62.5327691    -72.9733574   354.375  0.136   12.700  0.377   2      9.200   10.200  590     819     62.5033508    -72.7218152   -1421946.2839400  -2677294.6171301  -1411746.2839400  -2686494.6171301  
9       336     784     8       34      62.8664360    -73.2927690   348.750  0.177   18.316  0.466   3      1.600   6.800   344     818     62.8822296    -73.1635622   -1418746.2839400  -2635694.6171301  -1411946.2839400  -2637294.6171301  
10      664     784     47      40      62.3606073    -72.7088933   0.000   0.191   19.027  0.319   2      9.400   8.000   711     824     62.3202745    -72.4941455   -1418746.2839400  -2701294.6171301  -1410746.2839400  -2710694.6171301  
11      936     784     0       1       61.9399199    -72.2412948   0.000   0.257   27.191  0.777   3      0.000   0.200   936     785     61.9407171    -72.2380076   -1418746.2839400  -2755694.6171301  -1418546.2839400  -2755694.6171301  
12      504     792     36      50      62.6141191    -72.9641301   348.750  0.079   7.106   0.290   1      7.200   10.000  540     842     62.5993188    -72.7328011   -1417146.2839400  -2669294.6171301  -1407146.2839400  -2676494.6171301  
13      704     800     47      40      62.3117440    -72.5860684   0.000   0.102   8.926   0.255   1      9.400   8.000   751     840     62.2712059    -72.3719004   -1415546.2839400  -2709294.6171301  -1407546.2839400  -2718694.6171301  
14      136     808     -19     29      63.1941278    -73.5783458   0.000   0.099   10.113  0.263   1      -3.800  5.800   117     837     63.2476153    -73.5147202   -1413946.2839400  -2595694.6171301  -1408146.2839400  -2591894.6171301  
15      584     808     40      53      62.5036811    -72.7691215   354.375  0.253   25.177  0.630   3      8.000   10.600  624     861     62.4847547    -72.5218526   -1413946.2839400  -2685294.6171301  -1403346.2839400  -2693294.6171301  
16      1240    808     0       0       61.4873088    -71.6577232   0.000   0.232   25.030  0.543   3      0.000   0.000   1240    808     61.4873088    -71.6577232   -1413946.2839400  -2816494.6171301  -1413946.2839400  -2816494.6171301  
17      648     816     44      48      62.4112638    -72.6302865   0.000   0.088   8.181   0.230   1      8.800   9.600   692     864     62.3818575    -72.3937496   -1412346.2839400  -2698094.6171301  -1402746.2839400  -2706894.6171301  
18      336     824     2       32      62.8995138    -73.1577600   348.750  0.128   13.669  0.378   2      0.400   6.400   338     856     62.9227876    -73.0458988   -1410746.2839400  -2635694.6171301  -1404346.2839400  -2636094.6171301  
19      768     832     45      35      62.2384624    -72.3692398   354.375  0.312   34.054  0.611   3      9.000   7.000   813     867     62.1966827    -72.1760025   -1409146.2839400  -2722094.6171301  -1402146.2839400  -2731094.6171301  
20      104     840     -21     27      63.2701261    -73.5286009   0.000   0.134   16.781  0.486   3      -4.200  5.400   83      867     63.3250144    -73.4752494   -1407546.2839400  -2589294.6171301  -1402146.2839400  -2585094.6171301  
21      136     840     -20     30      63.2208816    -73.4692898   0.000   0.101   9.509   0.231   1      -4.000  6.000   116     870     63.2766935    -73.4038014   -1407546.2839400  -2595694.6171301  -1401546.2839400  -2591694.6171301  
22      696     856     44      39      62.3692364    -72.4135201   0.000   0.234   24.232  0.607   3      8.800   7.800   740     895     62.3322456    -72.2076359   -1404346.2839400  -2707694.6171301  -1396546.2839400  -2716494.6171301  
23      984     856     43      32      61.9225776    -71.9235962   0.000   0.159   14.345  0.305   2      8.600   6.400   1027    888     61.8809158    -71.7465130   -1404346.2839400  -2765294.6171301  -1397946.2839400  -2773894.6171301  
24      1432    856     -7      39      61.2256939    -71.1929546   5.625   0.198   19.472  0.430   3      -1.400  7.800   1425    895     61.2664401    -71.0778714   -1404346.2839400  -2854894.6171301  -1396546.2839400  -2853494.6171301  
25      184     872     -20     24      63.1735600    -73.2716852   0.000   0.165   17.253  0.372   2      -4.000  4.800   164     896     63.2242921    -73.2264133   -1401146.2839400  -2605294.6171301  -1396346.2839400  -2601294.6171301  
26      792     872     42      37      62.2332390    -72.1952263   354.375  0.131   14.647  0.457   3      8.400   7.400   834     909     62.1974305    -72.0007328   -1401146.2839400  -2726894.6171301  -1393746.2839400  -2735294.6171301  
27      824     872     42      40      62.1835974    -72.1406643   354.375  0.131   14.659  0.430   3      8.400   8.000   866     912     62.1500797    -71.9366392   -1401146.2839400  -2733294.6171301  -1393146.2839400  -2741694.6171301  
28      1464    872     -6      36      61.1880563    -71.0905121   5.625   0.228   19.651  0.572   3      -1.200  7.200   1458    908     61.2248538    -70.9835707   -1401146.2839400  -2861294.6171301  -1393946.2839400  -2860094.6171301  
29      152     880     -20     25      63.2295317    -73.3031739   0.000   0.197   19.083  0.505   3      -4.000  5.000   132     905     63.2811155    -73.2544393   -1399546.2839400  -2598894.6171301  -1394546.2839400  -2594894.6171301  
30      504     880     -6      23      62.6858528    -72.6686139   0.000   0.156   15.776  0.306   2      -1.200  4.600   498     903     62.7137800    -72.6016886   -1399546.2839400  -2669294.6171301  -1394946.2839400  -2668094.6171301  
31      1152    880     0       1       61.6802254    -71.5666720   0.000   0.130   10.949  0.213   1      0.000   0.200   1152    881     61.6810034    -71.5633967   -1399546.2839400  -2798894.6171301  -1399346.2839400  -2798894.6171301  
32      1392    880     -6      42      61.3064263    -71.1789403   5.625   0.107   11.471  0.542   3      -1.200  8.400   1386    922     61.3479017    -71.0521596   -1399546.2839400  -2846894.6171301  -1391146.2839400  -2845694.6171301  
33      1216    888     0       0       61.5868071    -71.4361029   0.000   0.106   9.392   0.254   1      0.000   0.000   1216    888     61.5868071    -71.4361029   -1397946.2839400  -2811694.6171301  -1397946.2839400  -2811694.6171301  
34      1352    888     -6      45      61.3749147    -71.2168463   5.625   0.121   11.501  0.294   1      -1.200  9.000   1346    933     61.4187349    -71.0800341   -1397946.2839400  -2838894.6171301  -1388946.2839400  -2837694.6171301  
35      104     904     -19     26      63.3234727    -73.3095161   0.000   0.264   28.146  0.451   3      -3.800  5.200   85      930     63.3743645    -73.2553290   -1394746.2839400  -2589294.6171301  -1389546.2839400  -2585494.6171301  
36      328     904     -13     15      62.9776129    -72.9011039   354.375  0.140   15.740  0.604   3      -2.600  3.000   315     919     63.0099861    -72.8734919   -1394746.2839400  -2634094.6171301  -1391746.2839400  -2631494.6171301  
37      704     904     43      39      62.3952842    -72.2394333   0.000   0.130   12.164  0.277   1      8.600   7.800   747     943     62.3595530    -72.0352987   -1394746.2839400  -2709294.6171301  -1386946.2839400  -2717894.6171301  
38      360     912     -14     17      62.9346689    -72.8164910   354.375  0.194   20.453  0.489   3      -2.800  3.400   346     929     62.9701961    -72.7838109   -1393146.2839400  -2640494.6171301  -1389746.2839400  -2637694.6171301  
39      792     912     36      37      62.2650484    -72.0620862   354.375  0.178   20.626  0.647   3      7.200   7.400   828     949     62.2383574    -71.8776779   -1393146.2839400  -2726894.6171301  -1385746.2839400  -2734094.6171301  
40      1008    912     34      35      61.9292637    -71.6989077   354.375  0.313   36.236  0.682   3      6.800   7.000   1042    947     61.9036297    -71.5270569   -1393146.2839400  -2770094.6171301  -1386146.2839400  -2776894.6171301  
41      1400    912     -1      41      61.3184216    -71.0624059   5.625   0.197   20.767  0.624   3      -0.200  8.200   1399    953     61.3512030    -70.9307363   -1393146.2839400  -2848494.6171301  -1384946.2839400  -2848294.6171301  
42      168     920     -19     24      63.2379648    -73.1369482   0.000   0.246   25.029  0.605   3      -3.800  4.800   149     944     63.2871166    -73.0894660   -1391546.2839400  -2602094.6171301  -1386746.2839400  -2598294.6171301  
43      504     920     -6      23      62.7182335    -72.5337569   0.000   0.269   27.219  0.561   3      -1.200  4.600   498     943     62.7460919    -72.4666061   -1391546.2839400  -2669294.6171301  -1386946.2839400  -2668094.6171301  
44      1464    920     0       38      61.2246076    -70.9352534   0.000   0.079   9.015   0.217   1      0.000   7.600   1464    958     61.2534038    -70.8120492   -1391546.2839400  -2861294.6171301  -1383946.2839400  -2861294.6171301  
45      104     936     -19     26      63.3500086    -73.1996338   0.000   0.194   22.170  0.312   2      -3.800  5.200   85      962     63.4008589    -73.1451731   -1388346.2839400  -2589294.6171301  -1383146.2839400  -2585494.6171301  
46      136     936     -19     25      63.3005956    -73.1407686   0.000   0.289   30.249  0.646   3      -3.800  5.000   117     961     63.3505860    -73.0897373   -1388346.2839400  -2595694.6171301  -1383346.2839400  -2591894.6171301  
47      536     936     -8      22      62.6815295    -72.4235898   0.000   0.167   21.321  0.534   3      -1.600  4.400   528     958     62.7116251    -72.3632940   -1388346.2839400  -2675694.6171301  -1383946.2839400  -2674094.6171301  
48      1048    936     30      39      61.8857233    -71.5534836   354.375  0.204   21.669  0.570   3      6.000   7.800   1078    975     61.8692226    -71.3753885   -1388346.2839400  -2778094.6171301  -1380546.2839400  -2784094.6171301  
49      1432    936     0       39      61.2867359    -70.9338339   0.000   0.204   19.104  0.604   3      0.000   7.800   1432    975     61.3162945    -70.8070972   -1388346.2839400  -2854894.6171301  -1380546.2839400  -2854894.6171301  
50      312     944     -17     14      63.0350488    -72.7937441   354.375  0.172   17.815  0.640   3      -3.400  2.800   295     958     63.0727837    -72.7765423   -1386746.2839400  -2630894.6171301  -1383946.2839400  -2627494.6171301  
51      400     944     -16     15      62.8987858    -72.6364611   0.000   0.105   9.334   0.208   1      -3.200  3.000   384     959     62.9357394    -72.6139413   -1386746.2839400  -2648494.6171301  -1383746.2839400  -2645294.6171301  
52      472     944     -7      23      62.7872089    -72.5089899   0.000   0.235   23.278  0.426   3      -1.400  4.600   465     967     62.8166131    -72.4433969   -1386746.2839400  -2662894.6171301  -1382146.2839400  -2661494.6171301  
53      1008    944     30      35      61.9542598    -71.5931571   354.375  0.311   33.293  0.696   3      6.000   7.000   1038    979     61.9347122    -71.4278275   -1386746.2839400  -2770094.6171301  -1379746.2839400  -2776094.6171301  
54      848     952     28      43      62.2096064    -71.8339191   343.125  0.084   7.773   0.229   1      5.600   8.600   876     995     62.1997387    -71.6434993   -1385146.2839400  -2738094.6171301  -1376546.2839400  -2743694.6171301  
55      280     968     -20     16      63.1041637    -72.7693666   354.375  0.107   12.540  0.261   2      -4.000  3.200   260     984     63.1481830    -72.7506399   -1381946.2839400  -2624494.6171301  -1378746.2839400  -2620494.6171301  
56      440     968     -16     15      62.8561987    -72.4840924   0.000   0.120   9.918   0.209   1      -3.200  3.000   424     983     62.8931185    -72.4613941   -1381946.2839400  -2656494.6171301  -1378946.2839400  -2653294.6171301  
57      600     968     -10     18      62.6078472    -72.2041763   0.000   0.093   8.569   0.219   1      -2.000  3.600   590     986     62.6377473    -72.1607706   -1381946.2839400  -2688494.6171301  -1378346.2839400  -2686494.6171301  
58      744     968     0       16      62.3840182    -71.9567200   348.750  0.205   20.045  0.279   1      0.000   3.200   744     984     62.3966632    -71.9030862   -1381946.2839400  -2717294.6171301  -1378746.2839400  -2717294.6171301  
59      512     976     -10     17      62.7509087    -72.3303939   354.375  0.112   13.450  0.432   3      -2.000  3.400   502     993     62.7800690    -72.2902866   -1380346.2839400  -2670894.6171301  -1376946.2839400  -2668894.6171301  
60      312     984     -19     13      63.0676100    -72.6572296   354.375  0.224   23.731  0.710   3      -3.800  2.600   293     997     63.1076198    -72.6468157   -1378746.2839400  -2630894.6171301  -1376146.2839400  -2627094.6171301  
61      480     984     -16     17      62.8070107    -72.3593652   0.000   0.102   9.585   0.228   1      -3.200  3.400   464     1001    62.8455059    -72.3297377   -1378746.2839400  -2664494.6171301  -1375346.2839400  -2661294.6171301  
62      1120    992     19      47      61.8167965    -71.2506657   348.750  0.087   7.143   0.263   1      3.800   9.400   1139    1039    61.8231775    -71.0645563   -1377146.2839400  -2792494.6171301  -1367746.2839400  -2796294.6171301  
63      216     1000    -19     12      63.2293933    -72.7752049   0.000   0.239   26.110  0.591   3      -3.800  2.400   197     1012    63.2686230    -72.7683491   -1375546.2839400  -2611694.6171301  -1373146.2839400  -2607894.6171301  
64      384     1000    -17     14      62.9689002    -72.4743137   0.000   0.304   33.680  0.665   3      -3.400  2.800   367     1014    63.0065809    -72.4566931   -1375546.2839400  -2645294.6171301  -1372746.2839400  -2641894.6171301  
65      736     1000    -6      15      62.4217410    -71.8630024   348.750  0.137   12.049  0.393   2      -1.200  3.000   730     1015    62.4429056    -71.8228050   -1375546.2839400  -2715694.6171301  -1372546.2839400  -2714494.6171301  
66      280     1008    -19     12      63.1367074    -72.6324576   0.000   0.369   40.226  0.768   3      -3.800  2.400   261     1020    63.1759146    -72.6254101   -1373946.2839400  -2624494.6171301  -1371546.2839400  -2620694.6171301  
67      520     1008    -14     18      62.7641043    -72.2079809   354.375  0.178   18.954  0.468   3      -2.800  3.600   506     1026    62.8002451    -72.1712943   -1373946.2839400  -2672494.6171301  -1370346.2839400  -2669694.6171301  
68      664     1008    -14     14      62.5401378    -71.9590318   0.000   0.119   11.389  0.320   2      -2.800  2.800   650     1022    62.5730087    -71.9358184   -1373946.2839400  -2701294.6171301  -1371146.2839400  -2698494.6171301  
69      704     1008    -11     16      62.4778737    -71.8906256   354.375  0.163   16.224  0.384   3      -2.200  3.200   693     1024    62.5076286    -71.8555242   -1373946.2839400  -2709294.6171301  -1370746.2839400  -2707094.6171301  
70      1240    1008    12      55      61.6415750    -71.0041095   0.000   0.212   22.328  0.486   3      2.400   11.000  1252    1063    61.6645957    -70.8039438   -1373946.2839400  -2816494.6171301  -1362946.2839400  -2818894.6171301  
71      1296    1008    7       49      61.5540068    -70.9146164   0.000   0.099   9.219   0.206   1      1.400   9.800   1303    1057    61.5801742    -70.7426559   -1373946.2839400  -2827694.6171301  -1364146.2839400  -2829094.6171301  
72      136     1016    -17     21      63.3663922    -72.8654521   5.625   0.121   15.027  0.372   2      -3.400  4.200   119     1037    63.4099143    -72.8239372   -1372346.2839400  -2595694.6171301  -1368146.2839400  -2592294.6171301  
73      632     1016    -14     16      62.5962763    -71.9869831   0.000   0.182   20.738  0.505   3      -2.800  3.200   618     1032    62.6307438    -71.9569918   -1372346.2839400  -2694894.6171301  -1369146.2839400  -2692094.6171301  
74      1200    1016    14      56      61.7102170    -71.0420420   354.375  0.120   12.209  0.384   2      2.800   11.200  1214    1072    61.7309330    -70.8349024   -1372346.2839400  -2808494.6171301  -1361146.2839400  -2811294.6171301  
75      1368    1016    4       42      61.4474188    -70.7742422   0.000   0.080   6.966   0.234   1      0.800   8.400   1372    1058    61.4728153    -70.6304703   -1372346.2839400  -2842094.6171301  -1363946.2839400  -2842894.6171301  
76      1400    1016    4       41      61.3973283    -70.7238134   5.625   0.129   12.580  0.419   3      0.800   8.200   1404    1057    61.4219085    -70.5835294   -1372346.2839400  -2848494.6171301  -1364146.2839400  -2849294.6171301  
77      352     1024    -18     11      63.0379339    -72.4491501   0.000   0.211   22.049  0.541   3      -3.600  2.200   334     1035    63.0747557    -72.4434993   -1370746.2839400  -2638894.6171301  -1368546.2839400  -2635294.6171301  
78      432     1024    -17     13      62.9136738    -72.3077191   0.000   0.291   31.722  0.618   3      -3.400  2.600   415     1037    62.9505207    -72.2933085   -1370746.2839400  -2654894.6171301  -1368146.2839400  -2651494.6171301  
79      984     1024    12      45      62.0538317    -71.3674443   354.375  0.088   7.488   0.239   1      2.400   9.000   996     1069    62.0698054    -71.1978616   -1370746.2839400  -2765294.6171301  -1361746.2839400  -2767694.6171301  
80      1448    1024    2       42      61.3281857    -70.6224431   5.625   0.208   19.753  0.441   3      0.400   8.400   1450    1066    61.3565239    -70.4822688   -1370746.2839400  -2858094.6171301  -1362346.2839400  -2858494.6171301  
81      1480    1024    2       39      61.2780572    -70.5725081   5.625   0.204   20.073  0.570   3      0.400   7.800   1482    1063    61.3040925    -70.4423234   -1370746.2839400  -2864494.6171301  -1362946.2839400  -2864894.6171301  
82      168     1032    -17     19      63.3298848    -72.7520363   5.625   0.146   14.337  0.536   3      -3.400  3.800   151     1051    63.3717340    -72.7173002   -1369146.2839400  -2602094.6171301  -1365346.2839400  -2598694.6171301  
83      560     1032    -14     14      62.7210227    -72.0570914   354.375  0.243   25.370  0.624   3      -2.800  2.800   546     1046    62.7539362    -72.0338408   -1369146.2839400  -2680494.6171301  -1366346.2839400  -2677694.6171301  
84      600     1032    -14     15      62.6587664    -71.9879838   0.000   0.252   26.446  0.596   3      -2.800  3.000   586     1047    62.6924509    -71.9613123   -1369146.2839400  -2688494.6171301  -1366146.2839400  -2685694.6171301  
85      784     1032    -10     21      62.3721058    -71.6742529   354.375  0.126   12.097  0.380   3      -2.000  4.200   774     1053    62.4041372    -71.6205504   -1369146.2839400  -2725294.6171301  -1364946.2839400  -2723294.6171301  
86      912     1032    6       38      62.1724284    -71.4599646   348.750  0.191   21.979  0.590   3      1.200   7.600   918     1070    62.1925071    -71.3230254   -1369146.2839400  -2750894.6171301  -1361546.2839400  -2752094.6171301  
87      520     1040    -18     12      62.7896289    -72.0993492   0.000   0.217   22.012  0.405   3      -3.600  2.400   502     1052    62.8271934    -72.0898578   -1367546.2839400  -2672494.6171301  -1365146.2839400  -2668894.6171301  
88      672     1040    -14     13      62.5529587    -71.8374122   0.000   0.320   34.500  0.695   3      -2.800  2.600   658     1053    62.5850207    -71.8174165   -1367546.2839400  -2702894.6171301  -1364946.2839400  -2700094.6171301  
89      1136    1040    12      49      61.8286339    -71.0661022   354.375  0.272   30.775  0.685   3      2.400   9.800   1148    1089    61.8472160    -70.8844975   -1367546.2839400  -2795694.6171301  -1357746.2839400  -2798094.6171301  
90      1328    1040    16      53      61.5281766    -70.7588774   0.000   0.136   12.866  0.270   1      3.200   10.600  1344    1093    61.5430042    -70.5596249   -1367546.2839400  -2834094.6171301  -1356946.2839400  -2837294.6171301  
91      120     1048    -15     20      63.4173550    -72.7840693   0.000   0.103   9.186   0.067   1      -3.000  4.000   105     1068    63.4569413    -72.7421537   -1365946.2839400  -2592494.6171301  -1361946.2839400  -2589494.6171301  
92      200     1048    -16     17      63.2932821    -72.6389420   5.625   0.146   13.853  0.295   2      -3.200  3.400   184     1065    63.3319186    -72.6091734   -1365946.2839400  -2608494.6171301  -1362546.2839400  -2605294.6171301  
93      1048    1048    13      39      61.9723584    -71.1826341   0.000   0.083   7.171   0.253   1      2.600   7.800   1061    1087    61.9819191    -71.0317988   -1365946.2839400  -2778094.6171301  -1358146.2839400  -2780694.6171301  
94      1416    1048    4       45      61.3963452    -70.5941686   5.625   0.180   18.861  0.438   3      0.800   9.000   1420    1093    61.4237599    -70.4406720   -1365946.2839400  -2851694.6171301  -1356946.2839400  -2852494.6171301  
95      440     1056    -17     11      62.9268556    -72.1845313   0.000   0.216   22.738  0.637   3      -3.400  2.200   423     1067    62.9620926    -72.1767761   -1364346.2839400  -2656494.6171301  -1362146.2839400  -2653094.6171301  
96      1480    1056    4       39      61.3020032    -70.4682563   5.625   0.245   25.877  0.662   3      0.800   7.800   1484    1095    61.3247869    -70.3347664   -1364346.2839400  -2864494.6171301  -1356546.2839400  -2865294.6171301  
97      232     1064    -17     12      63.2565846    -72.5261687   0.000   0.185   21.725  0.643   3      -3.400  2.400   215     1076    63.2926981    -72.5153306   -1362746.2839400  -2614894.6171301  -1360346.2839400  -2611494.6171301  
98      312     1064    -19     9       63.1323008    -72.3831757   0.000   0.274   28.492  0.491   3      -3.800  1.800   293     1073    63.1690778    -72.3860700   -1362746.2839400  -2630894.6171301  -1360946.2839400  -2627094.6171301  
99      752     1064    -14     13      62.4470646    -71.6206401   0.000   0.180   18.297  0.390   2      -2.800  2.600   738     1077    62.4790774    -71.6004624   -1362746.2839400  -2718894.6171301  -1360146.2839400  -2716094.6171301  
100     992     1064    -1      40      62.0722111    -71.2210909   354.375  0.171   17.322  0.527   3      -0.200  8.000   991     1104    62.1045048    -71.0892532   -1362746.2839400  -2766894.6171301  -1354746.2839400  -2766694.6171301  
101     1192    1064    10      55      61.7593099    -70.8965557   354.375  0.152   16.808  0.550   3      2.000   11.000  1202    1119    61.7852993    -70.6986187   -1362746.2839400  -2806894.6171301  -1351746.2839400  -2808894.6171301  
102     1224    1064    10      57      61.7092043    -70.8453229   0.000   0.133   11.793  0.341   2      2.000   11.400  1234    1121    61.7366109    -70.6410863   -1362746.2839400  -2813294.6171301  -1351346.2839400  -2815294.6171301  
103     1288    1064    12      55      61.6089603    -70.7434217   0.000   0.134   13.142  0.311   2      2.400   11.000  1300    1119    61.6315445    -70.5432791   -1362746.2839400  -2826094.6171301  -1351746.2839400  -2828494.6171301  
104     488     1072    -19     12      62.8648990    -72.0461013   0.000   0.235   23.009  0.627   3      -3.800  2.400   469     1084    62.9040285    -72.0382487   -1361146.2839400  -2666094.6171301  -1358746.2839400  -2662294.6171301  
105     656     1072    -14     13      62.6030934    -71.7565689   0.000   0.298   32.534  0.686   3      -2.800  2.600   642     1085    62.6351488    -71.7364369   -1361146.2839400  -2699694.6171301  -1358546.2839400  -2696894.6171301  
106     784     1072    -13     18      62.4033666    -71.5397999   0.000   0.149   14.342  0.418   3      -2.600  3.600   771     1090    62.4376939    -71.5010251   -1361146.2839400  -2725294.6171301  -1357546.2839400  -2722694.6171301  
107     1112    1072    9       46      61.8906342    -70.9989391   354.375  0.284   26.798  0.552   3      1.800   9.200   1121    1118    61.9115470    -70.8316709   -1361146.2839400  -2790894.6171301  -1351946.2839400  -2792694.6171301  
108     144     1080    -15     19      63.4061936    -72.6296775   0.000   0.157   15.472  0.211   1      -3.000  3.800   129     1099    63.4449158    -72.5910118   -1359546.2839400  -2597294.6171301  -1355746.2839400  -2594294.6171301  
109     264     1080    -17     12      63.2197928    -72.4137160   0.000   0.294   32.780  0.731   3      -3.400  2.400   247     1092    63.2558913    -72.4027360   -1359546.2839400  -2621294.6171301  -1357146.2839400  -2617894.6171301  
110     376     1080    -19     8       63.0456176    -72.2149445   0.000   0.245   24.541  0.485   3      -3.800  1.600   357     1088    63.0815851    -72.2210236   -1359546.2839400  -2643694.6171301  -1357946.2839400  -2639894.6171301  
111     840     1080    -11     21      62.3221320    -71.4191227   354.375  0.189   20.278  0.467   3      -2.200  4.200   829     1101    62.3556086    -71.3668822   -1359546.2839400  -2736494.6171301  -1355346.2839400  -2734294.6171301  
112     1160    1080    8       51      61.8215799    -70.8950192   354.375  0.301   32.427  0.711   3      1.600   10.200  1168    1131    61.8476902    -70.7131012   -1359546.2839400  -2800494.6171301  -1349346.2839400  -2802094.6171301  
113     1368    1080    16      55      61.4956093    -70.5646187   0.000   0.141   12.581  0.320   2      3.200   11.000  1384    1135    61.5116018    -70.3589233   -1359546.2839400  -2842094.6171301  -1348546.2839400  -2845294.6171301  
114     408     1088    -19     7       63.0022037    -72.1312490   0.000   0.196   19.608  0.478   3      -3.800  1.400   389     1095    63.0373708    -72.1406316   -1357946.2839400  -2650094.6171301  -1356546.2839400  -2646294.6171301  
115     688     1088    -14     12      62.5657247    -71.6479714   0.000   0.255   27.804  0.605   3      -2.800  2.400   674     1100    62.5969748    -71.6311234   -1357946.2839400  -2706094.6171301  -1355546.2839400  -2703294.6171301  
116     1464    1088    13      45      61.3509745    -70.3886214   0.000   0.240   25.753  0.592   3      2.600   9.000   1477    1133    61.3639739    -70.2212857   -1357946.2839400  -2861294.6171301  -1348946.2839400  -2863894.6171301  
117     1496    1088    13      45      61.3007436    -70.3390709   0.000   0.135   12.845  0.379   2      2.600   9.000   1509    1133    61.3136709    -70.1720173   -1357946.2839400  -2867694.6171301  -1348946.2839400  -2870294.6171301  
118     528     1096    -19     9       62.8216041    -71.8948988   0.000   0.304   31.178  0.675   3      -3.800  1.800   509     1105    62.8583447    -71.8970734   -1356346.2839400  -2674094.6171301  -1354546.2839400  -2670294.6171301  
119     592     1096    -19     10      62.7217992    -71.7846762   0.000   0.150   14.708  0.436   3      -3.800  2.000   573     1106    62.7593143    -71.7832849   -1356346.2839400  -2686894.6171301  -1354346.2839400  -2683094.6171301  
120     728     1096    -14     12      62.5095300    -71.5532108   0.000   0.288   33.658  0.673   3      -2.800  2.400   714     1108    62.5407600    -71.5362868   -1356346.2839400  -2714094.6171301  -1353946.2839400  -2711294.6171301  
121     928     1096    -4      39      62.1969377    -71.2194875   354.375  0.144   14.176  0.316   2      -0.800  7.800   924     1135    62.2331776    -71.0953204   -1356346.2839400  -2754094.6171301  -1348546.2839400  -2753294.6171301  
122     1192    1096    8       55      61.7835884    -70.7907404   0.000   0.138   12.581  0.292   1      1.600   11.000  1200    1151    61.8125470    -70.5957046   -1356346.2839400  -2806894.6171301  -1345346.2839400  -2808494.6171301  
123     488     1104    -19     11      62.8902930    -71.9368933   0.000   0.206   20.047  0.456   3      -3.800  2.200   469     1115    62.9286276    -71.9322907   -1354746.2839400  -2666094.6171301  -1352546.2839400  -2662294.6171301  
124     760     1104    -15     13      62.4657767    -71.4722915   0.000   0.255   27.090  0.428   3      -3.000  2.600   745     1117    62.4993306    -71.4536020   -1354746.2839400  -2720494.6171301  -1352146.2839400  -2717494.6171301  
125     1008    1104    -6      41      62.0778925    -71.0614711   354.375  0.267   29.041  0.641   3      -1.200  8.200   1002    1145    62.1186142    -70.9342042   -1354746.2839400  -2770094.6171301  -1346546.2839400  -2768894.6171301  
126     1096    1104    5       43      61.9400815    -70.9185332   354.375  0.172   16.242  0.363   2      1.000   8.600   1101    1147    61.9648918    -70.7673267   -1354746.2839400  -2787694.6171301  -1346146.2839400  -2788694.6171301  
127     1128    1104    5       47      61.8899469    -70.8669170   354.375  0.356   37.563  0.771   3      1.000   9.400   1133    1151    61.9177099    -70.7026311   -1354746.2839400  -2794094.6171301  -1345346.2839400  -2795094.6171301  
128     256     1112    -16     11      63.2579900    -72.3176314   0.000   0.236   24.078  0.580   3      -3.200  2.200   240     1123    63.2917259    -72.3081732   -1353146.2839400  -2619694.6171301  -1350946.2839400  -2616494.6171301  
129     320     1120    -18     8       63.1647822    -72.1763698   0.000   0.289   30.727  0.673   3      -3.600  1.600   302     1128    63.1992114    -72.1806518   -1351546.2839400  -2632494.6171301  -1349946.2839400  -2628894.6171301  
130     832     1120    -14     18      62.3656224    -71.2979319   0.000   0.238   24.044  0.520   3      -2.800  3.600   818     1138    62.4014330    -71.2605644   -1351546.2839400  -2734894.6171301  -1347946.2839400  -2732094.6171301  
131     864     1120    -12     22      62.3155607    -71.2447775   0.000   0.198   19.698  0.389   2      -2.400  4.400   852     1142    62.3512980    -71.1906194   -1351546.2839400  -2741294.6171301  -1347146.2839400  -2738894.6171301  
132     1160    1120    3       51      61.8519201    -70.7624143   354.375  0.279   30.175  0.714   3      0.600   10.200  1163    1171    61.8856871    -70.5881310   -1351546.2839400  -2800494.6171301  -1341346.2839400  -2801094.6171301  
133     1472    1120    10      47      61.3621978    -70.2715662   0.000   0.118   10.927  0.324   2      2.000   9.400   1482    1167    61.3812281    -70.1021580   -1351546.2839400  -2862894.6171301  -1342146.2839400  -2864894.6171301  
134     1504    1120    10      46      61.3119159    -70.2222091   0.000   0.115   11.297  0.299   1      2.000   9.200   1514    1166    61.3301366    -70.0563517   -1351546.2839400  -2869294.6171301  -1342346.2839400  -2871294.6171301  
135     416     1128    -19     6       63.0215695    -71.9801048   0.000   0.247   25.044  0.581   3      -3.800  1.200   397     1134    63.0559563    -71.9927260   -1349946.2839400  -2651694.6171301  -1348746.2839400  -2647894.6171301  
136     528     1128    -19     8       62.8468620    -71.7857255   0.000   0.238   25.684  0.604   3      -3.800  1.600   509     1136    62.8828202    -71.7911684   -1349946.2839400  -2674094.6171301  -1348346.2839400  -2670294.6171301  
137     688     1128    -17     9       62.5969813    -71.5125010   0.000   0.106   10.894  0.341   2      -3.400  1.800   671     1137    62.6305680    -71.5107374   -1349946.2839400  -2706094.6171301  -1348146.2839400  -2702694.6171301  
138     968     1128    -12     38      62.1589019    -71.0466125   0.000   0.088   8.571   0.224   1      -2.400  7.600   956     1166    62.2067432    -70.9388059   -1349946.2839400  -2762094.6171301  -1342346.2839400  -2759694.6171301  
139     360     1136    -18     6       63.1152264    -72.0507451   0.000   0.287   31.764  0.759   3      -3.600  1.200   342     1142    63.1480604    -72.0617450   -1348346.2839400  -2640494.6171301  -1347146.2839400  -2636894.6171301  
140     656     1136    -19     8       62.6532319    -71.5395604   0.000   0.272   28.652  0.579   3      -3.800  1.600   637     1144    62.6891720    -71.5446273   -1348346.2839400  -2699694.6171301  -1346746.2839400  -2695894.6171301  
141     792     1136    -15     15      62.4405709    -71.3106548   354.375  0.206   20.052  0.609   3      -3.000  3.000   777     1151    62.4756431    -71.2850152   -1348346.2839400  -2726894.6171301  -1345346.2839400  -2723894.6171301  
142     1000    1136    -10     39      62.1148840    -70.9675777   354.375  0.155   14.851  0.404   3      -2.000  7.800   990     1175    62.1602697    -70.8532013   -1348346.2839400  -2768494.6171301  -1340546.2839400  -2766494.6171301  
143     1216    1136    5       56      61.7761474    -70.6200161   354.375  0.153   15.196  0.398   2      1.000   11.200  1221    1192    61.8102935    -70.4262693   -1348346.2839400  -2811694.6171301  -1337146.2839400  -2812694.6171301  
144     1440    1136    9       52      61.4243508    -70.2686363   0.000   0.094   8.678   0.226   1      1.800   10.400  1449    1188    61.4486411    -70.0839417   -1348346.2839400  -2856494.6171301  -1337946.2839400  -2858294.6171301  
145     144     1144    -2      12      63.4580123    -72.4075916   0.000   0.087   7.652   0.232   1      -0.400  2.400   142     1156    63.4707995    -72.3694532   -1346746.2839400  -2597294.6171301  -1344346.2839400  -2596894.6171301  
146     1280    1144    10      53      61.6816786    -70.4922566   354.375  0.145   15.200  0.472   3      2.000   10.600  1290    1197    61.7055104    -70.3011333   -1346746.2839400  -2824494.6171301  -1336146.2839400  -2826494.6171301  
147     320     1152    -18     7       63.1903200    -72.0660234   0.000   0.205   20.043  0.628   3      -3.600  1.400   302     1159    63.2239594    -72.0736188   -1345146.2839400  -2632494.6171301  -1343746.2839400  -2628894.6171301  
148     848     1152    -15     18      62.3652582    -71.1635446   0.000   0.210   21.715  0.578   3      -3.000  3.600   833     1170    62.4025947    -71.1276531   -1345146.2839400  -2738094.6171301  -1341546.2839400  -2735094.6171301  
149     1040    1152    -12     41      62.0643619    -70.8490959   0.000   0.176   17.152  0.294   1      -2.400  8.200   1028    1193    62.1142810    -70.7312623   -1345146.2839400  -2776494.6171301  -1336946.2839400  -2774094.6171301  
150     1136    1152    -1      47      61.9137573    -70.6944973   354.375  0.183   17.863  0.550   3      -0.200  9.400   1135    1199    61.9507193    -70.5394547   -1345146.2839400  -2795694.6171301  -1335746.2839400  -2795494.6171301  
151     1408    1152    7       53      61.4865203    -70.2656931   0.000   0.163   15.853  0.330   2      1.400   10.600  1415    1205    61.5146984    -70.0803655   -1345146.2839400  -2850094.6171301  -1334546.2839400  -2851494.6171301  
152     416     1160    -19     5       63.0469218    -71.8701743   0.000   0.270   27.620  0.565   3      -3.800  1.000   397     1165    63.0805318    -71.8861050   -1343546.2839400  -2651694.6171301  -1342546.2839400  -2647894.6171301  
153     448     1160    -19     4       62.9969698    -71.8145280   0.000   0.182   16.805  0.444   3      -3.800  0.800   429     1164    63.0297904    -71.8337939   -1343546.2839400  -2658094.6171301  -1342746.2839400  -2654294.6171301  
154     520     1160    -19     8       62.8845255    -71.6901009   0.000   0.260   27.043  0.533   3      -3.800  1.600   501     1168    62.9204933    -71.6954200   -1343546.2839400  -2672494.6171301  -1341946.2839400  -2668694.6171301  
155     752     1160    -16     12      62.5217320    -71.2963563   354.375  0.214   21.089  0.576   3      -3.200  2.400   736     1172    62.5560596    -71.2824715   -1343546.2839400  -2718894.6171301  -1341146.2839400  -2715694.6171301  
156     1248    1160    10      52      61.7439214    -70.4897979   0.000   0.102   8.749   0.266   1      2.000   10.400  1258    1212    61.7670115    -70.3015554   -1343546.2839400  -2818094.6171301  -1333146.2839400  -2820094.6171301  
157     1360    1160    7       55      61.5679200    -70.3140228   0.000   0.152   14.932  0.449   3      1.400   11.000  1367    1215    61.5976591    -70.1215814   -1343546.2839400  -2840494.6171301  -1332546.2839400  -2841894.6171301  
158     352     1168    -18     6       63.1531324    -71.9545158   0.000   0.271   28.031  0.552   3      -3.600  1.200   334     1174    63.1859797    -71.9654097   -1341946.2839400  -2638894.6171301  -1340746.2839400  -2635294.6171301  
159     384     1168    -18     5       63.1031962    -71.8984794   0.000   0.199   21.753  0.539   3      -3.600  1.000   366     1173    63.1352495    -71.9127305   -1341946.2839400  -2645294.6171301  -1340946.2839400  -2641694.6171301  
160     576     1168    -19     6       62.8032766    -71.5667416   0.000   0.140   14.007  0.367   2      -3.800  1.200   557     1174    62.8376735    -71.5787151   -1341946.2839400  -2683694.6171301  -1340746.2839400  -2679894.6171301  
161     672     1168    -19     7       62.6531300    -71.4037031   0.000   0.243   25.540  0.585   3      -3.800  1.400   653     1175    62.6882984    -71.4119900   -1341946.2839400  -2702894.6171301  -1340546.2839400  -2699094.6171301  
162     912     1168    -16     25      62.2772540    -71.0041277   0.000   0.253   27.286  0.593   3      -3.200  5.000   896     1193    62.3214438    -70.9461733   -1341946.2839400  -2750894.6171301  -1336946.2839400  -2747694.6171301  
163     1440    1176    7       52      61.4539545    -70.1372685   0.000   0.247   23.518  0.455   3      1.400   10.400  1447    1228    61.4811968    -69.9553262   -1340346.2839400  -2856494.6171301  -1329946.2839400  -2857894.6171301  
164     720     1184    -19     6       62.5903904    -71.2685506   0.000   0.179   18.746  0.451   3      -3.800  1.200   701     1190    62.6247854    -71.2800389   -1338746.2839400  -2712494.6171301  -1337546.2839400  -2708694.6171301  
165     960     1184    -12     36      62.2141815    -70.8718123   0.000   0.199   18.268  0.365   2      -2.400  7.200   948     1220    62.2603633    -70.7702093   -1338746.2839400  -2760494.6171301  -1331546.2839400  -2758094.6171301  
166     992     1184    -12     38      62.1639694    -70.8197555   0.000   0.107   12.457  0.329   1      -2.400  7.600   980     1222    62.2116116    -70.7115239   -1338746.2839400  -2766894.6171301  -1331146.2839400  -2764494.6171301  
167     1088    1192    -12     40      62.0192981    -70.6380117   0.000   0.247   26.167  0.597   3      -2.400  8.000   1076    1232    62.0682530    -70.5233373   -1337146.2839400  -2786094.6171301  -1329146.2839400  -2783694.6171301  
168     1336    1192    5       55      61.6294301    -70.2457995   0.000   0.168   15.747  0.477   3      1.000   11.000  1341    1247    61.6622193    -70.0559488   -1337146.2839400  -2835694.6171301  -1326146.2839400  -2836694.6171301  
169     1376    1192    6       55      61.5664908    -70.1835874   0.000   0.255   27.737  0.565   3      1.200   11.000  1382    1247    61.5975972    -69.9925576   -1337146.2839400  -2843694.6171301  -1326146.2839400  -2844894.6171301  
170     848     1200    -14     18      62.4020834    -71.0014928   0.000   0.157   14.123  0.339   2      -2.800  3.600   834     1218    62.4378091    -70.9636746   -1335546.2839400  -2738094.6171301  -1331946.2839400  -2735294.6171301  
171     912     1200    -16     25      62.3016788    -70.8963531   0.000   0.322   34.880  0.685   3      -3.200  5.000   896     1225    62.3458221    -70.8381668   -1335546.2839400  -2750894.6171301  -1330546.2839400  -2747694.6171301  
172     1232    1200    4       49      61.7989713    -70.3823256   348.750  0.233   22.758  0.556   3      0.800   9.800   1236    1249    61.8291259    -70.2130094   -1335546.2839400  -2814894.6171301  -1325746.2839400  -2815694.6171301  
173     1272    1200    2       53      61.7360574    -70.3194089   354.375  0.102   9.803   0.273   1      0.400   10.600  1274    1253    61.7722255    -70.1402349   -1335546.2839400  -2822894.6171301  -1324946.2839400  -2823294.6171301  
174     664     1208    -19     6       62.6966637    -71.2809614   0.000   0.200   21.807  0.558   3      -3.800  1.200   645     1214    62.7310725    -71.2925124   -1333946.2839400  -2701294.6171301  -1332746.2839400  -2697494.6171301  
175     1184    1208    4       42      61.8804317    -70.4315657   348.750  0.132   13.429  0.358   2      0.800   8.400   1188    1250    61.9054607    -70.2851687   -1333946.2839400  -2805294.6171301  -1325546.2839400  -2806094.6171301  
176     568     1216    -20     2       62.8532227    -71.4161590   0.000   0.113   10.726  0.284   1      -4.000  0.400   548     1218    62.8860928    -71.4433855   -1332346.2839400  -2682094.6171301  -1331946.2839400  -2678094.6171301  
177     600     1216    -20     2       62.8031116    -71.3617894   354.375  0.083   8.887   0.365   2      -4.000  0.400   580     1218    62.8359868    -71.3888957   -1332346.2839400  -2688494.6171301  -1331946.2839400  -2684494.6171301  
178     272     1224    0       1       63.3224334    -71.9013185   0.000   0.230   23.318  0.505   3      0.000   0.200   272     1225    63.3232259    -71.8978439   -1330746.2839400  -2622894.6171301  -1330546.2839400  -2622894.6171301  
179     632     1224    -20     5       62.7591805    -71.2802851   0.000   0.107   9.766   0.283   1      -4.000  1.000   612     1229    62.7943909    -71.2969766   -1330746.2839400  -2694894.6171301  -1329746.2839400  -2690894.6171301  
180     696     1224    -18     5       62.6588664    -71.1726575   0.000   0.119   10.604  0.378   2      -3.600  1.000   678     1229    62.6909410    -71.1857849   -1330746.2839400  -2707694.6171301  -1329746.2839400  -2704094.6171301  
181     728     1224    -20     7       62.6086901    -71.1191504   0.000   0.161   16.462  0.304   2      -4.000  1.400   708     1231    62.6454390    -71.1287154   -1330746.2839400  -2714094.6171301  -1329346.2839400  -2710094.6171301  
182     1120    1224    -13     40      61.9930562    -70.4798496   0.000   0.224   22.008  0.491   3      -2.600  8.000   1107    1264    62.0434313    -70.3665899   -1330746.2839400  -2792494.6171301  -1322746.2839400  -2789894.6171301  
183     1376    1224    6       55      61.5901244    -70.0778949   0.000   0.314   32.299  0.665   3      1.200   11.000  1382    1279    61.6210656    -69.8865799   -1330746.2839400  -2843694.6171301  -1319746.2839400  -2844894.6171301  
184     1408    1232    6       54      61.5455956    -70.0020696   0.000   0.173   16.615  0.428   3      1.200   10.800  1414    1286    61.5756807    -69.8142924   -1329146.2839400  -2850094.6171301  -1318346.2839400  -2851294.6171301  
185     1440    1232    9       52      61.4951631    -69.9528778   0.000   0.179   17.802  0.420   3      1.800   10.400  1449    1284    61.5189722    -69.7674291   -1329146.2839400  -2856494.6171301  -1318746.2839400  -2858294.6171301  
186     448     1240    0       1       63.0598080    -71.5391614   0.000   0.133   13.777  0.310   2      0.000   0.200   448     1241    63.0605898    -71.5357109   -1327546.2839400  -2658094.6171301  -1327346.2839400  -2658094.6171301  
187     824     1240    -11     16      62.4702999    -70.9055928   354.375  0.181   19.023  0.490   3      -2.200  3.200   813     1256    62.4997702    -70.8694006   -1327546.2839400  -2733294.6171301  -1324346.2839400  -2731094.6171301  
188     1016    1240    -13     40      62.1686167    -70.5928162   0.000   0.220   22.060  0.490   3      -2.600  8.000   1003    1280    62.2191335    -70.4790255   -1327546.2839400  -2771694.6171301  -1319546.2839400  -2769094.6171301  
189     1048    1240    -14     41      62.1182964    -70.5413703   0.000   0.140   14.978  0.509   3      -2.800  8.200   1034    1281    62.1710780    -70.4259299   -1327546.2839400  -2778094.6171301  -1319346.2839400  -2775294.6171301  
190     1472    1240    9       51      61.4505738    -69.8775180   0.000   0.145   15.626  0.308   2      1.800   10.200  1481    1291    61.4735358    -69.6956082   -1327546.2839400  -2862894.6171301  -1317346.2839400  -2864694.6171301  
191     928     1248    -11     24      62.3129965    -70.7082772   5.625   0.233   24.708  0.570   3      -2.200  4.800   917     1272    62.3484334    -70.6450139   -1325946.2839400  -2754094.6171301  -1321146.2839400  -2751894.6171301  
192     504     1264    0       1       62.9907919    -71.3603248   0.000   0.218   21.715  0.524   3      0.000   0.200   504     1265    62.9915686    -71.3568781   -1322746.2839400  -2669294.6171301  -1322546.2839400  -2669294.6171301  
193     1232    1264    0       53      61.8465429    -70.1692867   337.500  0.083   8.134   0.195   1      0.000   10.600  1232    1317    61.8856610    -69.9922982   -1322746.2839400  -2814894.6171301  -1312146.2839400  -2814894.6171301  
194     1304    1264    1       59      61.7330653    -70.0569372   0.000   0.124   11.377  0.242   1      0.200   11.800  1305    1323    61.7748140    -69.8589801   -1322746.2839400  -2829294.6171301  -1310946.2839400  -2829494.6171301  
195     1344    1264    6       55      61.6700010    -69.9949254   0.000   0.114   10.808  0.266   1      1.200   11.000  1350    1319    61.7008201    -69.8029547   -1322746.2839400  -2837294.6171301  -1311746.2839400  -2838494.6171301  
196     1400    1264    6       54      61.5816860    -69.9085899   0.000   0.234   24.495  0.536   3      1.200   10.800  1406    1318    61.6116293    -69.7204619   -1322746.2839400  -2848494.6171301  -1311946.2839400  -2849694.6171301  
197     536     1280    0       1       62.9530178    -71.2506842   0.000   0.253   27.689  0.550   3      0.000   0.200   536     1281    62.9537914    -71.2472392   -1319546.2839400  -2675694.6171301  -1319346.2839400  -2675694.6171301  
198     664     1280    0       1       62.7521278    -71.0348903   0.000   0.131   13.780  0.272   1      0.000   0.200   664     1281    62.7528948    -71.0314654   -1319546.2839400  -2701294.6171301  -1319346.2839400  -2701294.6171301  
199     1200    1280    -2      39      61.9088215    -70.1660684   354.375  0.174   12.958  0.580   3      -0.400  7.800   1198    1319    61.9407911    -70.0387067   -1319546.2839400  -2808494.6171301  -1311746.2839400  -2808094.6171301  
200     1272    1288    -12     65      61.8012050    -70.0268173   354.375  0.130   14.098  0.351   2      -2.400  13.000  1260    1353    61.8678446    -69.8283646   -1317946.2839400  -2822894.6171301  -1304946.2839400  -2820494.6171301  
201     1376    1312    6       55      61.6546483    -69.7862990   0.000   0.105   12.152  0.293   1      1.200   11.000  1382    1367    61.6851331    -69.5942028   -1313146.2839400  -2843694.6171301  -1302146.2839400  -2844894.6171301  
202     856     1320    -3      24      62.4806400    -70.5813651   0.000   0.088   8.060   0.215   1      -0.600  4.800   853     1344    62.5034310    -70.5045186   -1311546.2839400  -2739694.6171301  -1306746.2839400  -2739094.6171301  
203     1200    1320    -8      39      61.9383720    -70.0322279   354.375  0.149   11.986  0.336   2      -1.600  7.800   1192    1359    61.9796846    -69.9139237   -1311546.2839400  -2808494.6171301  -1303746.2839400  -2806894.6171301  
204     1296    1328    -10     63      61.7926862    -69.8562103   5.625   0.102   9.507   0.260   1      -2.000  12.600  1286    1391    61.8544259    -69.6610256   -1309946.2839400  -2827694.6171301  -1297346.2839400  -2825694.6171301  
205     1144    1336    -9      31      62.0385537    -70.0663590   354.375  0.154   14.422  0.475   3      -1.800  6.200   1135    1367    62.0756130    -69.9761861   -1308346.2839400  -2797294.6171301  -1302146.2839400  -2795494.6171301  
206     1264    1344    -24     66      61.8549414    -69.8522783   0.000   0.080   9.428   0.392   2      -4.800  13.200  1240    1410    61.9410296    -69.6681481   -1306746.2839400  -2821294.6171301  -1293546.2839400  -2816494.6171301  
207     208     1352    0       0       63.5234942    -71.5667893   0.000   0.153   16.039  0.249   1      0.000   0.000   208     1352    63.5234942    -71.5667893   -1305146.2839400  -2610094.6171301  -1305146.2839400  -2610094.6171301  
208     1296    1368    -20     62      61.8218808    -69.7226084   0.000   0.118   10.944  0.263   1      -4.000  12.400  1276    1430    61.8985302    -69.5455916   -1301946.2839400  -2827694.6171301  -1289546.2839400  -2823694.6171301  
209     824     1472    0       0       62.6447722    -70.1133643   0.000   0.219   23.615  0.688   3      0.000   0.000   824     1472    62.6447722    -70.1133643   -1281146.2839400  -2733294.6171301  -1281146.2839400  -2733294.6171301  
210     864     1480    0       1       62.5874082    -70.0216211   0.000   0.157   15.585  0.245   1      0.000   0.200   864     1481    62.5881468    -70.0181886   -1279546.2839400  -2741294.6171301  -1279346.2839400  -2741294.6171301  
211     896     1496    -2      -2      62.5485444    -69.9155911   0.000   0.096   8.434   0.314   2      -0.400  -0.400  894     1494    62.5502400    -69.9256391   -1276346.2839400  -2747694.6171301  -1276746.2839400  -2747294.6171301  
212     800     1504    0       1       62.7064440    -70.0418711   0.000   0.156   14.898  0.320   2      0.000   0.200   800     1505    62.7071836    -70.0384236   -1274746.2839400  -2728494.6171301  -1274546.2839400  -2728494.6171301  
213     848     1576    0       1       62.6832859    -69.7166384   0.000   0.285   31.000  0.616   3      0.000   0.200   848     1577    62.6840164    -69.7131849   -1260346.2839400  -2738094.6171301  -1260146.2839400  -2738094.6171301  
