CP      startX  startY  dispX   dispY   sLat          sLon          theta   pCorr   pkStr   cCorr   conf   velX    velY    endX    endY    eLat          eLon          nps_startX    nps_startY    nps_endX      nps_endY      
0       1968    24      78      152     81.0111935    168.1872374   0.000   0.159   14.831  0.214   1      5.200   10.133  2046    176     81.2823690    167.1635934   -534050.7623010  816512.0043400  -503650.7623010  800912.0043400  
1       2248    24      61      164     81.4367498    170.0775010   0.000   0.205   19.236  0.428   3      4.067   10.933  2309    188     81.6995366    168.8158343   -534050.7623010  760512.0043400  -501250.7623010  748312.0043400  
2       2328    24      53      170     81.5565628    170.6524992   0.000   0.128   11.024  0.225   1      3.533   11.333  2381    194     81.8153114    169.2685513   -534050.7623010  744512.0043400  -500050.7623010  733912.0043400  
3       2416    24      53      169     81.6873690    171.3041369   0.000   0.270   24.130  0.534   3      3.533   11.267  2469    193     81.9473641    169.9292901   -534050.7623010  726912.0043400  -500250.7623010  716312.0043400  
4       2448    24      52      169     81.7346687    171.5462153   0.000   0.213   19.678  0.534   3      3.467   11.267  2500    193     81.9940005    170.1634475   -534050.7623010  720512.0043400  -500250.7623010  710112.0043400  
5       2712    24      46      167     82.1190682    173.6535896   0.000   0.222   20.254  0.502   3      3.067   11.133  2758    191     82.3745404    172.2448504   -534050.7623010  667712.0043400  -500650.7623010  658512.0043400  
6       2760    24      46      167     82.1877692    174.0589555   0.000   0.142   12.262  0.239   2      3.067   11.133  2806    191     82.4446011    172.6510249   -534050.7623010  658112.0043400  -500650.7623010  648912.0043400  
7       2088    32      77      149     81.2029055    168.8952580   0.000   0.097   8.796   0.292   1      5.133   9.933   2165    181     81.4715409    167.8955538   -532450.7623010  792512.0043400  -502650.7623010  777112.0043400  
8       2136    40      67      163     81.2841662    169.1390968   0.000   0.167   14.544  0.385   2      4.467   10.867  2203    203     81.5520828    167.9226236   -530850.7623010  782912.0043400  -498250.7623010  769512.0043400  
9       2384    40      53      169     81.6571937    170.9010971   0.000   0.207   20.763  0.529   3      3.533   11.267  2437    209     81.9157830    169.5185488   -530850.7623010  733312.0043400  -497050.7623010  722712.0043400  
10      2568    40      54      169     81.9285748    172.3130529   0.000   0.133   13.163  0.284   1      3.600   11.267  2622    209     82.1935249    170.9371582   -530850.7623010  696512.0043400  -497050.7623010  685712.0043400  
11      2656    40      47      169     82.0565820    173.0223477   0.000   0.189   18.359  0.425   3      3.133   11.267  2703    209     82.3135785    171.5904715   -530850.7623010  678912.0043400  -497050.7623010  669512.0043400  
12      2208    48      63      165     81.4016071    169.5539984   0.000   0.103   8.314   0.285   1      4.200   11.000  2271    213     81.6667422    168.2846093   -529250.7623010  768512.0043400  -496250.7623010  755912.0043400  
13      2280    48      61      164     81.5101720    170.0619395   0.000   0.175   17.772  0.411   3      4.067   10.933  2341    212     81.7729135    168.7884777   -529250.7623010  754112.0043400  -496450.7623010  741912.0043400  
14      1960    56      78      152     81.0308712    167.8204591   0.000   0.246   25.551  0.575   3      5.200   10.133  2038    208     81.3010204    166.7830942   -527650.7623010  818112.0043400  -497250.7623010  802512.0043400  
15      2312    56      54      171     81.5666907    170.2101279   0.000   0.103   10.540  0.261   1      3.600   11.400  2366    227     81.8264110    168.8070421   -527650.7623010  747712.0043400  -493450.7623010  736912.0043400  
16      2728    56      47      167     82.1787208    173.4510681   0.000   0.147   12.854  0.404   3      3.133   11.133  2775    223     82.4349749    172.0328120   -527650.7623010  664512.0043400  -494250.7623010  655112.0043400  
17      1904    64      79      153     80.9522003    167.3878508   0.000   0.220   22.742  0.575   3      5.267   10.200  1983    217     81.2236286    166.3425425   -526050.7623010  829312.0043400  -495450.7623010  813512.0043400  
18      2344    64      54      170     81.6231564    170.3603221   0.000   0.214   20.518  0.395   2      3.600   11.333  2398    234     81.8823899    168.9630143   -526050.7623010  741312.0043400  -492050.7623010  730512.0043400  
19      2520    64      55      170     81.8846755    171.6859708   0.000   0.232   23.517  0.511   3      3.667   11.333  2575    234     82.1500558    170.2936324   -526050.7623010  706112.0043400  -492050.7623010  695112.0043400  
20      2392    72      58      169     81.7034745    170.6308642   0.000   0.207   20.381  0.516   3      3.867   11.267  2450    241     81.9687094    169.2686940   -524450.7623010  731712.0043400  -490650.7623010  720112.0043400  
21      2552    72      55      171     81.9405751    171.8524297   0.000   0.170   16.665  0.486   3      3.667   11.400  2607    243     82.2075924    170.4446723   -524450.7623010  699712.0043400  -490250.7623010  688712.0043400  
22      2592    72      53      171     81.9992688    172.1691266   0.000   0.199   20.189  0.392   2      3.533   11.400  2645    243     82.2643904    170.7455828   -524450.7623010  691712.0043400  -490250.7623010  681112.0043400  
23      2664    72      52      170     82.1043009    172.7510459   0.000   0.136   12.681  0.353   2      3.467   11.333  2716    242     82.3688513    171.3309683   -524450.7623010  677312.0043400  -490450.7623010  666912.0043400  
24      2128    80      69      164     81.3129497    168.6821164   0.000   0.182   18.469  0.367   2      4.600   10.933  2197    244     81.5834751    167.4498985   -522850.7623010  784512.0043400  -490050.7623010  770712.0043400  
25      2464    80      56      170     81.8192853    171.0884140   0.000   0.193   17.727  0.406   3      3.733   11.333  2520    250     82.0841109    169.6953724   -522850.7623010  717312.0043400  -488850.7623010  706112.0043400  
26      1936    88      80      152     81.0253868    167.3510789   0.000   0.123   13.001  0.316   1      5.333   10.133  2016    240     81.2973377    166.3124701   -521250.7623010  822912.0043400  -490850.7623010  806912.0043400  
27      2312    88      59      170     81.6004412    169.8814216   0.000   0.139   14.666  0.353   2      3.933   11.333  2371    258     81.8656246    168.5087281   -521250.7623010  747712.0043400  -487250.7623010  735912.0043400  
28      2432    88      57      169     81.7803017    170.7631733   0.000   0.161   16.985  0.493   3      3.800   11.267  2489    257     82.0444760    169.3846941   -521250.7623010  723712.0043400  -487450.7623010  712312.0043400  
29      2632    88      53      171     82.0755813    172.3213000   0.000   0.261   27.874  0.536   3      3.533   11.400  2685    259     82.3412279    170.8887680   -521250.7623010  683712.0043400  -487050.7623010  673112.0043400  
30      2768    88      51      168     82.2728774    173.4485170   0.000   0.098   9.985   0.410   3      3.400   11.200  2819    256     82.5361001    172.0350254   -521250.7623010  656512.0043400  -487650.7623010  646312.0043400  
31      1968    96      80      152     81.0828424    167.4738001   0.000   0.164   16.629  0.355   2      5.333   10.133  2048    248     81.3551507    166.4321181   -519650.7623010  816512.0043400  -489250.7623010  800512.0043400  
32      2208    96      65      167     81.4512921    169.0656851   0.000   0.113   10.992  0.343   2      4.333   11.133  2273    263     81.7198807    167.7655061   -519650.7623010  768512.0043400  -486250.7623010  755512.0043400  
33      2240    96      64      168     81.4999104    169.2883623   0.000   0.152   13.665  0.232   1      4.267   11.200  2304    264     81.7687109    167.9699713   -519650.7623010  762112.0043400  -486050.7623010  749312.0043400  
34      2496    96      56      171     81.8841057    171.1654426   0.000   0.151   14.817  0.456   3      3.733   11.400  2552    267     82.1502464    169.7523921   -519650.7623010  710912.0043400  -485450.7623010  699712.0043400  
35      2400    104     59      169     81.7495718    170.3575953   0.000   0.193   18.294  0.435   3      3.933   11.267  2459    273     82.0153909    168.9859191   -518050.7623010  730112.0043400  -484250.7623010  718312.0043400  
36      2688    104     51      170     82.1751613    172.6078499   0.000   0.136   13.999  0.329   2      3.400   11.333  2739    274     82.4377379    171.1612040   -518050.7623010  672512.0043400  -484050.7623010  662312.0043400  
37      2800    104     48      170     82.3372241    173.5500750   0.000   0.134   13.503  0.260   1      3.200   11.333  2848    274     82.5986013    172.0792433   -518050.7623010  650112.0043400  -484050.7623010  640512.0043400  
38      2464    112     57      171     81.8537772    170.7531570   0.000   0.255   26.740  0.576   3      3.800   11.400  2521    283     82.1199925    169.3393222   -516450.7623010  717312.0043400  -482250.7623010  705912.0043400  
39      1752    120     93      136     80.7686774    165.9158832   0.000   0.137   14.280  0.368   2      6.200   9.067   1845    256     81.0424262    165.1038334   -514850.7623010  859712.0043400  -487650.7623010  841112.0043400  
40      1928    120     81      153     81.0442260    166.9819289   0.000   0.133   13.278  0.359   2      5.400   10.200  2009    273     81.3176489    165.9253578   -514850.7623010  824512.0043400  -484250.7623010  808312.0043400  
41      2136    120     70      167     81.3657420    168.3293198   0.000   0.131   12.604  0.318   2      4.667   11.133  2206    287     81.6396030    167.0525536   -514850.7623010  782912.0043400  -481450.7623010  768912.0043400  
42      2272    120     64      168     81.5732995    169.2657849   0.000   0.106   8.909   0.414   3      4.267   11.200  2336    288     81.8420276    167.9347516   -514850.7623010  755712.0043400  -481250.7623010  742912.0043400  
43      2304    120     59      170     81.6218083    169.4928788   0.000   0.157   14.867  0.335   2      3.933   11.333  2363    290     81.8856258    168.1039653   -514850.7623010  749312.0043400  -480850.7623010  737512.0043400  
44      1856    128     80      153     80.9395400    166.4585134   0.000   0.090   8.635   0.343   2      5.333   10.200  1936    281     81.2098456    165.3922898   -513250.7623010  838912.0043400  -482650.7623010  822912.0043400  
45      2232    128     65      168     81.5206885    168.9029766   0.000   0.141   14.764  0.418   3      4.333   11.200  2297    296     81.7897210    167.5756399   -513250.7623010  763712.0043400  -479650.7623010  750712.0043400  
46      2344    128     59      170     81.6906355    169.6969696   0.000   0.216   21.339  0.533   3      3.933   11.333  2403    298     81.9551741    168.3027950   -513250.7623010  741312.0043400  -479250.7623010  729512.0043400  
47      1624    136     99      130     80.5811657    165.0250221   0.000   0.225   22.318  0.570   3      6.600   8.667   1723    266     80.8570315    164.2973859   -511650.7623010  885312.0043400  -485650.7623010  865512.0043400  
48      1680    136     95      134     80.6699657    165.3420500   0.000   0.196   18.675  0.419   3      6.333   8.933   1775    270     80.9437531    164.5533510   -511650.7623010  874112.0043400  -484850.7623010  855112.0043400  
49      1992    136     76      160     81.1593490    167.2246801   0.000   0.128   11.449  0.255   1      5.067   10.667  2068    296     81.4322677    166.0558881   -511650.7623010  811712.0043400  -479650.7623010  796512.0043400  
50      2024    136     73      165     81.2089893    167.4296222   0.000   0.107   8.749   0.309   2      4.867   11.000  2097    301     81.4826047    166.1882582   -511650.7623010  805312.0043400  -478650.7623010  790712.0043400  
51      2432    136     57      171     81.8315264    170.2595915   0.000   0.291   29.791  0.624   3      3.800   11.400  2489    307     82.0960051    168.8332823   -511650.7623010  723712.0043400  -477450.7623010  712312.0043400  
52      2552    136     54      174     82.0105534    171.1754102   0.000   0.222   22.008  0.521   3      3.600   11.600  2606    310     82.2768473    169.6901878   -511650.7623010  699712.0043400  -476850.7623010  688912.0043400  
53      1592    144     99      129     80.5375948    164.7691448   0.000   0.176   16.126  0.387   2      6.600   8.600   1691    273     80.8120222    164.0473327   -510050.7623010  891712.0043400  -484250.7623010  871912.0043400  
54      2400    144     58      171     81.7918765    169.9378606   0.000   0.187   18.958  0.472   3      3.867   11.400  2458    315     82.0567451    168.5154146   -510050.7623010  730112.0043400  -475850.7623010  718512.0043400  
55      2808    144     50      169     82.3943996    173.1848360   0.000   0.164   15.053  0.328   2      3.333   11.267  2858    313     82.6563674    171.7183729   -510050.7623010  648512.0043400  -476250.7623010  638512.0043400  
56      2200    152     66      169     81.4962127    168.4339748   0.000   0.089   9.550   0.293   1      4.400   11.267  2266    321     81.7661643    167.0913489   -508450.7623010  770112.0043400  -474650.7623010  756912.0043400  
57      2712    152     51      173     82.2638311    172.2886242   0.000   0.301   30.919  0.624   3      3.400   11.533  2763    325     82.5285293    170.7792522   -508450.7623010  667712.0043400  -473850.7623010  657512.0043400  
58      2744    152     51      172     82.3105481    172.5549392   0.000   0.214   22.782  0.534   3      3.400   11.467  2795    324     82.5751035    171.0569890   -508450.7623010  661312.0043400  -474050.7623010  651112.0043400  
59      1928    160     83      155     81.0828947    166.5802141   0.000   0.248   24.905  0.556   3      5.533   10.333  2011    315     81.3601920    165.4975897   -506850.7623010  824512.0043400  -475850.7623010  807912.0043400  
60      2096    160     71      167     81.3441305    167.6535127   0.000   0.097   8.198   0.246   1      4.733   11.133  2167    327     81.6172770    166.3647169   -506850.7623010  790912.0043400  -473450.7623010  776712.0043400  
61      2520    160     55      174     81.9888087    170.6709761   0.000   0.182   18.284  0.486   3      3.667   11.600  2575    334     82.2547956    169.1804373   -506850.7623010  706112.0043400  -472050.7623010  695112.0043400  
62      2288    168     61      170     81.6470364    168.8781568   0.000   0.116   11.935  0.282   1      4.067   11.333  2349    338     81.9117670    167.4790757   -505250.7623010  752512.0043400  -471250.7623010  740312.0043400  
63      2448    168     58      172     81.8894120    170.0396175   0.000   0.109   10.615  0.241   1      3.867   11.467  2506    340     82.1556581    168.5916307   -505250.7623010  720512.0043400  -470850.7623010  708912.0043400  
64      2552    168     54      175     82.0451223    170.8324435   0.000   0.288   29.396  0.636   3      3.600   11.667  2606    343     82.3112104    169.3174127   -505250.7623010  699712.0043400  -470250.7623010  688912.0043400  
65      1632    176     98      131     80.6304173    164.6799553   0.000   0.222   23.801  0.524   3      6.533   8.733   1730    307     80.9048564    163.9221174   -503650.7623010  883712.0043400  -477450.7623010  864112.0043400  
66      1664    176     98      131     80.6813740    164.8594428   0.000   0.130   12.562  0.313   2      6.533   8.733   1762    307     80.9562129    164.1027736   -503650.7623010  877312.0043400  -477450.7623010  857712.0043400  
67      1752    176     93      136     80.8210438    165.3633334   0.000   0.119   12.496  0.513   3      6.200   9.067   1845    312     81.0935360    164.5295326   -503650.7623010  859712.0043400  -476450.7623010  841112.0043400  
68      2136    176     69      168     81.4218110    167.7533563   0.000   0.133   11.046  0.352   2      4.600   11.200  2205    344     81.6931257    166.4316197   -503650.7623010  782912.0043400  -470050.7623010  769112.0043400  
69      2168    176     68      168     81.4711731    167.9677056   0.000   0.146   15.265  0.314   2      4.533   11.200  2236    344     81.7416632    166.6383482   -503650.7623010  776512.0043400  -470050.7623010  762912.0043400  
70      2376    176     61      171     81.7890694    169.4236667   0.000   0.131   12.352  0.349   2      4.067   11.400  2437    347     82.0567279    168.0064735   -503650.7623010  734912.0043400  -469450.7623010  722712.0043400  
71      2624    176     53      175     82.1607352    171.3129790   0.000   0.236   25.616  0.550   3      3.533   11.667  2677    351     82.4270579    169.7836035   -503650.7623010  685312.0043400  -468650.7623010  674712.0043400  
72      2656    176     53      174     82.2080513    171.5698660   0.000   0.271   28.920  0.546   3      3.533   11.600  2709    350     82.4742485    170.0513773   -503650.7623010  678912.0043400  -468850.7623010  668312.0043400  
73      1536    184     98      128     80.4841702    164.0755953   0.000   0.161   16.029  0.344   2      6.533   8.533   1634    312     80.7546385    163.3420349   -502050.7623010  902912.0043400  -476450.7623010  883312.0043400  
74      1704    184     94      134     80.7522946    165.0075745   0.000   0.138   12.650  0.454   3      6.267   8.933   1798    318     81.0237503    164.1956709   -502050.7623010  869312.0043400  -475250.7623010  850512.0043400  
75      2480    184     56      175     81.9544275    170.1088304   0.000   0.246   26.455  0.645   3      3.733   11.667  2536    359     82.2209121    168.6021004   -502050.7623010  714112.0043400  -467050.7623010  702912.0043400  
76      2584    184     54      175     82.1100080    170.9095736   0.000   0.318   33.233  0.619   3      3.600   11.667  2638    359     82.3763752    169.3842822   -502050.7623010  693312.0043400  -467050.7623010  682512.0043400  
77      2744    184     51      173     82.3462616    172.2048167   0.000   0.239   25.047  0.577   3      3.400   11.533  2795    357     82.6106573    170.6755798   -502050.7623010  661312.0043400  -467450.7623010  651112.0043400  
78      2784    184     51      172     82.4047016    172.5412019   0.000   0.130   12.196  0.235   1      3.400   11.467  2835    356     82.6692038    171.0234656   -502050.7623010  653312.0043400  -467650.7623010  643112.0043400  
79      1600    192     97      130     80.5937921    164.3461517   0.000   0.170   17.230  0.393   2      6.467   8.667   1697    322     80.8650075    163.5859558   -500450.7623010  890112.0043400  -474450.7623010  870712.0043400  
80      1784    192     91      138     80.8865491    165.3907873   0.000   0.192   19.409  0.354   2      6.067   9.200   1875    330     81.1577372    164.5190766   -500450.7623010  853312.0043400  -472850.7623010  835112.0043400  
81      1904    192     83      154     81.0758253    166.1090045   0.000   0.096   9.245   0.200   1      5.533   10.267  1987    346     81.3508124    165.0227979   -500450.7623010  829312.0043400  -469650.7623010  812712.0043400  
82      2064    192     71      167     81.3259818    167.1153590   0.000   0.106   10.314  0.319   2      4.733   11.133  2135    359     81.5972920    165.8119994   -500450.7623010  797312.0043400  -467050.7623010  783112.0043400  
83      2272    200     61      171     81.6551462    168.4290803   0.000   0.194   18.791  0.299   1      4.067   11.400  2333    371     81.9192490    167.0029316   -498850.7623010  755712.0043400  -464650.7623010  743512.0043400  
84      2344    200     61      171     81.7652060    168.9377759   0.000   0.184   19.299  0.371   2      4.067   11.400  2405    371     82.0311375    167.5086736   -498850.7623010  741312.0043400  -464650.7623010  729112.0043400  
85      2512    200     55      176     82.0194360    170.1791746   0.000   0.218   22.672  0.583   3      3.667   11.733  2567    376     82.2856654    168.6431339   -498850.7623010  707712.0043400  -463650.7623010  696712.0043400  
86      2544    200     55      176     82.0674298    170.4246511   0.000   0.282   29.767  0.636   3      3.667   11.733  2599    376     82.3345682    168.8874383   -498850.7623010  701312.0043400  -463650.7623010  690312.0043400  
87      2688    200     52      174     82.2815764    171.5669995   0.000   0.270   29.523  0.607   3      3.467   11.600  2740    374     82.5462533    170.0252477   -498850.7623010  672512.0043400  -464050.7623010  662112.0043400  
88      1408    208     105     119     80.2992050    163.1706120   0.000   0.129   10.039  0.426   3      7.000   7.933   1513    327     80.5714397    162.5511361   -497250.7623010  928512.0043400  -473450.7623010  907512.0043400  
89      1496    208     97      127     80.4411564    163.6293461   0.000   0.237   23.413  0.459   3      6.467   8.467   1593    335     80.7081792    162.8909365   -497250.7623010  910912.0043400  -471850.7623010  891512.0043400  
90      2656    208     53      175     82.2429519    171.2199048   0.000   0.209   22.279  0.527   3      3.533   11.667  2709    383     82.5089301    169.6704122   -497250.7623010  678912.0043400  -462250.7623010  668312.0043400  
91      1536    216     97      128     80.5125527    163.7644490   0.000   0.138   13.371  0.335   2      6.467   8.533   1633    344     80.7807462    163.0141084   -495650.7623010  902912.0043400  -470050.7623010  883512.0043400  
92      1704    216     93      135     80.7815169    164.6902495   0.000   0.229   23.186  0.566   3      6.200   9.000   1797    351     81.0515313    163.8500340   -495650.7623010  869312.0043400  -468650.7623010  850712.0043400  
93      2128    216     68      168     81.4489113    167.2844926   0.000   0.263   26.555  0.592   3      4.533   11.200  2196    384     81.7170288    165.9366191   -495650.7623010  784512.0043400  -462050.7623010  770912.0043400  
94      2160    216     68      169     81.4985350    167.4967915   0.000   0.193   19.685  0.446   3      4.533   11.267  2228    385     81.7683463    166.1366715   -495650.7623010  778112.0043400  -461850.7623010  764512.0043400  
95      2192    216     66      169     81.5480441    167.7115894   0.000   0.165   16.624  0.373   2      4.400   11.267  2258    385     81.8154718    166.3368385   -495650.7623010  771712.0043400  -461850.7623010  758512.0043400  
96      2480    216     56      176     81.9881016    169.7637362   0.000   0.239   25.295  0.567   3      3.733   11.733  2536    392     82.2543166    168.2272742   -495650.7623010  714112.0043400  -460450.7623010  702912.0043400  
97      2584    216     55      176     82.1443574    170.5610864   0.000   0.184   18.082  0.461   3      3.667   11.733  2639    392     82.4119959    169.0130130   -495650.7623010  693312.0043400  -460450.7623010  682312.0043400  
98      2624    216     54      176     82.2040481    170.8762720   0.000   0.236   24.481  0.411   3      3.600   11.733  2678    392     82.4713247    169.3191179   -495650.7623010  685312.0043400  -460450.7623010  674512.0043400  
99      1240    224     108     103     80.0400705    162.1807928   0.000   0.124   11.431  0.201   1      7.200   6.867   1348    327     80.3021405    161.7205388   -494050.7623010  962112.0043401  -473450.7623010  940512.0043400  
100     1864    224     83      154     81.0428751    165.5424666   0.000   0.110   10.396  0.329   2      5.533   10.267  1947    378     81.3161761    164.4425486   -494050.7623010  837312.0043400  -463250.7623010  820712.0043400  
101     1904    224     77      162     81.1060306    165.7837665   0.000   0.155   15.430  0.437   3      5.133   10.800  1981    386     81.3777449    164.5619006   -494050.7623010  829312.0043400  -461650.7623010  813912.0043400  
102     1944    224     76      162     81.1690319    166.0285269   0.000   0.165   12.809  0.353   2      5.067   10.800  2020    386     81.4399652    164.7992541   -494050.7623010  821312.0043400  -461650.7623010  806112.0043400  
103     2096    224     70      168     81.4069670    166.9913554   0.000   0.147   11.271  0.451   3      4.667   11.200  2166    392     81.6772137    165.6538588   -494050.7623010  790912.0043400  -460450.7623010  776912.0043400  
104     2408    224     58      176     81.8873243    169.1437155   0.000   0.174   16.783  0.374   3      3.867   11.733  2466    400     82.1543074    167.6207784   -494050.7623010  728512.0043400  -458850.7623010  716912.0043400  
105     2728    224     52      173     82.3669151    171.6300301   0.000   0.297   31.774  0.703   3      3.467   11.533  2780    397     82.6307567    170.0843508   -494050.7623010  664512.0043400  -459450.7623010  654112.0043400  
106     1632    232     96      131     80.6808562    164.1288492   0.000   0.212   20.769  0.489   3      6.400   8.733   1728    363     80.9508785    163.3389830   -492450.7623010  883712.0043400  -466250.7623010  864512.0043400  
107     2288    232     61      171     81.7119929    168.2011038   0.000   0.234   24.230  0.421   3      4.067   11.400  2349    403     81.9752697    166.7573750   -492450.7623010  752512.0043400  -458250.7623010  740312.0043400  
108     2336    232     60      172     81.7856355    168.5390260   0.000   0.111   11.174  0.213   1      4.000   11.467  2396    404     82.0495544    167.0747085   -492450.7623010  742912.0043400  -458050.7623010  730912.0043400  
109     2520    232     56      176     82.0652344    169.8923692   0.000   0.206   19.603  0.507   3      3.733   11.733  2576    408     82.3319254    168.3448395   -492450.7623010  706112.0043400  -457250.7623010  694912.0043400  
110     2784    232     52      172     82.4581495    172.0081019   0.000   0.174   16.938  0.263   1      3.467   11.467  2836    404     82.7222667    170.4684511   -492450.7623010  653312.0043400  -458050.7623010  642912.0043400  
111     1304    240     108     106     80.1577897    162.3416525   0.000   0.121   12.849  0.290   1      7.200   7.067   1412    346     80.4226090    161.8506442   -490850.7623010  949312.0043400  -469650.7623010  927712.0043400  
112     1488    240     96      127     80.4562175    163.2763219   0.000   0.216   21.911  0.394   2      6.400   8.467   1584    367     80.7208564    162.5212898   -490850.7623010  912512.0043400  -465450.7623010  893312.0043400  
113     2000    240     73      166     81.2722267    166.2118739   0.000   0.151   15.973  0.384   2      4.867   11.067  2073    406     81.5426668    164.9114233   -490850.7623010  810112.0043400  -457650.7623010  795512.0043400  
114     2552    240     56      176     82.1218533    170.0498131   0.000   0.205   21.492  0.463   3      3.733   11.733  2608    416     82.3891271    168.4962158   -490850.7623010  699712.0043400  -455650.7623010  688512.0043400  
115     2656    240     54      176     82.2775627    170.8667842   0.000   0.266   27.927  0.547   3      3.600   11.733  2710    416     82.5447988    169.2938927   -490850.7623010  678912.0043400  -455650.7623010  668112.0043400  
116     2688    240     53      175     82.3251555    171.1248308   0.000   0.202   20.326  0.509   3      3.533   11.667  2741    415     82.5907799    169.5547128   -490850.7623010  672512.0043400  -455850.7623010  661912.0043400  
117     1200    248     108     100     79.9946819    161.7629055   0.000   0.080   7.308   0.272   1      7.200   6.667   1308    348     80.2537105    161.3226639   -489250.7623010  970112.0043401  -469250.7623010  948512.0043400  
118     1688    248     93      135     80.7848616    164.2810121   0.000   0.160   14.965  0.358   2      6.200   9.000   1781    383     81.0539079    163.4281464   -489250.7623010  872512.0043400  -462250.7623010  853912.0043400  
119     2248    248     64      170     81.6663509    167.7538902   0.000   0.116   9.950   0.202   1      4.267   11.333  2312    418     81.9317490    166.3354978   -489250.7623010  760512.0043400  -455250.7623010  747712.0043400  
120     2592    248     55      177     82.1904253    170.2719274   0.000   0.244   25.242  0.468   3      3.667   11.800  2647    425     82.4580089    168.6925591   -489250.7623010  691712.0043400  -453850.7623010  680712.0043400  
121     1912    256     77      162     81.1486057    165.5046831   0.000   0.284   30.456  0.625   3      5.133   10.800  1989    418     81.4194010    164.2679404   -487650.7623010  827712.0043400  -455250.7623010  812312.0043400  
122     1240    264     107     102     80.0733467    161.8025154   0.000   0.112   11.615  0.258   1      7.133   6.800   1347    366     80.3324396    161.3353278   -486050.7623010  962112.0043401  -465650.7623010  940712.0043400  
123     2040    264     70      167     81.3578753    166.2143421   0.000   0.210   21.382  0.477   3      4.667   11.133  2110    431     81.6244682    164.8708307   -486050.7623010  802112.0043400  -452650.7623010  788112.0043400  
124     2080    264     70      167     81.4206082    166.4694780   0.000   0.174   17.550  0.388   2      4.667   11.133  2150    431     81.6881013    165.1239432   -486050.7623010  794112.0043400  -452650.7623010  780112.0043400  
125     2288    264     60      172     81.7440355    167.8585924   0.000   0.216   21.410  0.448   3      4.000   11.467  2348    436     82.0054510    166.3797195   -486050.7623010  752512.0043400  -451650.7623010  740512.0043400  
126     2784    264     47      176     82.4934171    171.6484928   0.000   0.149   14.071  0.484   3      3.133   11.733  2831    440     82.7529527    169.9987296   -486050.7623010  653312.0043400  -450850.7623010  643912.0043400  
127     1488    272     96      127     80.4838789    162.9637414   0.000   0.192   19.471  0.449   3      6.400   8.467   1584    399     80.7478380    162.1975013   -484450.7623010  912512.0043400  -459050.7623010  893312.0043400  
128     1624    272     95      131     80.7034828    163.6878788   0.000   0.241   25.174  0.575   3      6.333   8.733   1719    403     80.9708957    162.8773785   -484450.7623010  885312.0043400  -458250.7623010  866312.0043400  
129     1760    272     88      144     80.9216016    164.4470842   0.000   0.137   12.539  0.277   2      5.867   9.600   1848    416     81.1909013    163.4626061   -484450.7623010  858112.0043400  -455650.7623010  840512.0043400  
130     2328    272     60      172     81.8136924    168.0518803   0.000   0.155   15.168  0.368   2      4.000   11.467  2388    444     82.0758214    166.5663038   -484450.7623010  744512.0043400  -450050.7623010  732512.0043400  
131     1376    280     103     118     80.3087302    162.3148398   0.000   0.116   11.711  0.290   1      6.867   7.867   1479    398     80.5752752    161.6699702   -482850.7623010  934912.0043400  -459250.7623010  914312.0043400  
132     1584    280     95      130     80.6460298    163.3919973   0.000   0.166   15.981  0.390   2      6.333   8.667   1679    410     80.9118980    162.5882383   -482850.7623010  893312.0043400  -456850.7623010  874312.0043400  
133     1680    280     92      134     80.8005894    163.9158232   0.000   0.152   15.249  0.416   3      6.133   8.933   1772    414     81.0662798    163.0553351   -482850.7623010  874112.0043400  -456050.7623010  855712.0043400  
134     2232    280     63      171     81.6731786    167.3027912   0.000   0.134   14.178  0.401   3      4.200   11.400  2295    451     81.9363143    165.8505221   -482850.7623010  763712.0043400  -448650.7623010  751112.0043400  
135     2536    280     55      178     82.1396202    169.4863083   0.000   0.237   23.045  0.432   3      3.667   11.867  2591    458     82.4052376    167.8785597   -482850.7623010  702912.0043400  -447250.7623010  691912.0043400  
136     1272    288     106     105     80.1455327    161.7276348   0.000   0.155   15.138  0.493   3      7.067   7.000   1378    393     80.4053317    161.2204239   -481250.7623010  955712.0043400  -460250.7623010  934512.0043400  
137     1304    288     103     116     80.1978931    161.8825873   0.000   0.080   7.697   0.202   1      6.867   7.733   1407    404     80.4619547    161.2530114   -481250.7623010  949312.0043400  -458050.7623010  928712.0043400  
138     1896    288     77      162     81.1528745    165.0787271   0.000   0.177   17.585  0.431   3      5.133   10.800  1973    450     81.4222472    163.8280065   -481250.7623010  830912.0043400  -448850.7623010  815512.0043400  
139     2632    288     54      177     82.2928912    170.1409233   0.000   0.184   18.235  0.280   1      3.600   11.800  2686    465     82.5584414    168.5272283   -481250.7623010  683712.0043400  -445850.7623010  672912.0043400  
140     2672    288     50      179     82.3529042    170.4589575   0.000   0.196   18.474  0.376   2      3.333   11.933  2722    467     82.6155812    168.7878395   -481250.7623010  675712.0043400  -445450.7623010  665712.0043400  
141     1032    296     106     85      79.7571010    160.5420571   0.000   0.129   12.106  0.263   1      7.067   5.667   1138    381     79.9993558    160.2150712   -479650.7623010  1003712.0043401  -462650.7623010  982512.0043401  
142     1936    296     74      165     81.2237453    165.2366282   0.000   0.156   17.655  0.544   3      4.933   11.000  2010    461     81.4915013    163.9298230   -479650.7623010  822912.0043400  -446650.7623010  808112.0043400  
143     1968    296     73      165     81.2744523    165.4316253   0.000   0.130   13.194  0.388   2      4.867   11.000  2041    461     81.5412851    164.1170312   -479650.7623010  816512.0043400  -446650.7623010  801912.0043400  
144     2072    296     69      168     81.4385595    166.0813386   0.000   0.112   14.586  0.322   2      4.600   11.200  2141    464     81.7040019    164.7030977   -479650.7623010  795712.0043400  -446050.7623010  781912.0043400  
145     2104    296     67      168     81.4888345    166.2863003   0.000   0.162   16.479  0.276   1      4.467   11.200  2171    464     81.7518263    164.8934275   -479650.7623010  789312.0043400  -446050.7623010  775912.0043400  
146     1112    304     105     94      79.8955568    160.8268953   0.000   0.101   8.544   0.226   1      7.000   6.267   1217    398     80.1435815    160.4107433   -478050.7623010  987712.0043401  -459250.7623010  966712.0043400  
147     1440    304     95      125     80.4331896    162.4035898   0.000   0.158   16.235  0.400   2      6.333   8.333   1535    429     80.6925982    161.6408661   -478050.7623010  922112.0043400  -453050.7623010  903112.0043400  
148     1504    304     95      127     80.5372432    162.7321608   0.000   0.245   24.957  0.482   3      6.333   8.467   1599    431     80.7990666    161.9496090   -478050.7623010  909312.0043400  -452650.7623010  890312.0043400  
149     1616    304     94      131     80.7186042    163.3249273   0.000   0.208   20.464  0.484   3      6.267   8.733   1710    435     80.9835576    162.4968975   -478050.7623010  886912.0043400  -451850.7623010  868112.0043400  
150     1648    304     92      133     80.7702436    163.4985803   0.000   0.140   11.698  0.282   1      6.133   8.867   1740    437     81.0340660    162.6391058   -478050.7623010  880512.0043400  -451450.7623010  862112.0043400  
151     1752    304     88      144     80.9374989    164.0766499   0.000   0.166   16.089  0.433   3      5.867   9.600   1840    448     81.2057912    163.0790740   -478050.7623010  859712.0043400  -449250.7623010  842112.0043400  
152     2272    304     59      172     81.7588471    167.3167602   0.000   0.227   22.991  0.484   3      3.933   11.467  2331    476     82.0166631    165.8108074   -478050.7623010  755712.0043400  -443650.7623010  743912.0043400  
153     2312    304     59      173     81.8208567    167.5928742   0.000   0.181   17.151  0.376   2      3.933   11.533  2371    477     82.0806566    166.0726065   -478050.7623010  747712.0043400  -443450.7623010  735912.0043400  
154     2448    304     56      177     82.0302585    168.5637796   0.000   0.255   26.150  0.555   3      3.733   11.800  2504    481     82.2928977    166.9664929   -478050.7623010  720512.0043400  -442650.7623010  709312.0043400  
155     2704    304     49      178     82.4178806    170.5360203   0.000   0.342   35.798  0.694   3      3.267   11.867  2753    482     82.6782958    168.8567112   -478050.7623010  669312.0043400  -442450.7623010  659512.0043400  
156     2792    304     41      182     82.5489507    171.2611907   0.000   0.210   20.250  0.458   3      2.733   12.133  2833    486     82.8041770    169.4623220   -478050.7623010  651712.0043400  -441650.7623010  643512.0043400  
157     1392    312     95      124     80.3616457    162.0838981   0.000   0.174   13.915  0.421   3      6.333   8.267   1487    436     80.6195099    161.3282659   -476450.7623010  931712.0043400  -451650.7623010  912712.0043400  
158     1680    312     92      134     80.8288356    163.5934020   0.000   0.196   19.233  0.440   3      6.133   8.933   1772    446     81.0937539    162.7205674   -476450.7623010  874112.0043400  -449650.7623010  855712.0043400  
159     1720    312     92      135     80.8932158    163.8153219   0.000   0.105   10.012  0.338   2      6.133   9.000   1812    447     81.1595463    162.9322111   -476450.7623010  866112.0043400  -449450.7623010  847712.0043400  
160     2240    312     62      171     81.7169071    167.0124518   0.000   0.122   11.710  0.356   2      4.133   11.400  2302    483     81.9773900    165.5361080   -476450.7623010  762112.0043400  -442250.7623010  749712.0043400  
161     2352    312     56      175     81.8906476    167.7857087   0.000   0.142   14.754  0.370   2      3.733   11.667  2408    487     82.1483626    166.2142804   -476450.7623010  739712.0043400  -441450.7623010  728512.0043400  
162     2760    312     41      183     82.5100613    170.9032630   0.000   0.235   24.063  0.356   2      2.733   12.200  2801    495     82.7648647    169.0895564   -476450.7623010  658112.0043400  -439850.7623010  649912.0043400  
163     1304    320     102     116     80.2242796    161.5744542   0.000   0.123   12.210  0.350   2      6.800   7.733   1406    436     80.4861194    160.9297066   -474850.7623010  949312.0043400  -451650.7623010  928912.0043400  
164     1352    320     100     118     80.3029092    161.8081638   0.000   0.103   9.146   0.401   3      6.667   7.867   1452    438     80.5635414    161.1345801   -474850.7623010  939712.0043400  -451250.7623010  919712.0043400  
165     1584    320     94      130     80.6806979    162.9934165   0.000   0.179   18.666  0.406   3      6.267   8.667   1678    450     80.9440264    162.1695498   -474850.7623010  893312.0043400  -448850.7623010  874512.0043400  
166     1904    320     74      166     81.1949172    164.7947608   0.000   0.258   29.450  0.568   3      4.933   11.067  1978    486     81.4620002    163.4677644   -474850.7623010  829312.0043400  -441650.7623010  814512.0043400  
167     1208    328     105     101     80.0730196    161.0418442   354.375  0.201   17.053  0.448   3      7.000   6.733   1313    429     80.3269197    160.5546916   -473250.7623010  968512.0043401  -453050.7623010  947512.0043400  
168     1944    328     73      166     81.2659113    164.9511111   0.000   0.221   21.861  0.386   2      4.867   11.067  2017    494     81.5319404    163.6118846   -473250.7623010  821312.0043400  -440050.7623010  806712.0043400  
169     1976    328     70      167     81.3167684    165.1453842   0.000   0.206   20.777  0.381   2      4.667   11.133  2046    495     81.5795445    163.7750349   -473250.7623010  814912.0043400  -439850.7623010  800912.0043400  
170     2856    328     39      182     82.6698713    171.5278484   0.000   0.331   33.742  0.575   3      2.600   12.133  2895    510     82.9231290    169.6906773   -473250.7623010  638912.0043400  -436850.7623010  631112.0043400  
171     1112    336     104     95      79.9209653    160.5253389   0.000   0.095   9.480   0.279   1      6.933   6.333   1216    431     80.1677277    160.0862019   -471650.7623010  987712.0043401  -452650.7623010  966912.0043400  
172     1752    336     87      144     80.9658928    163.7498261   0.000   0.121   11.159  0.311   2      5.800   9.600   1839    480     81.2316645    162.7334278   -471650.7623010  859712.0043400  -442850.7623010  842312.0043400  
173     2088    336     66      168     81.5015129    165.7583113   0.000   0.130   13.552  0.250   1      4.400   11.200  2154    504     81.7609917    164.3403120   -471650.7623010  792512.0043400  -438050.7623010  779312.0043400  
174     2272    336     59      172     81.7901246    166.9688817   0.000   0.203   21.268  0.467   3      3.933   11.467  2331    508     82.0466232    165.4458266   -471650.7623010  755712.0043400  -437250.7623010  743912.0043400  
175     2424    336     56      177     82.0256805    168.0348593   0.000   0.222   22.772  0.514   3      3.733   11.800  2480    513     82.2862638    166.4207427   -471650.7623010  725312.0043400  -436250.7623010  714112.0043400  
176     2792    336     39      184     82.5836016    170.8936509   0.000   0.205   19.263  0.418   3      2.600   12.267  2831    520     82.8363298    169.0321949   -471650.7623010  651712.0043400  -434850.7623010  643912.0043400  
177     1272    344     104     104     80.1912741    161.1894848   0.000   0.090   9.453   0.245   1      6.933   6.933   1376    448     80.4461602    160.6655565   -470050.7623010  955712.0043400  -449250.7623010  934912.0043400  
178     1488    344     94      127     80.5450799    162.2537812   0.000   0.243   24.724  0.574   3      6.267   8.467   1582    471     80.8041786    161.4518374   -470050.7623010  912512.0043400  -444650.7623010  893712.0043400  
179     1520    344     94      128     80.5972222    162.4182842   0.000   0.176   17.728  0.486   3      6.267   8.533   1614    472     80.8575336    161.6060921   -470050.7623010  906112.0043400  -444450.7623010  887312.0043400  
180     1632    344     91      132     80.7791264    163.0087313   0.000   0.157   17.403  0.432   3      6.067   8.800   1723    476     81.0392912    162.1391167   -470050.7623010  883712.0043400  -443650.7623010  865512.0043400  
181     1720    344     91      135     80.9213736    163.4892858   0.000   0.202   20.682  0.418   3      6.067   9.000   1811    479     81.1852833    162.5879563   -470050.7623010  866112.0043400  -443050.7623010  847912.0043400  
182     2056    344     69      168     81.4584189    165.4710072   0.000   0.127   11.664  0.381   2      4.600   11.200  2125    512     81.7216601    164.0700728   -470050.7623010  798912.0043400  -436450.7623010  785112.0043400  
183     2312    344     56      175     81.8602078    167.1556104   0.000   0.179   18.718  0.285   1      3.733   11.667  2368    519     82.1154710    165.5699498   -470050.7623010  747712.0043400  -435050.7623010  736512.0043400  
184     2568    344     52      179     82.2544452    169.0139900   0.000   0.184   18.614  0.446   3      3.467   11.933  2620    523     82.5145511    167.3303442   -470050.7623010  696512.0043400  -434250.7623010  686112.0043400  
185     2664    344     50      179     82.4000857    169.7604328   0.000   0.277   28.597  0.599   3      3.333   11.933  2714    523     82.6600237    168.0539136   -470050.7623010  677312.0043400  -434250.7623010  667312.0043400  
186     2760    344     40      184     82.5444131    170.5359921   0.000   0.237   24.799  0.491   3      2.667   12.267  2800    528     82.7971771    168.6804725   -470050.7623010  658112.0043400  -433250.7623010  650112.0043400  
187     1576    352     93      130     80.6951074    162.6302648   0.000   0.124   10.788  0.262   1      6.200   8.667   1669    482     80.9559498    161.7892534   -468450.7623010  894912.0043400  -442450.7623010  876312.0043400  
188     2384    352     56      176     81.9798246    167.5710537   0.000   0.212   22.541  0.511   3      3.733   11.733  2440    528     82.2376452    165.9627974   -468450.7623010  733312.0043400  -433250.7623010  722112.0043400  
189     2456    352     55      178     82.0910079    168.0886964   0.000   0.234   20.024  0.484   3      3.667   11.867  2511    530     82.3511859    166.4435810   -468450.7623010  718912.0043400  -432850.7623010  707912.0043400  
190     2536    352     52      179     82.2137840    168.6811933   0.000   0.251   27.024  0.557   3      3.467   11.933  2588    531     82.4725731    166.9953130   -468450.7623010  702912.0043400  -432650.7623010  692512.0043400  
191     1216    360     103     102     80.1118385    160.7724828   0.000   0.129   12.659  0.376   2      6.867   6.800   1319    462     80.3628194    160.2569855   -466850.7623010  966912.0043401  -446450.7623010  946312.0043400  
192     1352    360     98      117     80.3357656    161.4182762   0.000   0.104   8.975   0.300   2      6.533   7.800   1450    477     80.5915275    160.7318825   -466850.7623010  939712.0043400  -443450.7623010  920112.0043400  
193     1392    360     93      124     80.4014004    161.6139686   0.000   0.186   18.414  0.452   3      6.200   8.267   1485    484     80.6549259    160.8322972   -466850.7623010  931712.0043400  -442050.7623010  913112.0043400  
194     1952    360     72      168     81.3078613    164.6628205   0.000   0.192   17.288  0.451   3      4.800   11.200  2024    528     81.5729896    163.2798600   -466850.7623010  819712.0043400  -433250.7623010  805312.0043400  
195     2240    360     60      172     81.7633107    166.4905942   0.000   0.171   16.912  0.514   3      4.000   11.467  2300    532     82.0195776    164.9640905   -466850.7623010  762112.0043400  -432450.7623010  750112.0043400  
196     2832    360     40      183     82.6690622    170.9514198   0.000   0.252   28.421  0.574   3      2.667   12.200  2872    543     82.9225028    169.0901961   -466850.7623010  643712.0043400  -430250.7623010  635712.0043400  
197     2200    368     62      172     81.7081705    166.1375967   0.000   0.173   16.902  0.422   3      4.133   11.467  2262    540     81.9662826    164.6234583   -465250.7623010  770112.0043400  -430850.7623010  757712.0043400  
198     2352    368     55      176     81.9459004    167.1683339   0.000   0.234   25.144  0.606   3      3.667   11.733  2407    544     82.2005575    165.5470597   -465250.7623010  739712.0043400  -430050.7623010  728712.0043400  
199     2424    368     55      177     82.0575857    167.6781073   0.000   0.326   34.002  0.667   3      3.667   11.800  2479    545     82.3151906    166.0382216   -465250.7623010  725312.0043400  -429850.7623010  714312.0043400  
200     2728    368     41      185     82.5218515    169.9973644   0.000   0.237   25.524  0.500   3      2.733   12.333  2769    553     82.7748916    168.1248877   -465250.7623010  664512.0043400  -428250.7623010  656312.0043400  
201     2792    368     40      184     82.6179465    170.5226666   0.000   0.389   44.342  0.728   3      2.667   12.267  2832    552     82.8706353    168.6474925   -465250.7623010  651712.0043400  -428450.7623010  643712.0043400  
202     1488    376     93      127     80.5718137    161.9352940   0.000   0.238   25.295  0.501   3      6.200   8.467   1581    503     80.8285348    161.1169410   -463650.7623010  912512.0043400  -438250.7623010  893912.0043400  
203     1616    376     90      132     80.7805457    162.5992071   0.000   0.275   28.970  0.536   3      6.000   8.800   1706    508     81.0380681    161.7122899   -463650.7623010  886912.0043400  -437250.7623010  868912.0043400  
204     1688    376     90      134     80.8974221    162.9860683   0.000   0.256   25.307  0.610   3      6.000   8.933   1778    510     81.1575964    162.0774060   -463650.7623010  872512.0043400  -436850.7623010  854512.0043400  
205     1920    376     73      167     81.2711745    164.3030764   0.000   0.292   29.705  0.630   3      4.867   11.133  1993    543     81.5357461    162.9318241   -463650.7623010  826112.0043400  -430250.7623010  811512.0043400  
206     2056    376     68      170     81.4880684    165.1288535   0.000   0.110   8.433   0.208   2      4.533   11.333  2124    546     81.7502152    163.6834378   -463650.7623010  798912.0043400  -429650.7623010  785312.0043400  
207     2096    376     64      170     81.5515255    165.3798102   0.000   0.155   14.976  0.418   3      4.267   11.333  2160    546     81.8081748    163.9061996   -463650.7623010  790912.0043400  -429650.7623010  778112.0043400  
208     2128    376     63      170     81.6021768    165.5833130   0.000   0.205   20.550  0.397   2      4.200   11.333  2191    546     81.8579876    164.1005697   -463650.7623010  784512.0043400  -429650.7623010  771912.0043400  
209     2160    376     63      171     81.6527245    165.7892915   0.000   0.191   17.559  0.487   3      4.200   11.400  2223    547     81.9102102    164.2923413   -463650.7623010  778112.0043400  -429450.7623010  765512.0043400  
210     2312    376     55      175     81.8913468    166.8027496   0.000   0.212   21.816  0.409   3      3.667   11.667  2367    551     82.1436305    165.1926876   -463650.7623010  747712.0043400  -428650.7623010  736712.0043400  
211     2664    376     50      180     82.4334739    169.3934083   0.000   0.187   20.862  0.349   2      3.333   12.000  2714    556     82.6929470    167.6540147   -463650.7623010  677312.0043400  -427650.7623010  667312.0043400  
212     2480    384     54      178     82.1600316    167.9040150   0.000   0.208   20.525  0.458   3      3.600   11.867  2534    562     82.4178977    166.2303808   -462050.7623010  714112.0043400  -426450.7623010  703312.0043400  
213     2536    384     52      179     82.2462489    168.3184384   0.000   0.152   15.900  0.413   3      3.467   11.933  2588    563     82.5035813    166.6128746   -462050.7623010  702912.0043400  -426250.7623010  692512.0043400  
214     2568    384     51      180     82.2953349    168.5594214   0.000   0.241   25.400  0.463   3      3.400   12.000  2619    564     82.5530335    166.8313035   -462050.7623010  696512.0043400  -426050.7623010  686312.0043400  
215     2624    384     50      180     82.3809091    168.9886197   0.000   0.338   35.691  0.641   3      3.333   12.000  2674    564     82.6387668    167.2476101   -462050.7623010  685312.0043400  -426050.7623010  675312.0043400  
216     1560    400     90      130     80.7094870    162.0627591   0.000   0.153   14.906  0.345   2      6.000   8.667   1650    530     80.9640319    161.1885716   -458850.7623010  898112.0043400  -432850.7623010  880112.0043400  
217     1656    400     89      133     80.8659911    162.5675659   0.000   0.251   25.246  0.519   3      5.933   8.867   1745    533     81.1226371    161.6551915   -458850.7623010  878912.0043400  -432250.7623010  861112.0043400  
218     1992    400     70      169     81.4079889    164.4789393   0.000   0.186   19.109  0.468   3      4.667   11.267  2062    569     81.6700702    163.0503585   -458850.7623010  811712.0043400  -425050.7623010  797712.0043400  
219     2232    400     60      172     81.7888617    165.9981421   0.000   0.127   13.408  0.230   1      4.000   11.467  2292    572     82.0432372    164.4510473   -458850.7623010  763712.0043400  -424450.7623010  751712.0043400  
220     2264    400     57      174     81.8392003    166.2114187   0.000   0.184   17.998  0.434   3      3.800   11.600  2321    574     82.0914193    164.6182180   -458850.7623010  757312.0043400  -424050.7623010  745912.0043400  
221     2784    400     40      185     82.6399470    170.0821146   0.000   0.251   28.518  0.598   3      2.667   12.333  2824    585     82.8917758    168.1732862   -458850.7623010  653312.0043400  -421850.7623010  645312.0043400  
222     2848    400     41      184     82.7359479    170.6171001   0.000   0.259   27.772  0.470   3      2.733   12.267  2889    584     82.9905311    168.7220131   -458850.7623010  640512.0043400  -422050.7623010  632312.0043400  
223     1616    408     89      132     80.8075995    162.2735359   0.000   0.254   24.620  0.483   3      5.933   8.800   1705    540     81.0626710    161.3693052   -457250.7623010  886912.0043400  -430850.7623010  869112.0043400  
224     1928    408     71      169     81.3126269    164.0114964   0.000   0.192   15.744  0.462   3      4.733   11.267  1999    577     81.5745843    162.5905524   -457250.7623010  824512.0043400  -423450.7623010  810312.0043400  
225     2120    408     63      170     81.6192299    165.1848979   0.000   0.207   20.095  0.526   3      4.200   11.333  2183    578     81.8735274    163.6866233   -457250.7623010  786112.0043400  -423250.7623010  773512.0043400  
226     2296    408     55      175     81.8970825    166.3383730   0.000   0.172   16.625  0.380   2      3.667   11.667  2351    583     82.1475159    164.7124087   -457250.7623010  750912.0043400  -422250.7623010  739912.0043400  
227     2368    408     54      176     82.0097860    166.8333642   0.000   0.231   22.376  0.470   3      3.600   11.733  2422    584     82.2615139    165.1809057   -457250.7623010  736512.0043400  -422050.7623010  725712.0043400  
228     2664    408     44      186     82.4665509    169.0231365   0.000   0.166   14.525  0.438   3      2.933   12.400  2708    594     82.7210751    167.1426623   -457250.7623010  677312.0043400  -420050.7623010  668512.0043400  
229     1960    416     70      170     81.3711211    164.1157958   0.000   0.302   31.165  0.628   3      4.667   11.333  2030    586     81.6326967    162.6710875   -455650.7623010  818112.0043400  -421650.7623010  804112.0043400  
230     2064    416     66      170     81.5374629    164.7472595   0.000   0.134   11.873  0.221   1      4.400   11.333  2130    586     81.7949420    163.2688318   -455650.7623010  797312.0043400  -421650.7623010  784112.0043400  
231     2608    424     50      180     82.3972341    168.4035229   0.000   0.183   17.902  0.300   2      3.333   12.000  2658    604     82.6527171    166.6384172   -454050.7623010  688512.0043400  -418050.7623010  678512.0043400  
232     2696    424     42      186     82.5317719    169.0888250   0.000   0.177   16.763  0.457   3      2.800   12.400  2738    610     82.7834481    167.1779918   -454050.7623010  670912.0043400  -416850.7623010  662512.0043400  
233     1560    432     90      130     80.7360496    161.7380463   0.000   0.109   11.208  0.384   3      6.000   8.667   1650    562     80.9897960    160.8521124   -452450.7623010  898112.0043400  -426450.7623010  880112.0043400  
234     1656    432     89      133     80.8930178    162.2387327   0.000   0.199   18.411  0.412   3      5.933   8.867   1745    565     81.1488334    161.3140463   -452450.7623010  878912.0043400  -425850.7623010  861112.0043400  
235     1992    432     70      170     81.4367530    164.1354296   0.000   0.190   19.723  0.521   3      4.667   11.333  2062    602     81.6984032    162.6798726   -452450.7623010  811712.0043400  -418450.7623010  797712.0043400  
236     2224    432     59      173     81.8063350    165.5914854   0.000   0.114   11.118  0.301   2      3.933   11.533  2283    605     82.0584184    164.0100175   -452450.7623010  765312.0043400  -417850.7623010  753512.0043400  
237     2256    432     57      174     81.8568895    165.8026966   0.000   0.158   16.590  0.394   2      3.800   11.600  2313    606     82.1074864    164.1930156   -452450.7623010  758912.0043400  -417650.7623010  747512.0043400  
238     2336    432     54      176     81.9827957    166.3423909   0.000   0.231   22.595  0.475   3      3.600   11.733  2390    608     82.2325489    164.6800047   -452450.7623010  742912.0043400  -417250.7623010  732112.0043400  
239     2416    432     54      177     82.1079887    166.8993120   0.000   0.184   17.404  0.350   2      3.600   11.800  2470    609     82.3608932    165.2157529   -452450.7623010  726912.0043400  -417050.7623010  716112.0043400  
240     2480    432     51      179     82.2076053    167.3577399   0.000   0.180   18.476  0.408   3      3.400   11.933  2531    611     82.4594663    165.6216061   -452450.7623010  714112.0043400  -416650.7623010  703912.0043400  
241     2784    432     41      185     82.6736110    169.7045099   0.000   0.341   38.590  0.659   3      2.733   12.333  2825    617     82.9253589    167.7814493   -452450.7623010  653312.0043400  -415450.7623010  645112.0043400  
242     2880    432     41      184     82.8180553    170.5085668   0.000   0.231   22.797  0.376   2      2.733   12.267  2921    616     83.0721601    168.5870314   -452450.7623010  634112.0043400  -415650.7623010  625912.0043400  
243     1608    440     88      132     80.8212686    161.9042511   0.000   0.148   15.568  0.422   3      5.867   8.800   1696    572     81.0737561    160.9829163   -450850.7623010  888512.0043400  -424450.7623010  870912.0043400  
244     1792    440     76      164     81.1210886    162.8943499   0.000   0.139   15.013  0.309   2      5.067   10.933  1868    604     81.3829243    161.5538040   -450850.7623010  851712.0043400  -418050.7623010  836512.0043400  
245     2136    440     61      172     81.6741101    164.9360870   0.000   0.206   20.614  0.390   2      4.067   11.467  2197    612     81.9259697    163.3843705   -450850.7623010  782912.0043400  -416450.7623010  770712.0043400  
246     2368    440     54      176     82.0406460    166.4725980   0.000   0.227   23.326  0.514   3      3.600   11.733  2422    616     82.2909179    164.8018774   -450850.7623010  736512.0043400  -415650.7623010  725712.0043400  
247     1880    448     71      169     81.2705155    163.3068010   0.000   0.199   20.468  0.497   3      4.733   11.267  1951    617     81.5298117    161.8714078   -449250.7623010  834112.0043400  -415450.7623010  819912.0043400  
248     2048    448     67      171     81.5408551    164.3013269   0.000   0.157   16.016  0.372   2      4.467   11.400  2115    619     81.7991144    162.8030575   -449250.7623010  800512.0043400  -415050.7623010  787112.0043400  
249     2184    448     60      172     81.7577967    165.1541774   0.000   0.223   23.209  0.546   3      4.000   11.467  2244    620     82.0088909    163.5866541   -449250.7623010  773312.0043400  -414850.7623010  761312.0043400  
250     2296    448     54      175     81.9350630    165.8909655   0.000   0.229   22.449  0.496   3      3.600   11.667  2350    623     82.1820902    164.2363333   -449250.7623010  750912.0043400  -414250.7623010  740112.0043400  
251     2552    448     50      180     82.3350079    167.7025304   0.000   0.217   22.644  0.311   2      3.333   12.000  2602    628     82.5876264    165.9285332   -449250.7623010  699712.0043400  -413250.7623010  689712.0043400  
252     1960    456     70      170     81.4066200    163.6863940   0.000   0.356   37.728  0.696   3      4.667   11.333  2030    626     81.6665629    162.2221658   -447650.7623010  818112.0043400  -413650.7623010  804112.0043400  
253     2088    456     64      170     81.6120824    164.4599527   0.000   0.181   17.699  0.502   3      4.267   11.333  2152    626     81.8652188    162.9467272   -447650.7623010  792512.0043400  -413650.7623010  779712.0043400  
254     2448    456     51      179     82.1812273    166.8524923   0.000   0.265   27.095  0.542   3      3.400   11.933  2499    635     82.4310069    165.1058739   -447650.7623010  720512.0043400  -411850.7623010  710312.0043400  
255     2728    456     41      186     82.6134662    168.9663120   0.000   0.306   31.845  0.554   3      2.733   12.400  2769    642     82.8630270    167.0214363   -447650.7623010  664512.0043400  -410450.7623010  656312.0043400  
256     1696    464     87      136     80.9851450    162.1199422   0.000   0.141   10.979  0.262   1      5.800   9.067   1783    600     81.2398077    161.1389409   -446050.7623010  870912.0043400  -418850.7623010  853512.0043400  
257     2480    464     51      179     82.2389262    166.9898465   0.000   0.240   24.664  0.458   3      3.400   11.933  2531    643     82.4892642    165.2342913   -446050.7623010  714112.0043400  -410250.7623010  703912.0043400  
258     2656    464     44      186     82.5113851    168.3052426   0.000   0.229   24.237  0.537   3      2.933   12.400  2700    650     82.7627866    166.3883280   -446050.7623010  678912.0043400  -408850.7623010  670112.0043400  
259     2688    464     42      187     82.5604906    168.5547517   0.000   0.207   20.753  0.485   3      2.800   12.467  2730    651     82.8107956    166.6054029   -446050.7623010  672512.0043400  -408650.7623010  664112.0043400  
260     1824    472     73      167     81.2004553    162.7346349   0.000   0.120   15.522  0.349   2      4.867   11.133  1897    639     81.4592260    161.3270066   -444450.7623010  845312.0043400  -411050.7623010  830712.0043400  
261     2864    472     42      184     82.8364173    169.8912759   0.000   0.384   41.436  0.741   3      2.800   12.267  2906    656     83.0894566    167.9506657   -444450.7623010  637312.0043400  -407650.7623010  628912.0043400  
262     1864    480     72      168     81.2722642    162.8741732   0.000   0.086   12.466  0.482   3      4.800   11.200  1936    648     81.5307342    161.4420866   -442850.7623010  837312.0043400  -409250.7623010  822912.0043400  
263     1896    480     71      169     81.3241575    163.0562552   0.000   0.243   23.832  0.569   3      4.733   11.267  1967    649     81.5824984    161.6040302   -442850.7623010  830912.0043400  -409050.7623010  816712.0043400  
264     2232    480     57      174     81.8635794    165.1079955   0.000   0.091   8.306   0.279   1      3.800   11.600  2289    654     82.1113915    163.4752118   -442850.7623010  763712.0043400  -408050.7623010  752312.0043400  
265     2560    480     45      185     82.3790536    167.3891987   0.000   0.260   26.524  0.476   3      3.000   12.333  2605    665     82.6271189    165.4958500   -442850.7623010  698112.0043400  -405850.7623010  689112.0043400  
266     2592    480     45      185     82.4286668    167.6283550   0.000   0.228   24.532  0.524   3      3.000   12.333  2637    665     82.6777646    165.7301486   -442850.7623010  691712.0043400  -405850.7623010  682712.0043400  
267     2448    488     51      179     82.2121066    166.4838354   0.000   0.229   24.919  0.501   3      3.400   11.933  2499    667     82.4603458    164.7180087   -441250.7623010  720512.0043400  -405450.7623010  710312.0043400  
268     2624    488     44      186     82.4861225    167.7762063   0.000   0.180   18.971  0.483   3      2.933   12.400  2668    674     82.7352135    165.8480082   -441250.7623010  685312.0043400  -404050.7623010  676512.0043400  
269     2728    488     42      186     82.6461814    168.5850456   0.000   0.263   27.226  0.607   3      2.800   12.400  2770    674     82.8956281    166.6258373   -441250.7623010  664512.0043400  -404050.7623010  656112.0043400  
270     2760    488     42      186     82.6951334    168.8410518   0.000   0.324   34.582  0.631   3      2.800   12.400  2802    674     82.9456826    166.8771543   -441250.7623010  658112.0043400  -404050.7623010  649712.0043400  
271     1928    496     70      170     81.3898287    163.0676731   0.000   0.237   23.980  0.469   3      4.667   11.333  1998    666     81.6473931    161.5873716   -439650.7623010  824512.0043400  -405650.7623010  810512.0043400  
272     1960    496     69      171     81.4416355    163.2534413   0.000   0.218   22.361  0.558   3      4.600   11.400  2029    667     81.6991035    161.7525072   -439650.7623010  818112.0043400  -405450.7623010  804312.0043400  
273     2112    496     62      172     81.6864948    164.1674775   0.000   0.253   27.391  0.491   3      4.133   11.467  2174    668     81.9369437    162.5957887   -439650.7623010  787712.0043400  -405250.7623010  775312.0043400  
274     2664    496     43      187     82.5558741    167.9880510   0.000   0.292   30.925  0.614   3      2.867   12.467  2707    683     82.8052474    166.0281979   -439650.7623010  677312.0043400  -402250.7623010  668712.0043400  
275     2696    496     42      187     82.6051610    168.2369525   0.000   0.277   29.282  0.530   3      2.800   12.467  2738    683     82.8540473    166.2644477   -439650.7623010  670912.0043400  -402250.7623010  662512.0043400  
276     2064    504     64      172     81.6164807    163.7848102   0.000   0.142   12.808  0.365   2      4.267   11.467  2128    676     81.8686789    162.2269369   -438050.7623010  797312.0043400  -403650.7623010  784512.0043400  
277     2488    504     50      180     82.2901576    166.5831061   0.000   0.193   18.822  0.391   2      3.333   12.000  2538    684     82.5381133    164.7826991   -438050.7623010  712512.0043400  -402050.7623010  702512.0043400  
278     2520    504     46      185     82.3402078    166.8142268   0.000   0.210   20.153  0.333   2      3.067   12.333  2566    689     82.5873450    164.9190622   -438050.7623010  706112.0043400  -401050.7623010  696912.0043400  
279     2888    504     37      187     82.9062597    169.7048175   0.000   0.260   26.438  0.611   3      2.467   12.467  2925    691     83.1537271    167.6568809   -438050.7623010  632512.0043400  -400650.7623010  625112.0043400  
280     2144    512     59      174     81.7521497    164.1882776   0.000   0.142   13.817  0.272   1      3.933   11.600  2203    686     81.9994913    162.5625400   -436450.7623010  781312.0043400  -401650.7623010  769512.0043400  
281     2848    512     38      186     82.8539461    169.2708768   0.000   0.090   9.747   0.324   1      2.533   12.400  2886    698     83.1000861    167.2443682   -436450.7623010  640512.0043400  -399250.7623010  632912.0043400  
282     2032    520     68      172     81.5789443    163.4157355   0.000   0.228   22.377  0.413   3      4.533   11.467  2100    692     81.8362321    161.8771609   -434850.7623010  803712.0043400  -400450.7623010  790112.0043400  
283     2256    520     54      175     81.9384891    164.8123782   0.000   0.102   8.960   0.333   2      3.600   11.667  2310    695     82.1811003    163.1236040   -434850.7623010  758912.0043400  -399850.7623010  748112.0043400  
284     2448    520     50      179     82.2426630    166.1122501   0.000   0.287   30.574  0.621   3      3.333   11.933  2498    699     82.4877353    164.3202353   -434850.7623010  720512.0043400  -399050.7623010  710512.0043400  
285     2384    528     50      178     82.1492030    165.5751748   0.000   0.247   26.234  0.534   3      3.333   11.867  2434    706     82.3911315    163.8004029   -433250.7623010  733312.0043400  -397650.7623010  723312.0043400  
286     2680    528     42      187     82.6125149    167.7287935   0.000   0.238   25.093  0.487   3      2.800   12.467  2722    715     82.8591369    165.7368868   -433250.7623010  674112.0043400  -395850.7623010  665712.0043400  
287     2760    528     41      188     82.7358429    168.3578593   0.000   0.201   20.382  0.478   3      2.733   12.533  2801    716     82.9846061    166.3320474   -433250.7623010  658112.0043400  -395650.7623010  649912.0043400  
288     2216    536     58      174     81.8890961    164.3726637   0.000   0.137   15.275  0.374   2      3.867   11.600  2274    710     82.1355446    162.7180209   -431650.7623010  766912.0043400  -396850.7623010  755312.0043400  
289     2488    536     46      184     82.3208023    166.2081275   0.000   0.111   12.913  0.379   2      3.067   12.267  2534    720     82.5643583    164.3105605   -431650.7623010  712512.0043400  -394850.7623010  703312.0043400  
290     2648    536     43      187     82.5708353    167.3870762   0.000   0.195   18.025  0.399   3      2.867   12.467  2691    723     82.8175259    165.4026853   -431650.7623010  680512.0043400  -394250.7623010  671912.0043400  
291     2160    544     59      174     81.8063981    163.9287665   0.000   0.267   28.805  0.563   3      3.933   11.600  2219    718     82.0526741    162.2839177   -430050.7623010  778112.0043400  -395250.7623010  766312.0043400  
292     2856    544     38      187     82.8991368    168.9444409   0.000   0.130   11.777  0.460   3      2.533   12.467  2894    731     83.1447908    166.8799562   -430050.7623010  638912.0043400  -392650.7623010  631312.0043400  
293     2256    552     54      175     81.9675601    164.4473006   0.000   0.153   14.623  0.335   2      3.600   11.667  2310    727     82.2086522    162.7410015   -428450.7623010  758912.0043400  -393450.7623010  748112.0043400  
294     2352    552     50      178     82.1207108    165.0799777   0.000   0.379   41.307  0.659   3      3.333   11.867  2402    730     82.3605406    163.2964286   -428450.7623010  739712.0043400  -392850.7623010  729712.0043400  
295     2520    552     45      185     82.3863563    166.2483086   0.000   0.229   22.466  0.443   3      3.000   12.333  2565    737     82.6293689    164.3156085   -428450.7623010  706112.0043400  -391450.7623010  697112.0043400  
296     2720    552     41      188     82.6982581    167.7495816   0.000   0.223   22.575  0.522   3      2.733   12.533  2761    740     82.9443014    165.7135968   -428450.7623010  666112.0043400  -390850.7623010  657912.0043400  
297     2824    552     40      188     82.8583809    168.5819169   0.000   0.184   18.903  0.322   2      2.667   12.533  2864    740     83.1065299    166.5199604   -428450.7623010  645312.0043400  -390850.7623010  637312.0043400  
298     2472    568     45      185     82.3258454    165.7172840   0.000   0.188   19.967  0.494   3      3.000   12.333  2517    753     82.5664924    163.7833466   -425250.7623010  715712.0043400  -388250.7623010  706712.0043400  
299     2224    576     56      175     81.9377548    163.9674259   0.000   0.089   9.990   0.319   2      3.733   11.667  2280    751     82.1801137    162.2654640   -423650.7623010  765312.0043400  -388650.7623010  754112.0043400  
300     2792    576     40      189     82.8334267    168.0262135   0.000   0.183   17.347  0.546   3      2.667   12.600  2832    765     83.0800335    165.9391132   -423650.7623010  651712.0043400  -385850.7623010  643712.0043400  
301     2520    592     45      185     82.4242431    165.7714661   0.000   0.226   23.551  0.463   3      3.000   12.333  2565    777     82.6651036    163.8132647   -420450.7623010  706112.0043400  -383450.7623010  697112.0043400  
302     2488    600     45      185     82.3810989    165.4491761   0.000   0.290   28.648  0.551   3      3.000   12.333  2533    785     82.6205171    163.4921313   -418850.7623010  712512.0043400  -381850.7623010  703512.0043400  
303     2768    608     40      189     82.8281181    167.4382824   0.000   0.296   30.670  0.691   3      2.667   12.600  2808    797     83.0720419    165.3323231   -417250.7623010  656512.0043400  -379450.7623010  648512.0043400  
304     2424    616     45      184     82.2941079    164.8155028   0.000   0.169   15.765  0.358   2      3.000   12.267  2469    800     82.5298101    162.8739473   -415650.7623010  725312.0043400  -378850.7623010  716312.0043400  
305     2496    632     44      185     82.4234685    165.1210780   0.000   0.239   24.031  0.495   3      2.933   12.333  2540    817     82.6597609    163.1354132   -412450.7623010  710912.0043400  -375450.7623010  702112.0043400  
306     2712    632     40      189     82.7642751    166.7039394   0.000   0.250   24.728  0.536   3      2.667   12.600  2752    821     83.0048362    164.5922636   -412450.7623010  667712.0043400  -374650.7623010  659712.0043400  
307     2752    640     40      189     82.8345521    166.9135318   0.000   0.236   20.885  0.433   3      2.667   12.600  2792    829     83.0760544    164.7875378   -410850.7623010  659712.0043400  -373050.7623010  651712.0043400  
308     2528    648     44      185     82.4891201    165.1522881   0.000   0.220   22.404  0.443   3      2.933   12.333  2572    833     82.7255322    163.1496522   -409250.7623010  704512.0043400  -372250.7623010  695712.0043400  
309     2608    648     42      187     82.6159479    165.7272022   0.000   0.230   25.251  0.560   3      2.800   12.467  2650    835     82.8534689    163.6676022   -409250.7623010  688512.0043400  -371850.7623010  680112.0043400  
310     2824    648     39      190     82.9545177    167.3824834   0.000   0.281   29.584  0.559   3      2.600   12.667  2863    838     83.1974660    165.2140903   -409250.7623010  645312.0043400  -371250.7623010  637512.0043400  
311     2640    656     41      188     82.6740295    165.8638160   0.000   0.289   30.636  0.607   3      2.733   12.533  2681    844     82.9114314    163.7715596   -407650.7623010  682112.0043400  -370050.7623010  673912.0043400  
312     2864    656     39      190     83.0244895    167.6046405   0.000   0.234   25.513  0.546   3      2.600   12.667  2903    846     83.2684343    165.4215447   -407650.7623010  637312.0043400  -369650.7623010  629512.0043400  
313     2720    664     39      190     82.8075988    166.3657879   0.000   0.202   20.652  0.672   3      2.600   12.667  2759    854     83.0458591    164.2087945   -406050.7623010  666112.0043400  -368050.7623010  658312.0043400  
314     2760    672     39      190     82.8780334    166.5733119   0.000   0.301   30.326  0.570   3      2.600   12.667  2799    862     83.1172376    164.4012558   -404450.7623010  658112.0043400  -366450.7623010  650312.0043400  
315     2608    680     41      188     82.6458409    165.3320507   0.000   0.233   24.824  0.584   3      2.733   12.533  2649    868     82.8807681    163.2307789   -402850.7623010  688512.0043400  -365250.7623010  680312.0043400  
316     2688    688     39      189     82.7799956    165.8221935   0.000   0.267   28.369  0.664   3      2.600   12.600  2727    877     83.0148133    163.6689253   -401250.7623010  672512.0043400  -363450.7623010  664712.0043400  
317     2848    688     38      191     83.0311066    167.0652160   0.000   0.233   24.473  0.488   3      2.533   12.733  2886    879     83.2718607    164.8394295   -401250.7623010  640512.0043400  -363050.7623010  632912.0043400  
318     2688    720     39      190     82.8099741    165.4183967   0.000   0.112   11.997  0.251   1      2.600   12.667  2727    910     83.0437345    163.2291355   -394850.7623010  672512.0043400  -356850.7623010  664712.0043400  
319     2840    720     38      191     83.0496478    166.5884001   0.000   0.289   29.827  0.513   3      2.533   12.733  2878    911     83.2881361    164.3397620   -394850.7623010  642112.0043400  -356650.7623010  634512.0043400  
320     2872    736     38      191     83.1152155    166.6364776   0.000   0.345   35.291  0.599   3      2.533   12.733  2910    927     83.3538966    164.3672986   -391650.7623010  635712.0043400  -353450.7623010  628112.0043400  
321     2800    744     38      191     83.0096749    165.9626911   0.000   0.237   27.008  0.511   3      2.533   12.733  2838    935     83.2451988    163.7058805   -390050.7623010  650112.0043400  -351850.7623010  642512.0043400  
