CP      startX  startY  dispX   dispY   sLat          sLon          theta   pCorr   pkStr   cCorr   conf   velX    velY    endX    endY    eLat          eLon          nps_startX    nps_startY    nps_endX      nps_endY      
0       2160    152     0       -1      68.9006023    -81.2738724   0.000   0.192   19.339  0.441   3      0.000   -0.067  2160    151     68.8995451    -81.2778701   -1367164.2223800  -1862948.4939400  -1367364.2223800  -1862948.4939400  
1       2144    184     0       0       68.9574616    -81.1926583   0.000   0.101   12.972  0.376   2      0.000   0.000   2144    184     68.9574616    -81.1926583   -1360764.2223800  -1859748.4939400  -1360764.2223800  -1859748.4939400  
2       1808    208     0       0       69.4652215    -82.1054986   0.000   0.443   48.789  0.777   3      0.000   0.000   1808    208     69.4652215    -82.1054986   -1355964.2223800  -1792548.4939400  -1355964.2223800  -1792548.4939400  
3       1776    216     0       0       69.5195293    -82.1715722   0.000   0.430   49.854  0.829   3      0.000   0.000   1776    216     69.5195293    -82.1715722   -1354364.2223800  -1786148.4939400  -1354364.2223800  -1786148.4939400  
4       1816    240     0       0       69.4882825    -81.9506017   0.000   0.328   36.263  0.658   3      0.000   0.000   1816    240     69.4882825    -81.9506017   -1349564.2223800  -1794148.4939400  -1349564.2223800  -1794148.4939400  
5       1736    256     0       0       69.6198619    -82.1319852   0.000   0.465   52.726  0.867   3      0.000   0.000   1736    256     69.6198619    -82.1319852   -1346364.2223800  -1778148.4939400  -1346364.2223800  -1778148.4939400  
6       1656    264     0       0       69.7426000    -82.3486645   0.000   0.448   52.935  0.836   3      0.000   0.000   1656    264     69.7426000    -82.3486645   -1344764.2223800  -1762148.4939400  -1344764.2223800  -1762148.4939400  
7       1688    272     0       0       69.7056729    -82.2156769   0.000   0.245   26.229  0.547   3      0.000   0.000   1688    272     69.7056729    -82.2156769   -1343164.2223800  -1768548.4939400  -1343164.2223800  -1768548.4939400  
8       1776    272     0       0       69.5799456    -81.9427674   0.000   0.404   44.724  0.684   3      0.000   0.000   1776    272     69.5799456    -81.9427674   -1343164.2223800  -1786148.4939400  -1343164.2223800  -1786148.4939400  
9       1816    272     0       0       69.5226640    -81.8198494   0.000   0.398   42.108  0.732   3      0.000   0.000   1816    272     69.5226640    -81.8198494   -1343164.2223800  -1794148.4939400  -1343164.2223800  -1794148.4939400  
10      1744    288     0       0       69.6429583    -81.9759177   0.000   0.495   56.340  0.867   3      0.000   0.000   1744    288     69.6429583    -81.9759177   -1339964.2223800  -1779748.4939400  -1339964.2223800  -1779748.4939400  
11      1856    296     0       0       69.4909425    -81.5993983   0.000   0.399   44.713  0.840   3      0.000   0.000   1856    296     69.4909425    -81.5993983   -1338364.2223800  -1802148.4939400  -1338364.2223800  -1802148.4939400  
12      1816    304     0       0       69.5569444    -81.6886488   0.000   0.405   41.787  0.737   3      0.000   0.000   1816    304     69.5569444    -81.6886488   -1336764.2223800  -1794148.4939400  -1336764.2223800  -1794148.4939400  
13      1776    312     0       0       69.6229105    -81.7784894   0.000   0.215   21.961  0.496   3      0.000   0.000   1776    312     69.6229105    -81.7784894   -1335164.2223800  -1786148.4939400  -1335164.2223800  -1786148.4939400  
14      1912    312     0       0       69.4273797    -81.3641284   0.000   0.152   18.936  0.311   2      0.000   0.000   1912    312     69.4273797    -81.3641284   -1335164.2223800  -1813348.4939400  -1335164.2223800  -1813348.4939400  
15      1696    320     0       0       69.7461134    -81.9930143   0.000   0.178   17.472  0.390   2      0.000   0.000   1696    320     69.7461134    -81.9930143   -1333564.2223800  -1770148.4939400  -1333564.2223800  -1770148.4939400  
16      1800    344     0       0       69.6226678    -81.5729481   0.000   0.168   17.429  0.395   2      0.000   0.000   1800    344     69.6226678    -81.5729481   -1328764.2223800  -1790948.4939400  -1328764.2223800  -1790948.4939400  
17      1688    352     0       0       69.7920207    -81.8855042   0.000   0.193   19.871  0.453   3      0.000   0.000   1688    352     69.7920207    -81.8855042   -1327164.2223800  -1768548.4939400  -1327164.2223800  -1768548.4939400  
18      1744    360     0       0       69.7202541    -81.6788971   0.000   0.141   12.667  0.205   1      0.000   0.000   1744    360     69.7202541    -81.6788971   -1325564.2223800  -1779748.4939400  -1325564.2223800  -1779748.4939400  
19      1808    384     0       0       69.6537342    -81.3830885   0.000   0.252   25.573  0.516   3      0.000   0.000   1808    384     69.6537342    -81.3830885   -1320764.2223800  -1792548.4939400  -1320764.2223800  -1792548.4939400  
20      1848    400     0       0       69.6129551    -81.1950666   0.000   0.111   10.745  0.210   1      0.000   0.000   1848    400     69.6129551    -81.1950666   -1317564.2223800  -1800548.4939400  -1317564.2223800  -1800548.4939400  
21      1912    416     0       0       69.5371926    -80.9356199   0.000   0.144   15.471  0.221   1      0.000   0.000   1912    416     69.5371926    -80.9356199   -1314364.2223800  -1813348.4939400  -1314364.2223800  -1813348.4939400  
22      1696    432     0       0       69.8662089    -81.5276665   0.000   0.464   53.411  0.635   3      0.000   0.000   1696    432     69.8662089    -81.5276665   -1311164.2223800  -1770148.4939400  -1311164.2223800  -1770148.4939400  
23      1776    432     0       0       69.7508449    -81.2814046   0.000   0.347   36.857  0.712   3      0.000   0.000   1776    432     69.7508449    -81.2814046   -1311164.2223800  -1786148.4939400  -1311164.2223800  -1786148.4939400  
24      1944    440     0       0       69.5159077    -80.7403092   0.000   0.163   15.313  0.353   2      0.000   0.000   1944    440     69.5159077    -80.7403092   -1309564.2223800  -1819748.4939400  -1309564.2223800  -1819748.4939400  
25      1856    456     0       0       69.6604143    -80.9380806   0.000   0.411   46.200  0.792   3      0.000   0.000   1856    456     69.6604143    -80.9380806   -1306364.2223800  -1802148.4939400  -1306364.2223800  -1802148.4939400  
26      1992    464     0       0       69.4710823    -80.4979785   0.000   0.194   17.862  0.463   3      0.000   0.000   1992    464     69.4710823    -80.4979785   -1304764.2223800  -1829348.4939400  -1304764.2223800  -1829348.4939400  
27      1920    496     0       0       69.6092690    -80.5788879   0.000   0.309   31.830  0.713   3      0.000   0.000   1920    496     69.6092690    -80.5788879   -1298364.2223800  -1814948.4939400  -1298364.2223800  -1814948.4939400  
28      2016    504     0       0       69.4775106    -80.2607531   0.000   0.420   49.417  0.829   3      0.000   0.000   2016    504     69.4775106    -80.2607531   -1296764.2223800  -1834148.4939400  -1296764.2223800  -1834148.4939400  
29      1720    544     0       0       69.9502327    -80.9828545   0.000   0.287   30.540  0.481   3      0.000   0.000   1720    544     69.9502327    -80.9828545   -1288764.2223800  -1774948.4939400  -1288764.2223800  -1774948.4939400  
30      1816    552     0       0       69.8191197    -80.6565445   0.000   0.282   31.883  0.670   3      0.000   0.000   1816    552     69.8191197    -80.6565445   -1287164.2223800  -1794148.4939400  -1287164.2223800  -1794148.4939400  
31      2136    576     36      5       69.3752419    -79.6107255   337.500  0.179   19.781  0.538   3      2.400   0.333   2172    581     69.3272624    -79.4863484   -1282364.2223800  -1858148.4939400  -1281364.2223800  -1865348.4939400  
32      1728    592     0       0       69.9890272    -80.7549345   0.000   0.249   25.578  0.264   1      0.000   0.000   1728    592     69.9890272    -80.7549345   -1279164.2223800  -1776548.4939400  -1279164.2223800  -1776548.4939400  
33      2032    600     0       0       69.5527190    -79.8120625   0.000   0.213   20.198  0.325   2      0.000   0.000   2032    600     69.5527190    -79.8120625   -1277564.2223800  -1837348.4939400  -1277564.2223800  -1837348.4939400  
34      2448    600     0       -1      68.9374389    -78.6321686   0.000   0.178   17.901  0.407   3      0.000   -0.067  2448    599     68.9364491    -78.6363047   -1277564.2223800  -1920548.4939400  -1277764.2223800  -1920548.4939400  
35      1848    640     0       0       69.8637871    -80.1876102   0.000   0.333   34.292  0.646   3      0.000   0.000   1848    640     69.8637871    -80.1876102   -1269564.2223800  -1800548.4939400  -1269564.2223800  -1800548.4939400  
36      2424    640     0       0       69.0127128    -78.5323884   0.000   0.189   18.481  0.495   3      0.000   0.000   2424    640     69.0127128    -78.5323884   -1269564.2223800  -1915748.4939400  -1269564.2223800  -1915748.4939400  
37      1808    664     0       0       69.9471619    -80.2055564   0.000   0.363   41.865  0.411   3      0.000   0.000   1808    664     69.9471619    -80.2055564   -1264764.2223800  -1792548.4939400  -1264764.2223800  -1792548.4939400  
38      1896    672     0       0       69.8263006    -79.9082418   0.000   0.350   37.559  0.870   3      0.000   0.000   1896    672     69.8263006    -79.9082418   -1263164.2223800  -1810148.4939400  -1263164.2223800  -1810148.4939400  
39      1856    688     0       0       69.9014834    -79.9591530   0.000   0.413   45.972  0.789   3      0.000   0.000   1856    688     69.9014834    -79.9591530   -1259964.2223800  -1802148.4939400  -1259964.2223800  -1802148.4939400  
40      2384    704     0       0       69.1354461    -78.3756251   0.000   0.178   17.268  0.434   3      0.000   0.000   2384    704     69.1354461    -78.3756251   -1256764.2223800  -1907748.4939400  -1256764.2223800  -1907748.4939400  
41      1960    760     0       0       69.8215321    -79.3435852   0.000   0.346   38.386  0.695   3      0.000   0.000   1960    760     69.8215321    -79.3435852   -1245564.2223800  -1822948.4939400  -1245564.2223800  -1822948.4939400  
42      1992    760     0       0       69.7741679    -79.2501106   0.000   0.493   59.473  0.866   3      0.000   0.000   1992    760     69.7741679    -79.2501106   -1245564.2223800  -1829348.4939400  -1245564.2223800  -1829348.4939400  
43      2432    768     33      -14     69.1262291    -77.9752657   0.000   0.087   7.867   0.243   1      2.200   -0.933  2465    754     69.0631095    -77.9441938   -1243964.2223800  -1917348.4939400  -1246764.2223800  -1923948.4939400  
44      2000    816     0       0       69.8185784    -78.9865312   0.000   0.128   11.251  0.206   1      0.000   0.000   2000    816     69.8185784    -78.9865312   -1234364.2223800  -1830948.4939400  -1234364.2223800  -1830948.4939400  
45      2224    848     0       0       69.5161362    -78.2108805   0.000   0.173   16.745  0.449   3      0.000   0.000   2224    848     69.5161362    -78.2108805   -1227964.2223800  -1875748.4939400  -1227964.2223800  -1875748.4939400  
46      2480    864     0       0       69.1467645    -77.4399498   0.000   0.127   11.628  0.222   1      0.000   0.000   2480    864     69.1467645    -77.4399498   -1224764.2223800  -1926948.4939400  -1224764.2223800  -1926948.4939400  
47      2536    872     0       0       69.0698331    -77.2559960   0.000   0.293   31.121  0.647   3      0.000   0.000   2536    872     69.0698331    -77.2559960   -1223164.2223800  -1938148.4939400  -1223164.2223800  -1938148.4939400  
48      2232    880     0       0       69.5354531    -78.0514863   0.000   0.157   13.814  0.209   1      0.000   0.000   2232    880     69.5354531    -78.0514863   -1221564.2223800  -1877348.4939400  -1221564.2223800  -1877348.4939400  
49      2008    896     0       0       69.8864188    -78.6178243   0.000   0.203   19.494  0.461   3      0.000   0.000   2008    896     69.8864188    -78.6178243   -1218364.2223800  -1832548.4939400  -1218364.2223800  -1832548.4939400  
50      2560    904     0       0       69.0639572    -77.0567021   0.000   0.317   33.827  0.703   3      0.000   0.000   2560    904     69.0639572    -77.0567021   -1216764.2223800  -1942948.4939400  -1216764.2223800  -1942948.4939400  
51      2088    912     0       0       69.7826504    -78.3193707   0.000   0.248   26.679  0.449   3      0.000   0.000   2088    912     69.7826504    -78.3193707   -1215164.2223800  -1848548.4939400  -1215164.2223800  -1848548.4939400  
52      2224    920     0       0       69.5864483    -77.9018971   0.000   0.200   19.515  0.345   2      0.000   0.000   2224    920     69.5864483    -77.9018971   -1213564.2223800  -1875748.4939400  -1213564.2223800  -1875748.4939400  
53      1936    960     0       0       70.0574005    -78.5472626   0.000   0.227   22.941  0.306   2      0.000   0.000   1936    960     70.0574005    -78.5472626   -1205564.2223800  -1818148.4939400  -1205564.2223800  -1818148.4939400  
54      1992    960     0       0       69.9736481    -78.3853967   0.000   0.363   40.300  0.820   3      0.000   0.000   1992    960     69.9736481    -78.3853967   -1205564.2223800  -1829348.4939400  -1205564.2223800  -1829348.4939400  
55      2112    960     0       0       69.7937283    -78.0431555   0.000   0.365   39.012  0.719   3      0.000   0.000   2112    960     69.7937283    -78.0431555   -1205564.2223800  -1853348.4939400  -1205564.2223800  -1853348.4939400  
56      2584    960     0       0       69.0804462    -76.7555489   0.000   0.308   33.443  0.702   3      0.000   0.000   2584    960     69.0804462    -76.7555489   -1205564.2223800  -1947748.4939400  -1205564.2223800  -1947748.4939400  
57      2152    968     0       0       69.7414081    -77.8957440   0.000   0.310   35.711  0.720   3      0.000   0.000   2152    968     69.7414081    -77.8957440   -1203964.2223800  -1861348.4939400  -1203964.2223800  -1861348.4939400  
58      2184    968     0       0       69.6932554    -77.8061217   0.000   0.291   32.359  0.712   3      0.000   0.000   2184    968     69.6932554    -77.8061217   -1203964.2223800  -1867748.4939400  -1203964.2223800  -1867748.4939400  
59      2240    968     0       0       69.6088887    -77.6503226   0.000   0.172   16.934  0.506   3      0.000   0.000   2240    968     69.6088887    -77.6503226   -1203964.2223800  -1878948.4939400  -1203964.2223800  -1878948.4939400  
60      2032    976     0       0       69.9294598    -78.2008091   0.000   0.495   56.525  0.833   3      0.000   0.000   2032    976     69.9294598    -78.2008091   -1202364.2223800  -1837348.4939400  -1202364.2223800  -1837348.4939400  
61      2064    976     0       0       69.8814459    -78.1095880   0.000   0.460   50.067  0.872   3      0.000   0.000   2064    976     69.8814459    -78.1095880   -1202364.2223800  -1843748.4939400  -1202364.2223800  -1843748.4939400  
62      2528    992     0       0       69.1957008    -76.7669335   0.000   0.347   36.245  0.740   3      0.000   0.000   2528    992     69.1957008    -76.7669335   -1199164.2223800  -1936548.4939400  -1199164.2223800  -1936548.4939400  
63      2040    1008    0       0       69.9487892    -78.0380518   0.000   0.436   50.158  0.875   3      0.000   0.000   2040    1008    69.9487892    -78.0380518   -1195964.2223800  -1838948.4939400  -1195964.2223800  -1838948.4939400  
64      2088    1008    0       0       69.8766150    -77.9018478   0.000   0.283   29.436  0.578   3      0.000   0.000   2088    1008    69.8766150    -77.9018478   -1195964.2223800  -1848548.4939400  -1195964.2223800  -1848548.4939400  
65      2584    1008    1       0       69.1254812    -76.5509215   0.000   0.365   39.826  0.777   3      0.067   0.000   2585    1008    69.1239575    -76.5482983   -1195964.2223800  -1947748.4939400  -1195964.2223800  -1947948.4939400  
66      2000    1016    0       0       70.0167004    -78.1172118   0.000   0.423   48.034  0.702   3      0.000   0.000   2000    1016    70.0167004    -78.1172118   -1194364.2223800  -1830948.4939400  -1194364.2223800  -1830948.4939400  
67      2248    1024    0       0       69.6507165    -77.3854856   0.000   0.370   41.808  0.779   3      0.000   0.000   2248    1024    69.6507165    -77.3854856   -1192764.2223800  -1880548.4939400  -1192764.2223800  -1880548.4939400  
68      2208    1032    0       0       69.7188722    -77.4612266   0.000   0.425   49.870  0.856   3      0.000   0.000   2208    1032    69.7188722    -77.4612266   -1191164.2223800  -1872548.4939400  -1191164.2223800  -1872548.4939400  
69      2360    1032    1       0       69.4886955    -77.0448024   0.000   0.092   9.749   0.402   3      0.067   0.000   2361    1032    69.4871783    -77.0420943   -1191164.2223800  -1902948.4939400  -1191164.2223800  -1903148.4939400  
70      2040    1040    0       0       69.9800034    -77.8976956   0.000   0.459   51.276  0.907   3      0.000   0.000   2040    1040    69.9800034    -77.8976956   -1189564.2223800  -1838948.4939400  -1189564.2223800  -1838948.4939400  
71      2584    1040    1       0       69.1553627    -76.4140025   0.000   0.323   27.255  0.650   3      0.067   0.000   2585    1040    69.1538366    -76.4113857   -1189564.2223800  -1947748.4939400  -1189564.2223800  -1947948.4939400  
72      2000    1048    0       0       70.0479872    -77.9764947   0.000   0.452   50.969  0.787   3      0.000   0.000   2000    1048    70.0479872    -77.9764947   -1187964.2223800  -1830948.4939400  -1187964.2223800  -1830948.4939400  
73      2512    1048    1       0       69.2726412    -76.5690378   0.000   0.175   26.525  0.691   3      0.067   0.000   2513    1048    69.2711171    -76.5663942   -1187964.2223800  -1933348.4939400  -1187964.2223800  -1933548.4939400  
74      2232    1064    0       0       69.7132363    -77.2553596   0.000   0.398   48.990  0.823   3      0.000   0.000   2232    1064    69.7132363    -77.2553596   -1184764.2223800  -1877348.4939400  -1184764.2223800  -1877348.4939400  
75      2200    1072    0       0       69.7693526    -77.3087441   0.000   0.404   46.516  0.795   3      0.000   0.000   2200    1072    69.7693526    -77.3087441   -1183164.2223800  -1870948.4939400  -1183164.2223800  -1870948.4939400  
76      2616    1072    1       0       69.1362028    -76.1933457   0.000   0.287   31.456  0.686   3      0.067   0.000   2617    1072    69.1346732    -76.1907479   -1183164.2223800  -1954148.4939400  -1183164.2223800  -1954348.4939400  
77      2488    1080    1       0       69.3391760    -76.4945609   0.000   0.306   34.067  0.798   3      0.067   0.000   2489    1080    69.3376504    -76.4919142   -1181564.2223800  -1928548.4939400  -1181564.2223800  -1928748.4939400  
78      1936    1096    0       0       70.1911222    -77.9477648   0.000   0.483   56.934  0.919   3      0.000   0.000   1936    1096    70.1911222    -77.9477648   -1178364.2223800  -1818148.4939400  -1178364.2223800  -1818148.4939400  
79      2520    1096    1       0       69.3052408    -76.3409955   0.000   0.313   34.670  0.685   3      0.067   0.000   2521    1096    69.3037129    -76.3383648   -1178364.2223800  -1934948.4939400  -1178364.2223800  -1935148.4939400  
80      2232    1112    0       0       69.7589916    -77.0453397   0.000   0.452   55.362  0.868   3      0.000   0.000   2232    1112    69.7589916    -77.0453397   -1175164.2223800  -1877348.4939400  -1175164.2223800  -1877348.4939400  
81      2584    1112    0       0       69.2221779    -76.1044689   0.000   0.323   34.040  0.683   3      0.000   0.000   2584    1112    69.2221779    -76.1044689   -1175164.2223800  -1947748.4939400  -1175164.2223800  -1947748.4939400  
82      2512    1128    0       0       69.3472005    -76.2235580   0.000   0.295   29.563  0.663   3      0.000   0.000   2512    1128    69.3472005    -76.2235580   -1171964.2223800  -1933348.4939400  -1171964.2223800  -1933348.4939400  
83      2544    1128    0       0       69.2982212    -76.1396831   0.000   0.273   28.571  0.641   3      0.000   0.000   2544    1128    69.2982212    -76.1396831   -1171964.2223800  -1939748.4939400  -1171964.2223800  -1939748.4939400  
84      2640    1160    1       0       69.1803883    -75.7524267   0.000   0.220   26.397  0.667   3      0.067   0.000   2641    1160    69.1788514    -75.7498564   -1165564.2223800  -1958948.4939400  -1165564.2223800  -1959148.4939400  
85      640     1488    1       0       72.5186575    -80.2060619   0.000   0.447   57.534  0.861   3      0.067   0.000   641     1488    72.5171824    -80.2025996   -1099964.2223800  -1558948.4939400  -1099964.2223800  -1559148.4939400  
86      680     1488    0       0       72.4596092    -80.0680315   0.000   0.321   36.329  0.808   3      0.000   0.000   680     1488    72.4596092    -80.0680315   -1099964.2223800  -1566948.4939400  -1099964.2223800  -1566948.4939400  
87      584     1496    1       0       72.6095349    -80.3615279   0.000   0.393   46.264  0.867   3      0.067   0.000   585     1496    72.6080623    -80.3580339   -1098364.2223800  -1547748.4939400  -1098364.2223800  -1547948.4939400  
88      640     1520    1       0       72.5518990    -80.0487203   0.000   0.433   56.383  0.893   3      0.067   0.000   641     1520    72.5504209    -80.0452648   -1093564.2223800  -1558948.4939400  -1093564.2223800  -1559148.4939400  
89      568     1528    1       0       72.6665140    -80.2595301   0.000   0.372   41.612  0.738   3      0.067   0.000   569     1528    72.6650393    -80.2560332   -1091964.2223800  -1544548.4939400  -1091964.2223800  -1544748.4939400  
90      600     1536    1       0       72.6276079    -80.1083910   0.000   0.381   42.738  0.696   3      0.067   0.000   601     1536    72.6261306    -80.1049151   -1090364.2223800  -1550948.4939400  -1090364.2223800  -1551148.4939400  
91      744     1544    1       -1      72.4224946    -79.5746498   0.000   0.388   44.301  0.818   3      0.067   -0.067  745     1543    72.4199844    -79.5761780   -1088764.2223800  -1579748.4939400  -1088964.2223800  -1579948.4939400  
92      712     1568    1       0       72.4946364    -79.5650418   0.000   0.393   45.571  0.778   3      0.067   0.000   713     1568    72.4931499    -79.5616394   -1083964.2223800  -1573348.4939400  -1083964.2223800  -1573548.4939400  
93      536     1584    1       0       72.7720286    -80.0934008   0.000   0.556   69.440  0.860   3      0.067   0.000   537     1584    72.7705505    -80.0898967   -1080764.2223800  -1538148.4939400  -1080764.2223800  -1538348.4939400  
94      784     1608    1       -1      72.4280658    -79.1241844   0.000   0.342   35.696  0.824   3      0.067   -0.067  785     1607    72.4255592    -79.1257784   -1075964.2223800  -1587748.4939400  -1076164.2223800  -1587948.4939400  
95      824     1608    1       0       72.3682591    -78.9905788   0.000   0.305   38.748  0.745   3      0.067   0.000   825     1608    72.3667629    -78.9872504   -1075964.2223800  -1595748.4939400  -1075964.2223800  -1595948.4939400  
96      792     1640    1       0       72.4484232    -78.9388835   0.000   0.314   38.191  0.748   3      0.067   0.000   793     1640    72.4469258    -78.9355442   -1069564.2223800  -1589348.4939400  -1069564.2223800  -1589548.4939400  
97      824     1656    0       0       72.4165385    -78.7529580   0.000   0.250   30.107  0.709   3      0.000   0.000   824     1656    72.4165385    -78.7529580   -1066364.2223800  -1595748.4939400  -1066364.2223800  -1595748.4939400  
98      752     1952    1       0       72.8175188    -77.4931473   0.000   0.337   42.633  0.528   3      0.067   0.000   753     1952    72.8159949    -77.4898642   -1007164.2223800  -1581348.4939400  -1007164.2223800  -1581548.4939400  
99      856     2056    1       0       72.7579999    -76.6185687   0.000   0.199   18.507  0.494   3      0.067   0.000   857     2056    72.7564616    -76.6153759   -986364.2223800  -1602148.4939400  -986364.2223800  -1602348.4939400  
100     896     2056    1       0       72.6964329    -76.4913059   0.000   0.219   24.408  0.733   3      0.067   0.000   897     2056    72.6948928    -76.4881361   -986364.2223800  -1610148.4939400  -986364.2223800  -1610348.4939400  
101     928     2080    1       0       72.6696615    -76.2660197   0.000   0.331   39.371  0.774   3      0.067   0.000   929     2080    72.6681178    -76.2628752   -981564.2223800  -1616548.4939400  -981564.2223800  -1616748.4939400  
102     960     2096    1       0       72.6351747    -76.0828900   0.000   0.373   44.027  0.848   3      0.067   0.000   961     2096    72.6336281    -76.0797683   -978364.2223800  -1622948.4939400  -978364.2223800  -1623148.4939400  
103     896     2104    1       0       72.7415606    -76.2422525   0.000   0.212   22.397  0.554   3      0.067   0.000   897     2104    72.7400162    -76.2390969   -976764.2223800  -1610148.4939400  -976764.2223800  -1610348.4939400  
104     952     2128    1       0       72.6773313    -75.9417982   0.000   0.233   23.615  0.707   3      0.067   0.000   953     2128    72.6757823    -75.9386817   -971964.2223800  -1621348.4939400  -971964.2223800  -1621548.4939400  
105     984     2152    1       0       72.6499196    -75.7176386   0.000   0.169   17.061  0.473   3      0.067   0.000   985     2152    72.6483671    -75.7145474   -967164.2223800  -1627748.4939400  -967164.2223800  -1627948.4939400  
106     1288    2152    0       0       72.1760077    -74.8031525   0.000   0.361   40.584  0.878   3      0.000   0.000   1288    2152    72.1760077    -74.8031525   -967164.2223800  -1688548.4939400  -967164.2223800  -1688548.4939400  
107     1288    2184    0       0       72.2046240    -74.6393669   0.000   0.367   43.743  0.901   3      0.000   0.000   1288    2184    72.2046240    -74.6393669   -960764.2223800  -1688548.4939400  -960764.2223800  -1688548.4939400  
108     1056    2192    1       0       72.5745634    -75.2888178   0.000   0.180   18.092  0.501   3      0.067   0.000   1057    2192    72.5730043    -75.2857791   -959164.2223800  -1642148.4939400  -959164.2223800  -1642348.4939400  
109     1168    2192    0       0       72.3996868    -74.9518739   0.000   0.421   44.787  0.783   3      0.000   0.000   1168    2192    72.3996868    -74.9518739   -959164.2223800  -1664548.4939400  -959164.2223800  -1664548.4939400  
110     1320    2192    0       0       72.1615457    -74.5053389   0.000   0.437   48.882  0.812   3      0.000   0.000   1320    2192    72.1615457    -74.5053389   -959164.2223800  -1694948.4939400  -959164.2223800  -1694948.4939400  
111     1136    2200    0       0       72.4569300    -75.0060054   0.000   0.329   35.540  0.726   3      0.000   0.000   1136    2200    72.4569300    -75.0060054   -957564.2223800  -1658148.4939400  -957564.2223800  -1658148.4939400  
112     1208    2200    0       0       72.3442837    -74.7919167   0.000   0.341   39.074  0.759   3      0.000   0.000   1208    2200    72.3442837    -74.7919167   -957564.2223800  -1672548.4939400  -957564.2223800  -1672548.4939400  
113     816     2208    1       -1      72.9623862    -75.9498834   0.000   0.236   24.135  0.501   3      0.067   -0.067  817     2207    72.9599067    -75.9519997   -955964.2223800  -1594148.4939400  -956164.2223800  -1594348.4939400  
114     1088    2208    1       0       72.5391599    -75.1086901   0.000   0.261   27.768  0.610   3      0.067   0.000   1089    2208    72.5375981    -75.1056739   -955964.2223800  -1648548.4939400  -955964.2223800  -1648748.4939400  
115     688     2216    1       -1      73.1679315    -76.3179126   0.000   0.336   37.564  0.727   3      0.067   -0.067  689     2215    73.1654468    -76.3200000   -954364.2223800  -1568548.4939400  -954564.2223800  -1568748.4939400  
116     1272    2216    0       0       72.2582211    -74.5216258   0.000   0.319   35.290  0.766   3      0.000   0.000   1272    2216    72.2582211    -74.5216258   -954364.2223800  -1685348.4939400  -954364.2223800  -1685348.4939400  
117     624     2224    1       -1      73.2742615    -76.4839413   0.000   0.365   40.175  0.771   3      0.067   -0.067  625     2223    73.2717744    -76.4860172   -952764.2223800  -1555748.4939400  -952964.2223800  -1555948.4939400  
118     656     2224    1       -1      73.2248783    -76.3792786   0.000   0.358   37.560  0.734   3      0.067   -0.067  657     2223    73.2223926    -76.3813640   -952764.2223800  -1562148.4939400  -952964.2223800  -1562348.4939400  
119     776     2224    1       -1      73.0392604    -75.9923041   0.000   0.117   11.275  0.421   2      0.067   -0.067  777     2223    73.0367800    -75.9944238   -952764.2223800  -1586148.4939400  -952964.2223800  -1586348.4939400  
120     592     2232    1       -1      73.3311714    -76.5462791   0.000   0.347   38.576  0.697   3      0.067   -0.067  593     2231    73.3286833    -76.5483527   -951164.2223800  -1549348.4939400  -951364.2223800  -1549548.4939400  
121     728     2232    1       0       73.1210648    -76.1034470   0.000   0.194   20.288  0.376   2      0.067   0.000   729     2232    73.1195167    -76.1002323   -951164.2223800  -1576548.4939400  -951164.2223800  -1576748.4939400  
122     1120    2232    1       0       72.5107913    -74.8876824   0.000   0.213   21.957  0.539   3      0.067   0.000   1121    2232    72.5092261    -74.8846912   -951164.2223800  -1654948.4939400  -951164.2223800  -1655148.4939400  
123     1160    2232    0       0       72.4481528    -74.7684579   0.000   0.282   31.763  0.710   3      0.000   0.000   1160    2232    72.4481528    -74.7684579   -951164.2223800  -1662948.4939400  -951164.2223800  -1662948.4939400  
124     1192    2232    0       0       72.3979958    -74.6736988   0.000   0.353   39.445  0.783   3      0.000   0.000   1192    2232    72.3979958    -74.6736988   -951164.2223800  -1669348.4939400  -951164.2223800  -1669348.4939400  
125     1336    2232    0       0       72.1717931    -74.2539905   0.000   0.378   43.589  0.844   3      0.000   0.000   1336    2232    72.1717931    -74.2539905   -951164.2223800  -1698148.4939400  -951164.2223800  -1698148.4939400  
126     1080    2248    28      15      72.5877945    -74.9242256   0.000   0.146   14.690  0.416   3      1.867   1.000   1108    2263    72.5574207    -74.7618881   -947964.2223800  -1646948.4939400  -944964.2223800  -1652548.4939400  
127     1296    2248    0       0       72.2488452    -74.2870337   0.000   0.391   42.376  0.796   3      0.000   0.000   1296    2248    72.2488452    -74.2870337   -947964.2223800  -1690148.4939400  -947964.2223800  -1690148.4939400  
128     1232    2256    0       0       72.3565640    -74.4318001   0.000   0.366   38.960  0.757   3      0.000   0.000   1232    2256    72.3565640    -74.4318001   -946364.2223800  -1677348.4939400  -946364.2223800  -1677348.4939400  
129     1264    2256    0       0       72.3062520    -74.3385098   0.000   0.419   44.940  0.783   3      0.000   0.000   1264    2256    72.3062520    -74.3385098   -946364.2223800  -1683748.4939400  -946364.2223800  -1683748.4939400  
130     864     2344    119     40      73.0124519    -75.0760276   354.375  0.174   16.956  0.546   3      7.933   2.667   983     2384    72.8617180    -74.4984423   -928764.2223800  -1603748.4939400  -920764.2223800  -1627548.4939400  
131     824     2352    119     36      73.0822552    -75.1575098   354.375  0.185   18.000  0.507   3      7.933   2.400   943     2388    72.9281624    -74.5981980   -927164.2223800  -1595748.4939400  -919964.2223800  -1619548.4939400  
