CP      startX  startY  dispX   dispY   sLat          sLon          theta   pCorr   pkStr   cCorr   conf   velX    velY    endX    endY    eLat          eLon          nps_startX    nps_startY    nps_endX      nps_endY      
0       1000    184     0       0       70.9461891    -92.7207589   0.000   0.159   13.828  0.251   1      0.000   0.000   1000    184     70.9461891    -92.7207589   -1540800.0000000  -1401000.0000000  -1540800.0000000  -1401000.0000000  
1       1064    240     44      -18     70.9426482    -92.2529834   0.000   0.133   12.607  0.327   2      8.800   -3.600  1108    222     70.8651736    -92.1428913   -1529600.0000000  -1413800.0000000  -1533200.0000000  -1422600.0000000  
2       1112    256     43      -16     70.9050212    -91.9998199   0.000   0.123   13.246  0.305   2      8.600   -3.200  1155    240     70.8312486    -91.8875084   -1526400.0000000  -1423400.0000000  -1529600.0000000  -1432000.0000000  
3       1000    272     43      -20     71.0629459    -92.3929529   0.000   0.114   13.589  0.346   2      8.600   -4.000  1043    252     70.9841104    -92.2931033   -1523200.0000000  -1401000.0000000  -1527200.0000000  -1409600.0000000  
4       1040    272     43      -18     71.0141807    -92.2303638   0.000   0.208   20.968  0.491   3      8.600   -3.600  1083    254     70.9378992    -92.1239753   -1523200.0000000  -1409000.0000000  -1526800.0000000  -1417600.0000000  
5       1080    288     43      -17     70.9863229    -92.0085283   0.000   0.236   24.348  0.461   3      8.600   -3.400  1123    271     70.9112265    -91.8994487   -1520000.0000000  -1417000.0000000  -1523400.0000000  -1425600.0000000  
6       1112    288     43      -16     70.9470482    -91.8797263   0.000   0.240   23.965  0.486   3      8.600   -3.200  1155    272     70.8731898    -91.7676358   -1520000.0000000  -1423400.0000000  -1523200.0000000  -1432000.0000000  
7       936     296     43      -21     71.1725535    -92.5648273   0.000   0.139   12.703  0.286   1      8.600   -4.200  979     275     71.0924661    -92.4674086   -1518400.0000000  -1388200.0000000  -1522600.0000000  -1396800.0000000  
8       1176    304     42      -15     70.8891214    -91.5634587   0.000   0.188   18.221  0.376   2      8.400   -3.000  1218    289     70.8176149    -91.4531503   -1516800.0000000  -1436200.0000000  -1519800.0000000  -1444600.0000000  
9       1224    304     42      -13     70.8297055    -91.3728555   0.000   0.122   12.999  0.217   2      8.400   -2.600  1266    291     70.7606875    -91.2560823   -1516800.0000000  -1445800.0000000  -1519400.0000000  -1454200.0000000  
10      992     312     42      -20     71.1255917    -92.2752225   0.000   0.156   15.971  0.379   2      8.400   -4.000  1034    292     71.0478980    -92.1795937   -1515200.0000000  -1399400.0000000  -1519200.0000000  -1407800.0000000  
11      1048    312     42      -18     71.0571162    -92.0475040   0.000   0.218   21.650  0.443   3      8.400   -3.600  1090    294     70.9819427    -91.9456466   -1515200.0000000  -1410600.0000000  -1518800.0000000  -1419000.0000000  
12      960     328     42      -20     71.1857712    -92.3457445   0.000   0.171   16.372  0.395   2      8.400   -4.000  1002    308     71.1081026    -92.2495106   -1512000.0000000  -1393000.0000000  -1516000.0000000  -1401400.0000000  
13      928     336     42      -21     71.2353326    -92.4469811   0.000   0.115   10.060  0.192   1      8.400   -4.200  970     315     71.1563852    -92.3538355   -1510400.0000000  -1386600.0000000  -1514600.0000000  -1395000.0000000  
14      1176    336     42      -15     70.9308459    -91.4424926   0.000   0.198   19.758  0.356   2      8.400   -3.000  1218    321     70.8592547    -91.3323999   -1510400.0000000  -1436200.0000000  -1513400.0000000  -1444600.0000000  
15      992     344     42      -20     71.1678328    -92.1543237   0.000   0.142   15.022  0.385   2      8.400   -4.000  1034    324     71.0900648    -92.0589834   -1508800.0000000  -1399400.0000000  -1512800.0000000  -1407800.0000000  
16      1128    344     41      -16     71.0006557    -91.6040344   0.000   0.172   16.534  0.350   2      8.200   -3.200  1169    328     70.9290856    -91.5006864   -1508800.0000000  -1426600.0000000  -1512000.0000000  -1434800.0000000  
17      1048    360     42      -18     71.1202029    -91.8658442   0.000   0.226   22.539  0.404   3      8.400   -3.600  1090    342     71.0449114    -91.7643759   -1505600.0000000  -1410600.0000000  -1509200.0000000  -1419000.0000000  
18      1256    360     42      -13     70.8625461    -91.0343033   0.000   0.247   23.875  0.413   3      8.400   -2.600  1298    347     70.7932960    -90.9185683   -1505600.0000000  -1452200.0000000  -1508200.0000000  -1460600.0000000  
19      896     368     42      -22     71.3166846    -92.4578275   0.000   0.199   20.128  0.463   3      8.400   -4.400  938     346     71.2364013    -92.3680103   -1504000.0000000  -1380200.0000000  -1508400.0000000  -1388600.0000000  
20      944     368     42      -21     71.2581780    -92.2599297   0.000   0.202   20.424  0.389   2      8.400   -4.200  986     347     71.1791281    -92.1674680   -1504000.0000000  -1389800.0000000  -1508200.0000000  -1398200.0000000  
21      1096    368     41      -17     71.0715398    -91.6414994   0.000   0.196   19.062  0.386   2      8.200   -3.400  1137    351     70.9986723    -91.5414110   -1504000.0000000  -1420200.0000000  -1507400.0000000  -1428400.0000000  
22      1296    376     39      -12     70.8332007    -90.8160799   0.000   0.171   15.372  0.368   2      7.800   -2.400  1335    364     70.7688626    -90.7092226   -1502400.0000000  -1460200.0000000  -1504800.0000000  -1468000.0000000  
23      1328    376     39      -12     70.7930783    -90.6908351   0.000   0.171   16.963  0.372   2      7.800   -2.400  1367    364     70.7286711    -90.5846305   -1502400.0000000  -1466600.0000000  -1504800.0000000  -1474400.0000000  
24      1056    392     41      -18     71.1522991    -91.7116335   0.000   0.193   19.252  0.394   2      8.200   -3.600  1097    374     71.0781480    -91.6146423   -1499200.0000000  -1412200.0000000  -1502800.0000000  -1420400.0000000  
25      1232    392     41      -14     70.9338889    -91.0071322   0.000   0.174   17.282  0.294   1      8.200   -2.800  1273    378     70.8645670    -90.8988051   -1499200.0000000  -1447400.0000000  -1502000.0000000  -1455600.0000000  
26      1368    392     38      -11     70.7633107    -90.4739539   0.000   0.188   21.022  0.403   3      7.600   -2.200  1406    381     70.7013175    -90.3687035   -1499200.0000000  -1474600.0000000  -1501400.0000000  -1482200.0000000  
27      920     408     41      -21     71.3403413    -92.2064170   0.000   0.204   19.649  0.438   3      8.200   -4.200  961     387     71.2624699    -92.1178738   -1496000.0000000  -1385000.0000000  -1500200.0000000  -1393200.0000000  
28      840     416     41      -23     71.4484764    -92.5076143   0.000   0.125   10.664  0.276   1      8.200   -4.600  881     393     71.3680814    -92.4248866   -1494400.0000000  -1369000.0000000  -1499000.0000000  -1377200.0000000  
29      1408    416     37      -11     70.7434817    -90.2271033   0.000   0.079   10.053  0.252   1      7.400   -2.200  1445    405     70.6826105    -90.1266161   -1494400.0000000  -1482600.0000000  -1496600.0000000  -1490000.0000000  
30      1200    424     40      -14     71.0152344    -91.0115253   0.000   0.176   17.036  0.373   2      8.000   -2.800  1240    410     70.9471500    -90.9066632   -1492800.0000000  -1441000.0000000  -1495600.0000000  -1449000.0000000  
31      1064    432     40      -18     71.1947094    -91.5262115   0.000   0.190   19.763  0.408   3      8.000   -3.600  1104    414     71.1216880    -91.4337649   -1491200.0000000  -1413800.0000000  -1494800.0000000  -1421800.0000000  
32      1168    432     40      -15     71.0655195    -91.1082564   0.000   0.186   18.790  0.383   2      8.000   -3.000  1208    417     70.9961898    -91.0065915   -1491200.0000000  -1434600.0000000  -1494200.0000000  -1442600.0000000  
33      1312    440     40      -12     70.8953714    -90.5083339   0.000   0.151   13.385  0.273   1      8.000   -2.400  1352    428     70.8295724    -90.3982837   -1489600.0000000  -1463400.0000000  -1492000.0000000  -1471400.0000000  
34      1344    440     37      -11     70.8550214    -90.3833343   0.000   0.151   13.649  0.228   1      7.400   -2.200  1381    429     70.7942214    -90.2817486   -1489600.0000000  -1469800.0000000  -1491800.0000000  -1477200.0000000  
35      1248    456     40      -13     70.9964128    -90.6983614   0.000   0.207   22.470  0.386   2      8.000   -2.600  1288    443     70.9294307    -90.5908977   -1486400.0000000  -1450600.0000000  -1489000.0000000  -1458600.0000000  
36      1024    464     40      -19     71.2859974    -91.5655020   0.000   0.140   13.602  0.356   2      8.000   -3.800  1064    445     71.2116734    -91.4762872   -1484800.0000000  -1405800.0000000  -1488600.0000000  -1413800.0000000  
37      1152    464     39      -15     71.1269311    -91.0490545   0.000   0.162   17.673  0.337   2      7.800   -3.000  1191    449     71.0588056    -90.9512535   -1484800.0000000  -1431400.0000000  -1487800.0000000  -1439200.0000000  
38      1416    472     37      -11     70.8046131    -89.9806916   0.000   0.136   12.676  0.271   1      7.400   -2.200  1453    461     70.7435892    -89.8806741   -1483200.0000000  -1484200.0000000  -1485400.0000000  -1491600.0000000  
39      1464    472     37      -10     70.7435104    -89.7959917   0.000   0.086   14.701  0.404   3      7.400   -2.000  1501    462     70.6836548    -89.6930339   -1483200.0000000  -1493800.0000000  -1485200.0000000  -1501200.0000000  
40      840     480     39      -23     71.5332710    -92.2620334   0.000   0.145   14.738  0.275   1      7.800   -4.600  879     457     71.4551920    -92.1883025   -1481600.0000000  -1369000.0000000  -1486200.0000000  -1376800.0000000  
41      1352    480     36      -11     70.8959980    -90.1979054   0.000   0.097   11.308  0.289   1      7.200   -2.200  1388    469     70.8363519    -90.1005731   -1481600.0000000  -1471400.0000000  -1483800.0000000  -1478600.0000000  
42      920     496     39      -22     71.4562519    -91.8682437   0.000   0.149   15.925  0.406   3      7.800   -4.400  959     474     71.3793426    -91.7926476   -1478400.0000000  -1385000.0000000  -1482800.0000000  -1392800.0000000  
43      968     496     39      -20     71.3970722    -91.6707363   0.000   0.201   20.339  0.352   2      7.800   -4.000  1007    476     71.3227076    -91.5884941   -1478400.0000000  -1394600.0000000  -1482400.0000000  -1402400.0000000  
44      1128    496     39      -16     71.1983291    -91.0215514   0.000   0.232   22.488  0.401   3      7.800   -3.200  1167    480     71.1288826    -90.9273404   -1478400.0000000  -1426600.0000000  -1481600.0000000  -1434400.0000000  
45      1160    496     39      -15     71.1583127    -90.8933907   0.000   0.202   20.423  0.413   3      7.800   -3.000  1199    481     71.0900954    -90.7959958   -1478400.0000000  -1433000.0000000  -1481400.0000000  -1440800.0000000  
46      1200    496     39      -14     71.1081688    -90.7339676   0.000   0.232   23.713  0.498   3      7.800   -2.800  1239    482     71.0411593    -90.6335521   -1478400.0000000  -1441000.0000000  -1481200.0000000  -1448800.0000000  
47      1392    504     36      -11     70.8757683    -89.9496079   0.000   0.255   26.292  0.479   3      7.200   -2.200  1428    493     70.8159880    -89.8531673   -1476800.0000000  -1479400.0000000  -1479000.0000000  -1486600.0000000  
48      1240    512     38      -13     71.0784262    -90.5133401   0.000   0.165   16.088  0.319   2      7.600   -2.600  1278    499     71.0138402    -90.4139345   -1475200.0000000  -1449000.0000000  -1477800.0000000  -1456600.0000000  
49      1272    512     38      -12     71.0380585    -90.3871013   0.000   0.123   11.811  0.248   1      7.600   -2.400  1310    500     70.9746866    -90.2844697   -1475200.0000000  -1455400.0000000  -1477600.0000000  -1463000.0000000  
50      1320    512     38      -11     70.9773470    -90.1987670   0.000   0.111   9.331   0.219   1      7.600   -2.200  1358    501     70.9151498    -90.0932269   -1475200.0000000  -1465000.0000000  -1477400.0000000  -1472600.0000000  
51      1048    520     38      -18     71.3292040    -91.2513211   0.000   0.249   24.148  0.482   3      7.600   -3.600  1086    502     71.2585052    -91.1673631   -1473600.0000000  -1410600.0000000  -1477200.0000000  -1418200.0000000  
52      1544    520     36      -9      70.7015853    -89.3048182   0.000   0.118   10.933  0.492   3      7.200   -1.800  1580    511     70.6439878    -89.2035320   -1473600.0000000  -1509800.0000000  -1475400.0000000  -1517000.0000000  
53      1184    528     38      -15     71.1694607    -90.6733884   0.000   0.227   22.821  0.403   3      7.600   -3.000  1222    513     71.1023797    -90.5807071   -1472000.0000000  -1437800.0000000  -1475000.0000000  -1445400.0000000  
54      896     536     38      -22     71.5383402    -91.8123748   0.000   0.241   25.084  0.490   3      7.600   -4.400  934     514     71.4626238    -91.7407947   -1470400.0000000  -1380200.0000000  -1474800.0000000  -1387800.0000000  
55      1008    536     38      -19     71.3997576    -91.3518736   0.000   0.236   24.862  0.382   2      7.600   -3.800  1046    517     71.3277918    -91.2710887   -1470400.0000000  -1402600.0000000  -1474200.0000000  -1410200.0000000  
56      792     544     40      -26     71.6765832    -92.2152022   0.000   0.222   23.698  0.415   3      8.000   -5.200  832     518     71.5932691    -92.1485419   -1468800.0000000  -1359400.0000000  -1474000.0000000  -1367400.0000000  
57      960     544     38      -20     71.4697401    -91.5172286   0.000   0.174   16.705  0.483   3      7.600   -4.000  998     524     71.3965309    -91.4393697   -1468800.0000000  -1393000.0000000  -1472800.0000000  -1400600.0000000  
58      1120    544     38      -16     71.2703982    -90.8671517   0.000   0.163   16.077  0.327   2      7.600   -3.200  1158    528     71.2021108    -90.7771519   -1468800.0000000  -1425000.0000000  -1472000.0000000  -1432600.0000000  
59      1304    544     37      -12     71.0384306    -90.1368558   0.000   0.174   16.384  0.316   2      7.400   -2.400  1341    532     70.9761839    -90.0389714   -1468800.0000000  -1461800.0000000  -1471200.0000000  -1469200.0000000  
60      1336    544     37      -11     70.9977993    -90.0117050   0.000   0.159   16.042  0.359   2      7.400   -2.200  1373    533     70.9367596    -89.9105544   -1468800.0000000  -1468200.0000000  -1471000.0000000  -1475600.0000000  
61      1048    552     37      -18     71.3707619    -91.1267368   0.000   0.150   14.303  0.306   2      7.400   -3.600  1085    534     71.3012456    -91.0471062   -1467200.0000000  -1410600.0000000  -1470800.0000000  -1418000.0000000  
62      1176    560     37      -15     71.2206719    -90.5804805   0.000   0.202   20.758  0.379   2      7.400   -3.000  1213    545     71.1547938    -90.4918478   -1465600.0000000  -1436200.0000000  -1468600.0000000  -1443600.0000000  
63      752     568     39      -27     71.7572439    -92.2902849   0.000   0.077   6.766   0.203   1      7.800   -5.400  791     541     71.6738401    -92.2310695   -1464000.0000000  -1351400.0000000  -1469400.0000000  -1359200.0000000  
64      904     568     37      -22     71.5704252    -91.6545098   0.000   0.191   18.021  0.449   3      7.400   -4.400  941     546     71.4958773    -91.5875785   -1464000.0000000  -1381800.0000000  -1468400.0000000  -1389200.0000000  
65      992     568     37      -20     71.4613072    -91.2924075   0.000   0.237   22.484  0.462   3      7.400   -4.000  1029    548     71.3892485    -91.2195534   -1464000.0000000  -1399400.0000000  -1468000.0000000  -1406800.0000000  
66      1376    568     35      -12     70.9772985    -89.7622595   0.000   0.190   18.815  0.383   2      7.000   -2.400  1411    556     70.9174126    -89.6736647   -1464000.0000000  -1476200.0000000  -1466400.0000000  -1483200.0000000  
67      792     576     40      -26     71.7188459    -92.0904552   0.000   0.209   21.321  0.454   3      8.000   -5.200  832     550     71.6354768    -92.0242146   -1462400.0000000  -1359400.0000000  -1467600.0000000  -1367400.0000000  
68      960     576     37      -20     71.5114986    -91.3922898   0.000   0.281   30.258  0.569   3      7.400   -4.000  997     556     71.4394704    -91.3188411   -1462400.0000000  -1393000.0000000  -1466400.0000000  -1400400.0000000  
69      1112    576     37      -16     71.3217249    -90.7742738   0.000   0.118   13.247  0.303   2      7.400   -3.200  1149    560     71.2546377    -90.6883708   -1462400.0000000  -1423400.0000000  -1465600.0000000  -1430800.0000000  
70      1144    584     37      -16     71.2918063    -90.6144403   0.000   0.204   21.528  0.409   3      7.400   -3.200  1181    568     71.2246482    -90.5292580   -1460800.0000000  -1429800.0000000  -1464000.0000000  -1437200.0000000  
71      1280    592     36      -13     71.1300345    -90.0432243   0.000   0.164   16.465  0.372   2      7.200   -2.600  1316    579     71.0677220    -89.9530042   -1459200.0000000  -1457000.0000000  -1461800.0000000  -1464200.0000000  
72      1416    592     0       0       70.9564455    -89.5133655   0.000   0.272   27.834  0.476   3      0.000   0.000   1416    592     70.9564455    -89.5133655   -1459200.0000000  -1484200.0000000  -1459200.0000000  -1484200.0000000  
73      848     600     36      -23     71.6815334    -91.7619551   0.000   0.098   8.990   0.219   1      7.200   -4.600  884     577     71.6069272    -91.7022327   -1457600.0000000  -1370600.0000000  -1462200.0000000  -1377800.0000000  
74      1312    600     35      -13     71.0994819    -89.8862324   0.000   0.124   11.911  0.241   1      7.000   -2.600  1347    587     71.0383709    -89.8005819   -1457600.0000000  -1463400.0000000  -1460200.0000000  -1470400.0000000  
75      1248    608     36      -13     71.1910582    -90.1064463   0.000   0.273   28.076  0.461   3      7.200   -2.600  1284    595     71.1287673    -90.0157169   -1456000.0000000  -1450600.0000000  -1458600.0000000  -1457800.0000000  
76      1384    608     0       0       71.0176263    -89.5742638   0.000   0.324   34.251  0.619   3      0.000   0.000   1384    608     71.0176263    -89.5742638   -1456000.0000000  -1477800.0000000  -1456000.0000000  -1477800.0000000  
77      1032    616     36      -19     71.4736720    -90.9408972   0.000   0.196   19.686  0.385   2      7.200   -3.800  1068    597     71.4040152    -90.8695016   -1454400.0000000  -1407400.0000000  -1458200.0000000  -1414600.0000000  
78      1208    616     36      -14     71.2519980    -90.2333747   0.000   0.170   16.642  0.344   2      7.200   -2.800  1244    602     71.1884863    -90.1458507   -1454400.0000000  -1442600.0000000  -1457200.0000000  -1449800.0000000  
79      648     624     17      57      71.9583909    -92.5138503   326.250  0.144   11.206  0.462   3      3.400   11.400  665     681     72.0132299    -92.2160762   -1452800.0000000  -1330600.0000000  -1441400.0000000  -1334000.0000000  
80      784     624     38      -27     71.7919337    -91.9358954   0.000   0.185   19.259  0.435   3      7.600   -5.400  822     597     71.7096403    -91.8823966   -1452800.0000000  -1357800.0000000  -1458200.0000000  -1365400.0000000  
81      880     624     36      -22     71.6733996    -91.5343776   0.000   0.172   16.522  0.345   1      7.200   -4.400  916     602     71.6000268    -91.4716942   -1452800.0000000  -1377000.0000000  -1457200.0000000  -1384200.0000000  
82      936     624     36      -21     71.6038677    -91.3025940   0.000   0.205   21.597  0.452   3      7.200   -4.200  972     603     71.5317301    -91.2371587   -1452800.0000000  -1388200.0000000  -1457000.0000000  -1395400.0000000  
83      992     624     36      -19     71.5340551    -91.0725886   0.000   0.185   18.231  0.406   3      7.200   -3.800  1028    605     71.4644391    -91.0004533   -1452800.0000000  -1399400.0000000  -1456600.0000000  -1406600.0000000  
84      1064    624     36      -18     71.4438895    -90.7794591   0.000   0.164   17.230  0.369   2      7.200   -3.600  1100    606     71.3754630    -90.7048614   -1452800.0000000  -1413800.0000000  -1456400.0000000  -1421000.0000000  
85      840     632     37      -24     71.7333776    -91.6695199   0.000   0.141   13.854  0.372   2      7.400   -4.800  877     608     71.6561845    -91.6097811   -1451200.0000000  -1369000.0000000  -1456000.0000000  -1376400.0000000  
86      720     640     37      -30     71.8916326    -92.1435419   0.000   0.121   12.070  0.309   2      7.400   -6.000  757     610     71.8066452    -92.1047950   -1449600.0000000  -1345000.0000000  -1455600.0000000  -1352400.0000000  
87      1328    640     0       0       71.1297247    -89.6659978   0.000   0.307   32.326  0.546   3      0.000   0.000   1328    640     71.1297247    -89.6659978   -1449600.0000000  -1466600.0000000  -1449600.0000000  -1466600.0000000  
88      752     648     37      -29     71.8628997    -91.9763439   0.000   0.169   15.648  0.466   3      7.400   -5.800  789     619     71.7792004    -91.9345199   -1448000.0000000  -1351400.0000000  -1453800.0000000  -1358800.0000000  
89      1032    648     35      -19     71.5150291    -90.8146151   0.000   0.169   16.627  0.380   2      7.000   -3.800  1067    629     71.4465707    -90.7475893   -1448000.0000000  -1407400.0000000  -1451800.0000000  -1414400.0000000  
90      1288    648     0       0       71.1909672    -89.7910505   0.000   0.252   24.447  0.360   2      0.000   0.000   1288    648     71.1909672    -89.7910505   -1448000.0000000  -1458600.0000000  -1448000.0000000  -1458600.0000000  
91      872     664     36      -24     71.7355681    -91.4096606   0.000   0.092   7.325   0.208   1      7.200   -4.800  908     640     71.6595336    -91.3551661   -1444800.0000000  -1375400.0000000  -1449600.0000000  -1382600.0000000  
92      1080    664     35      -17     71.4752690    -90.5565632   0.000   0.244   24.668  0.417   3      7.000   -3.400  1115    647     71.4092901    -90.4827397   -1444800.0000000  -1417000.0000000  -1448200.0000000  -1424000.0000000  
93      1248    664     0       0       71.2622917    -89.8852265   0.000   0.224   23.054  0.347   2      0.000   0.000   1248    664     71.2622917    -89.8852265   -1444800.0000000  -1450600.0000000  -1444800.0000000  -1450600.0000000  
94      840     672     37      -26     71.7857313    -91.5114006   0.000   0.134   12.410  0.317   2      7.400   -5.200  877     646     71.7058643    -91.4600691   -1443200.0000000  -1369000.0000000  -1448400.0000000  -1376400.0000000  
95      1344    672     0       0       71.1496164    -89.4768193   0.000   0.329   34.839  0.566   3      0.000   0.000   1344    672     71.1496164    -89.4768193   -1443200.0000000  -1469800.0000000  -1443200.0000000  -1469800.0000000  
96      720     680     36      -30     71.9444167    -91.9854148   0.000   0.179   18.210  0.383   2      7.200   -6.000  756     650     71.8606146    -91.9515335   -1441600.0000000  -1345000.0000000  -1447600.0000000  -1352200.0000000  
97      1048    680     34      -18     71.5361647    -90.6227120   0.000   0.187   20.150  0.417   3      6.800   -3.600  1082    662     71.4701773    -90.5564077   -1441600.0000000  -1410600.0000000  -1445200.0000000  -1417400.0000000  
98      680     688     37      -31     72.0041007    -92.1241488   0.000   0.140   11.926  0.319   2      7.400   -6.200  717     657     71.9177635    -92.0892013   -1440000.0000000  -1337000.0000000  -1446200.0000000  -1344400.0000000  
99      944     688     34      -21     71.6770282    -91.0163073   0.000   0.232   23.609  0.440   3      6.800   -4.200  978     667     71.6072779    -90.9599493   -1440000.0000000  -1389800.0000000  -1444200.0000000  -1396600.0000000  
100     1296    688     0       0       71.2313487    -89.6009392   0.000   0.348   35.996  0.608   3      0.000   0.000   1296    688     71.2313487    -89.6009392   -1440000.0000000  -1460200.0000000  -1440000.0000000  -1460200.0000000  
101     1000    696     34      -19     71.6171629    -90.7546447   0.000   0.219   22.181  0.366   2      6.800   -3.800  1034    677     71.5499210    -90.6915365   -1438400.0000000  -1401000.0000000  -1442200.0000000  -1407800.0000000  
102     1352    720     0       0       71.1997021    -89.2545066   0.000   0.357   37.507  0.626   3      0.000   0.000   1352    720     71.1997021    -89.2545066   -1433600.0000000  -1471400.0000000  -1433600.0000000  -1471400.0000000  
103     664     728     44      -41     72.0765597    -92.0334381   354.375  0.109   9.825   0.213   1      8.800   -8.200  708     687     71.9683981    -92.0086880   -1432000.0000000  -1333800.0000000  -1440200.0000000  -1342600.0000000  
104     736     728     35      -29     71.9878272    -91.7264704   0.000   0.129   10.759  0.223   1      7.000   -5.800  771     699     71.9065165    -91.6939679   -1432000.0000000  -1348200.0000000  -1437800.0000000  -1355200.0000000  
105     984     736     34      -20     71.6888568    -90.6604058   0.000   0.263   27.019  0.535   3      6.800   -4.000  1018    716     71.6202824    -90.6013919   -1430400.0000000  -1397800.0000000  -1434400.0000000  -1404600.0000000  
106     1104    736     2       -3      71.5371546    -90.1727586   0.000   0.146   13.710  0.249   1      0.400   -0.600  1106    733     71.5307847    -90.1767143   -1430400.0000000  -1421800.0000000  -1431000.0000000  -1422200.0000000  
107     856     752     34      -25     71.8700740    -91.1255492   0.000   0.201   19.610  0.409   3      6.800   -5.000  890     727     71.7951300    -91.0841533   -1427200.0000000  -1372200.0000000  -1432200.0000000  -1379000.0000000  
108     1016    752     34      -19     71.6690793    -90.4654143   0.000   0.199   20.158  0.279   1      6.800   -3.800  1050    733     71.6017282    -90.4032008   -1427200.0000000  -1404200.0000000  -1431000.0000000  -1411000.0000000  
109     744     768     38      -32     72.0303450    -91.5323142   354.375  0.157   14.000  0.376   3      7.600   -6.400  782     736     71.9413465    -91.4999772   -1424000.0000000  -1349800.0000000  -1430400.0000000  -1357400.0000000  
110     1048    768     3       -2      71.6490945    -90.2708522   0.000   0.186   19.158  0.413   3      0.600   -0.400  1051    766     71.6427326    -90.2667156   -1424000.0000000  -1410600.0000000  -1424400.0000000  -1411200.0000000  
111     792     776     33      -27     71.9811307    -91.2973676   0.000   0.121   11.196  0.236   1      6.600   -5.400  825     749     71.9048450    -91.2671994   -1422400.0000000  -1359400.0000000  -1427800.0000000  -1366000.0000000  
112     648     800     35      -44     72.1911149    -91.8132118   354.375  0.148   14.096  0.460   3      7.000   -8.800  683     756     72.0900542    -91.8401287   -1417600.0000000  -1330600.0000000  -1426400.0000000  -1337600.0000000  
113     760     800     34      -30     72.0522690    -91.3356807   354.375  0.190   18.660  0.483   3      6.800   -6.000  794     770     71.9708195    -91.3130814   -1417600.0000000  -1353000.0000000  -1423600.0000000  -1359800.0000000  
114     680     808     34      -40     72.1620583    -91.6437068   354.375  0.258   24.642  0.518   3      6.800   -8.000  714     768     72.0675136    -91.6597428   -1416000.0000000  -1337000.0000000  -1424000.0000000  -1343800.0000000  
115     1000    824     3       -2      71.7816159    -90.2402752   0.000   0.302   30.226  0.565   3      0.600   -0.400  1003    822     71.7752511    -90.2361188   -1412800.0000000  -1401000.0000000  -1413200.0000000  -1401600.0000000  
116     1576    824     0       0       71.0370562    -87.9781754   0.000   0.105   10.852  0.225   1      0.000   0.000   1576    824     71.0370562    -87.9781754   -1412800.0000000  -1516200.0000000  -1412800.0000000  -1516200.0000000  
117     1032    832     0       0       71.7511813    -90.0772454   0.000   0.181   16.976  0.351   2      0.000   0.000   1032    832     71.7511813    -90.0772454   -1411200.0000000  -1407400.0000000  -1411200.0000000  -1407400.0000000  
118     648     840     30      -44     72.2436550    -91.6513806   354.375  0.159   16.119  0.374   2      6.000   -8.800  678     796     72.1487895    -91.7006963   -1409600.0000000  -1330600.0000000  -1418400.0000000  -1336600.0000000  
119     728     840     29      -34     72.1442890    -91.3094136   354.375  0.194   18.640  0.465   3      5.800   -6.800  757     806     72.0638296    -91.3241393   -1409600.0000000  -1346600.0000000  -1416400.0000000  -1352400.0000000  
120     616     848     0       0       72.2937499    -91.7567827   0.000   0.350   38.063  0.629   3      0.000   0.000   616     848     72.2937499    -91.7567827   -1408000.0000000  -1324200.0000000  -1408000.0000000  -1324200.0000000  
121     696     856     27      -38     72.2050115    -91.3807057   354.375  0.212   21.569  0.483   3      5.400   -7.600  723     818     72.1217960    -91.4198540   -1406400.0000000  -1340200.0000000  -1414000.0000000  -1345600.0000000  
122     1600    856     0       0       71.0445722    -87.7581659   0.000   0.620   75.999  0.928   3      0.000   0.000   1600    856     71.0445722    -87.7581659   -1406400.0000000  -1521000.0000000  -1406400.0000000  -1521000.0000000  
123     552     864     0       0       72.3937806    -91.9694125   0.000   0.259   28.549  0.267   1      0.000   0.000   552     864     72.3937806    -91.9694125   -1404800.0000000  -1311400.0000000  -1404800.0000000  -1311400.0000000  
124     584     864     0       0       72.3543233    -91.8302495   0.000   0.408   43.543  0.682   3      0.000   0.000   584     864     72.3543233    -91.8302495   -1404800.0000000  -1317800.0000000  -1404800.0000000  -1317800.0000000  
125     776     864     26      -28     72.1155467    -91.0084344   354.375  0.214   22.667  0.454   3      5.200   -5.600  802     836     72.0466588    -91.0127718   -1404800.0000000  -1356200.0000000  -1410400.0000000  -1361400.0000000  
126     968     864     2       -2      71.8733979    -90.2087642   0.000   0.168   16.104  0.415   3      0.400   -0.400  970     862     71.8683005    -90.2087045   -1404800.0000000  -1394600.0000000  -1405200.0000000  -1395000.0000000  
127     736     872     25      -33     72.1759826    -91.1451800   354.375  0.170   16.293  0.421   3      5.000   -6.600  761     839     72.1018262    -91.1735388   -1403200.0000000  -1348200.0000000  -1409800.0000000  -1353200.0000000  
128     1632    872     0       0       71.0217605    -87.5732342   0.000   0.665   85.962  0.930   3      0.000   0.000   1632    872     71.0217605    -87.5732342   -1403200.0000000  -1527400.0000000  -1403200.0000000  -1527400.0000000  
129     616     880     0       0       72.3357645    -91.6264957   0.000   0.363   39.479  0.620   3      0.000   0.000   616     880     72.3357645    -91.6264957   -1401600.0000000  -1324200.0000000  -1401600.0000000  -1324200.0000000  
130     648     880     0       0       72.2960620    -91.4885751   0.000   0.389   41.742  0.621   3      0.000   0.000   648     880     72.2960620    -91.4885751   -1401600.0000000  -1330600.0000000  -1401600.0000000  -1330600.0000000  
131     912     880     1       -3      71.9649026    -90.3744231   0.000   0.167   15.991  0.353   2      0.200   -0.600  913     877     71.9597872    -90.3825421   -1401600.0000000  -1383400.0000000  -1402200.0000000  -1383600.0000000  
132     696     888     23      -39     72.2467555    -91.2501802   348.750  0.109   9.532   0.298   2      4.600   -7.800  719     849     72.1672387    -91.3111255   -1400000.0000000  -1340200.0000000  -1407800.0000000  -1344800.0000000  
133     552     896     0       0       72.4359529    -91.8388889   0.000   0.329   35.368  0.502   3      0.000   0.000   552     896     72.4359529    -91.8388889   -1398400.0000000  -1311400.0000000  -1398400.0000000  -1311400.0000000  
134     920     912     2       -3      71.9957558    -90.2102059   0.000   0.168   16.532  0.373   2      0.400   -0.600  922     909     71.9893773    -90.2142504   -1395200.0000000  -1385000.0000000  -1395800.0000000  -1385400.0000000  
135     552     928     0       0       72.4780396    -91.7077281   0.000   0.394   43.901  0.636   3      0.000   0.000   552     928     72.4780396    -91.7077281   -1392000.0000000  -1311400.0000000  -1392000.0000000  -1311400.0000000  
136     648     928     0       0       72.3587727    -91.2919138   0.000   0.363   39.652  0.567   3      0.000   0.000   648     928     72.3587727    -91.2919138   -1392000.0000000  -1330600.0000000  -1392000.0000000  -1330600.0000000  
137     696     936     0       0       72.3092089    -91.0532206   0.000   0.323   35.445  0.606   3      0.000   0.000   696     936     72.3092089    -91.0532206   -1390400.0000000  -1340200.0000000  -1390400.0000000  -1340200.0000000  
138     728     936     0       0       72.2690923    -90.9168217   0.000   0.241   25.414  0.363   2      0.000   0.000   728     936     72.2690923    -90.9168217   -1390400.0000000  -1346600.0000000  -1390400.0000000  -1346600.0000000  
139     888     944     3       -2      72.0773499    -90.2111781   0.000   0.245   25.306  0.522   3      0.600   -0.400  891     942     72.0709794    -90.2069626   -1388800.0000000  -1378600.0000000  -1389200.0000000  -1379200.0000000  
140     552     960     0       0       72.5200399    -91.5759268   0.000   0.403   43.869  0.651   3      0.000   0.000   552     960     72.5200399    -91.5759268   -1385600.0000000  -1311400.0000000  -1385600.0000000  -1311400.0000000  
141     688     976     0       0       72.3711486    -90.9222118   0.000   0.367   39.523  0.544   3      0.000   0.000   688     976     72.3711486    -90.9222118   -1382400.0000000  -1338600.0000000  -1382400.0000000  -1338600.0000000  
142     768     976     0       0       72.2704270    -90.5819393   0.000   0.291   30.068  0.478   3      0.000   0.000   768     976     72.2704270    -90.5819393   -1382400.0000000  -1354600.0000000  -1382400.0000000  -1354600.0000000  
143     888     976     3       -2      72.1182570    -90.0788569   0.000   0.122   13.354  0.209   1      0.600   -0.400  891     974     72.1118828    -90.0746795   -1382400.0000000  -1378600.0000000  -1382800.0000000  -1379200.0000000  
144     504     992     0       0       72.6215595    -91.6536598   0.000   0.407   43.804  0.642   3      0.000   0.000   504     992     72.6215595    -91.6536598   -1379200.0000000  -1301800.0000000  -1379200.0000000  -1301800.0000000  
145     712     1024    0       0       72.4030087    -90.6201422   0.000   0.417   46.291  0.675   3      0.000   0.000   712     1024    72.4030087    -90.6201422   -1372800.0000000  -1343400.0000000  -1372800.0000000  -1343400.0000000  
146     816     1024    0       0       72.2712414    -90.1800300   0.000   0.299   31.414  0.430   3      0.000   0.000   816     1024    72.2712414    -90.1800300   -1372800.0000000  -1364200.0000000  -1372800.0000000  -1364200.0000000  
147     456     1032    0       0       72.7335927    -91.6989712   0.000   0.315   34.477  0.417   3      0.000   0.000   456     1032    72.7335927    -91.6989712   -1371200.0000000  -1292200.0000000  -1371200.0000000  -1292200.0000000  
148     504     1032    0       0       72.6740182    -91.4872555   0.000   0.372   40.707  0.635   3      0.000   0.000   504     1032    72.6740182    -91.4872555   -1371200.0000000  -1301800.0000000  -1371200.0000000  -1301800.0000000  
149     648     1032    0       0       72.4939706    -90.8609200   0.000   0.321   33.867  0.605   3      0.000   0.000   648     1032    72.4939706    -90.8609200   -1371200.0000000  -1330600.0000000  -1371200.0000000  -1330600.0000000  
150     552     1040    0       0       72.6246584    -91.2435997   0.000   0.400   42.920  0.665   3      0.000   0.000   552     1040    72.6246584    -91.2435997   -1369600.0000000  -1311400.0000000  -1369600.0000000  -1311400.0000000  
151     680     1040    0       0       72.4640310    -90.6900732   0.000   0.401   44.607  0.623   3      0.000   0.000   680     1040    72.4640310    -90.6900732   -1369600.0000000  -1337000.0000000  -1369600.0000000  -1337000.0000000  
152     744     1040    0       0       72.3831462    -90.4171642   0.000   0.399   44.741  0.634   3      0.000   0.000   744     1040    72.3831462    -90.4171642   -1369600.0000000  -1349800.0000000  -1369600.0000000  -1349800.0000000  
153     784     1048    0       0       72.3426520    -90.2144010   0.000   0.356   37.797  0.618   3      0.000   0.000   784     1048    72.3426520    -90.2144010   -1368000.0000000  -1357800.0000000  -1368000.0000000  -1357800.0000000  
154     712     1064    0       0       72.4545336    -90.4527377   0.000   0.377   42.521  0.669   3      0.000   0.000   712     1064    72.4545336    -90.4527377   -1364800.0000000  -1343400.0000000  -1364800.0000000  -1343400.0000000  
155     456     1080    0       0       72.7965911    -91.4980108   0.000   0.333   35.038  0.600   3      0.000   0.000   456     1080    72.7965911    -91.4980108   -1361600.0000000  -1292200.0000000  -1361600.0000000  -1292200.0000000  
156     600     1080    0       0       72.6165147    -90.8670808   0.000   0.350   39.024  0.601   3      0.000   0.000   600     1080    72.6165147    -90.8670808   -1361600.0000000  -1321000.0000000  -1361600.0000000  -1321000.0000000  
157     784     1080    0       0       72.3835892    -90.0800632   0.000   0.293   30.931  0.571   3      0.000   0.000   784     1080    72.3835892    -90.0800632   -1361600.0000000  -1357800.0000000  -1361600.0000000  -1357800.0000000  
158     416     1088    0       0       72.8567696    -91.6420207   0.000   0.280   30.214  0.368   2      0.000   0.000   416     1088    72.8567696    -91.6420207   -1360000.0000000  -1284200.0000000  -1360000.0000000  -1284200.0000000  
159     664     1088    0       0       72.5461656    -90.5572433   0.000   0.361   37.372  0.587   3      0.000   0.000   664     1088    72.5461656    -90.5572433   -1360000.0000000  -1333800.0000000  -1360000.0000000  -1333800.0000000  
160     568     1096    0       0       72.6774786    -90.9387694   0.000   0.391   43.381  0.659   3      0.000   0.000   568     1096    72.6774786    -90.9387694   -1358400.0000000  -1314600.0000000  -1358400.0000000  -1314600.0000000  
161     720     1104    0       0       72.4957530    -90.2502354   0.000   0.394   42.829  0.620   3      0.000   0.000   720     1104    72.4957530    -90.2502354   -1356800.0000000  -1345000.0000000  -1356800.0000000  -1345000.0000000  
162     400     1120    0       0       72.9186509    -91.5784640   0.000   0.290   31.336  0.493   3      0.000   0.000   400     1120    72.9186509    -91.5784640   -1353600.0000000  -1281000.0000000  -1353600.0000000  -1281000.0000000  
163     600     1120    0       0       72.6682850    -90.6983287   0.000   0.349   37.961  0.558   3      0.000   0.000   600     1120    72.6682850    -90.6983287   -1353600.0000000  -1321000.0000000  -1353600.0000000  -1321000.0000000  
164     648     1128    0       0       72.6179311    -90.4570580   0.000   0.401   45.355  0.702   3      0.000   0.000   648     1128    72.6179311    -90.4570580   -1352000.0000000  -1330600.0000000  -1352000.0000000  -1330600.0000000  
165     752     1128    0       0       72.4857055    -90.0127164   0.000   0.351   37.403  0.551   3      0.000   0.000   752     1128    72.4857055    -90.0127164   -1352000.0000000  -1351400.0000000  -1352000.0000000  -1351400.0000000  
166     512     1144    0       0       72.8101242    -90.9806856   0.000   0.352   38.726  0.637   3      0.000   0.000   512     1144    72.8101242    -90.9806856   -1348800.0000000  -1303400.0000000  -1348800.0000000  -1303400.0000000  
167     480     1152    0       0       72.8606649    -91.0876267   0.000   0.434   49.248  0.665   3      0.000   0.000   480     1152    72.8606649    -91.0876267   -1347200.0000000  -1297000.0000000  -1347200.0000000  -1297000.0000000  
168     408     1160    0       0       72.9611099    -91.3731615   0.000   0.336   35.547  0.669   3      0.000   0.000   408     1160    72.9611099    -91.3731615   -1345600.0000000  -1282600.0000000  -1345600.0000000  -1282600.0000000  
169     696     1160    0       0       72.5980123    -90.1151973   0.000   0.277   27.904  0.505   3      0.000   0.000   696     1160    72.5980123    -90.1151973   -1345600.0000000  -1340200.0000000  -1345600.0000000  -1340200.0000000  
170     592     1168    0       0       72.7403477    -90.5291868   0.000   0.434   48.539  0.694   3      0.000   0.000   592     1168    72.7403477    -90.5291868   -1344000.0000000  -1319400.0000000  -1344000.0000000  -1319400.0000000  
171     376     1176    0       0       73.0219349    -91.4481681   0.000   0.271   31.378  0.658   3      0.000   0.000   376     1176    73.0219349    -91.4481681   -1342400.0000000  -1276200.0000000  -1342400.0000000  -1276200.0000000  
172     648     1176    0       0       72.6796035    -90.2529315   0.000   0.324   34.174  0.617   3      0.000   0.000   648     1176    72.6796035    -90.2529315   -1342400.0000000  -1330600.0000000  -1342400.0000000  -1330600.0000000  
173     488     1184    0       0       72.8922184    -90.9159945   0.000   0.401   44.942  0.673   3      0.000   0.000   488     1184    72.8922184    -90.9159945   -1340800.0000000  -1298600.0000000  -1340800.0000000  -1298600.0000000  
174     528     1184    0       0       72.8418558    -90.7401249   0.000   0.422   47.222  0.663   3      0.000   0.000   528     1184    72.8418558    -90.7401249   -1340800.0000000  -1306600.0000000  -1340800.0000000  -1306600.0000000  
175     704     1192    0       0       72.6286830    -89.9444353   0.000   0.226   23.123  0.383   2      0.000   0.000   704     1192    72.6286830    -89.9444353   -1339200.0000000  -1341800.0000000  -1339200.0000000  -1341800.0000000  
176     408     1200    0       0       73.0133680    -91.2025056   0.000   0.358   39.739  0.612   3      0.000   0.000   408     1200    73.0133680    -91.2025056   -1337600.0000000  -1282600.0000000  -1337600.0000000  -1282600.0000000  
177     600     1200    0       0       72.7713975    -90.3577438   0.000   0.403   45.762  0.682   3      0.000   0.000   600     1200    72.7713975    -90.3577438   -1337600.0000000  -1321000.0000000  -1337600.0000000  -1321000.0000000  
178     368     1208    0       0       73.0737978    -91.3473195   0.000   0.427   47.528  0.707   3      0.000   0.000   368     1208    73.0737978    -91.3473195   -1336000.0000000  -1274600.0000000  -1336000.0000000  -1274600.0000000  
179     488     1216    0       0       72.9337087    -90.7789831   0.000   0.389   43.094  0.686   3      0.000   0.000   488     1216    72.9337087    -90.7789831   -1334400.0000000  -1298600.0000000  -1334400.0000000  -1298600.0000000  
180     528     1224    0       0       72.8935428    -90.5687278   0.000   0.387   42.339  0.656   3      0.000   0.000   528     1224    72.8935428    -90.5687278   -1332800.0000000  -1306600.0000000  -1332800.0000000  -1306600.0000000  
181     704     1232    0       0       72.6796356    -89.7727901   0.000   0.333   35.405  0.550   3      0.000   0.000   704     1232    72.6796356    -89.7727901   -1331200.0000000  -1341800.0000000  -1331200.0000000  -1341800.0000000  
182     392     1240    0       0       73.0855524    -91.1022971   0.000   0.339   36.975  0.689   3      0.000   0.000   392     1240    73.0855524    -91.1022971   -1329600.0000000  -1279400.0000000  -1329600.0000000  -1279400.0000000  
183     592     1240    0       0       72.8329208    -90.2206169   0.000   0.432   47.629  0.735   3      0.000   0.000   592     1240    72.8329208    -90.2206169   -1329600.0000000  -1319400.0000000  -1329600.0000000  -1319400.0000000  
184     520     1256    0       0       72.9449309    -90.4659507   0.000   0.358   38.967  0.590   3      0.000   0.000   520     1256    72.9449309    -90.4659507   -1326400.0000000  -1305000.0000000  -1326400.0000000  -1305000.0000000  
185     552     1256    0       0       72.9043232    -90.3258122   0.000   0.367   38.833  0.617   3      0.000   0.000   552     1256    72.9043232    -90.3258122   -1326400.0000000  -1311400.0000000  -1326400.0000000  -1311400.0000000  
186     344     1264    0       0       73.1769660    -91.2143668   0.000   0.384   43.213  0.677   3      0.000   0.000   344     1264    73.1769660    -91.2143668   -1324800.0000000  -1269800.0000000  -1324800.0000000  -1269800.0000000  
187     656     1264    0       0       72.7818817    -89.8404262   0.000   0.315   33.077  0.483   3      0.000   0.000   656     1264    72.7818817    -89.8404262   -1324800.0000000  -1332200.0000000  -1324800.0000000  -1332200.0000000  
188     400     1272    0       0       73.1171357    -90.9283735   0.000   0.439   48.805  0.724   3      0.000   0.000   400     1272    73.1171357    -90.9283735   -1323200.0000000  -1281000.0000000  -1323200.0000000  -1281000.0000000  
189     608     1272    0       0       72.8534872    -90.0129932   0.000   0.277   28.344  0.494   3      0.000   0.000   608     1272    72.8534872    -90.0129932   -1323200.0000000  -1322600.0000000  -1323200.0000000  -1322600.0000000  
190     512     1288    0       0       72.9962711    -90.3625437   0.000   0.414   46.845  0.698   3      0.000   0.000   512     1288    72.9962711    -90.3625437   -1320000.0000000  -1303400.0000000  -1320000.0000000  -1303400.0000000  
191     576     1288    0       0       72.9148006    -90.0825900   0.000   0.392   42.231  0.652   3      0.000   0.000   576     1288    72.9148006    -90.0825900   -1320000.0000000  -1316200.0000000  -1320000.0000000  -1316200.0000000  
192     328     1296    0       0       73.2387549    -91.1479784   0.000   0.328   35.357  0.698   3      0.000   0.000   328     1296    73.2387549    -91.1479784   -1318400.0000000  -1266600.0000000  -1318400.0000000  -1266600.0000000  
193     432     1296    0       0       73.1079149    -90.6815893   0.000   0.428   47.089  0.637   3      0.000   0.000   432     1296    73.1079149    -90.6815893   -1318400.0000000  -1287400.0000000  -1318400.0000000  -1287400.0000000  
194     400     1304    0       0       73.1586574    -90.7895369   0.000   0.367   39.636  0.587   3      0.000   0.000   400     1304    73.1586574    -90.7895369   -1316800.0000000  -1281000.0000000  -1316800.0000000  -1281000.0000000  
195     480     1304    0       0       73.0574800    -90.4340174   0.000   0.398   43.626  0.712   3      0.000   0.000   480     1304    73.0574800    -90.4340174   -1316800.0000000  -1297000.0000000  -1316800.0000000  -1297000.0000000  
196     640     1304    0       0       72.8533080    -89.7358064   0.000   0.226   22.750  0.392   2      0.000   0.000   640     1304    72.8533080    -89.7358064   -1316800.0000000  -1329000.0000000  -1316800.0000000  -1329000.0000000  
197     568     1320    0       0       72.9659328    -89.9781996   0.000   0.400   44.261  0.676   3      0.000   0.000   568     1320    72.9659328    -89.9781996   -1313600.0000000  -1314600.0000000  -1313600.0000000  -1314600.0000000  
198     328     1328    0       0       73.2804431    -91.0086712   0.000   0.210   20.488  0.431   3      0.000   0.000   328     1328    73.2804431    -91.0086712   -1312000.0000000  -1266600.0000000  -1312000.0000000  -1266600.0000000  
199     432     1328    0       0       73.1492616    -90.5422152   0.000   0.280   28.716  0.525   3      0.000   0.000   432     1328    73.1492616    -90.5422152   -1312000.0000000  -1287400.0000000  -1312000.0000000  -1287400.0000000  
200     648     1336    0       0       72.8836582    -89.5617750   0.000   0.262   26.940  0.513   3      0.000   0.000   648     1336    72.8836582    -89.5617750   -1310400.0000000  -1330600.0000000  -1310400.0000000  -1330600.0000000  
201     512     1352    0       0       73.0783945    -90.0833999   0.000   0.164   16.036  0.237   1      0.000   0.000   512     1352    73.0783945    -90.0833999   -1307200.0000000  -1303400.0000000  -1307200.0000000  -1303400.0000000  
202     576     1352    0       0       72.9965081    -89.8034383   0.000   0.416   44.773  0.706   3      0.000   0.000   576     1352    72.9965081    -89.8034383   -1307200.0000000  -1316200.0000000  -1307200.0000000  -1316200.0000000  
203     608     1352    0       0       72.9554222    -89.6644821   0.000   0.307   32.326  0.435   3      0.000   0.000   608     1352    72.9554222    -89.6644821   -1307200.0000000  -1322600.0000000  -1307200.0000000  -1322600.0000000  
204     1616    1368    0       0       71.6355461    -85.5480061   0.000   0.208   22.016  0.390   2      0.000   0.000   1616    1368    71.6355461    -85.5480061   -1304000.0000000  -1524200.0000000  -1304000.0000000  -1524200.0000000  
205     1496    1376    0       0       71.8087115    -85.9629116   0.000   0.447   50.610  0.706   3      0.000   0.000   1496    1376    71.8087115    -85.9629116   -1302400.0000000  -1500200.0000000  -1302400.0000000  -1500200.0000000  
206     1536    1376    0       0       71.7542261    -85.8121165   0.000   0.400   44.417  0.579   3      0.000   0.000   1536    1376    71.7542261    -85.8121165   -1302400.0000000  -1508200.0000000  -1302400.0000000  -1508200.0000000  
207     1568    1376    0       0       71.7105545    -85.6921385   0.000   0.418   46.074  0.674   3      0.000   0.000   1568    1376    71.7105545    -85.6921385   -1302400.0000000  -1514600.0000000  -1302400.0000000  -1514600.0000000  
208     544     1384    0       0       73.0783130    -89.8024745   0.000   0.201   21.751  0.444   3      0.000   0.000   544     1384    73.0783130    -89.8024745   -1300800.0000000  -1309800.0000000  -1300800.0000000  -1309800.0000000  
209     600     1384    0       0       73.0063342    -89.5585659   0.000   0.242   25.071  0.454   3      0.000   0.000   600     1384    73.0063342    -89.5585659   -1300800.0000000  -1321000.0000000  -1300800.0000000  -1321000.0000000  
210     1432    1400    0       0       71.9241118    -86.1012748   0.000   0.276   28.338  0.587   3      0.000   0.000   1432    1400    71.9241118    -86.1012748   -1297600.0000000  -1487400.0000000  -1297600.0000000  -1487400.0000000  
211     1520    1408    0       0       71.8137116    -85.7327139   0.000   0.322   33.913  0.574   3      0.000   0.000   1520    1408    71.8137116    -85.7327139   -1296000.0000000  -1505000.0000000  -1296000.0000000  -1505000.0000000  
212     1488    1416    0       0       71.8667959    -85.8184681   0.000   0.355   38.212  0.661   3      0.000   0.000   1488    1416    71.8667959    -85.8184681   -1294400.0000000  -1498600.0000000  -1294400.0000000  -1498600.0000000  
213     576     1424    0       0       73.0879683    -89.4861306   0.000   0.347   37.425  0.583   3      0.000   0.000   576     1424    73.0879683    -89.4861306   -1292800.0000000  -1316200.0000000  -1292800.0000000  -1316200.0000000  
214     1368    1440    0       0       72.0584474    -86.1710674   0.000   0.392   43.470  0.571   3      0.000   0.000   1368    1440    72.0584474    -86.1710674   -1289600.0000000  -1474600.0000000  -1289600.0000000  -1474600.0000000  
215     1328    1456    0       0       72.1317191    -86.2549975   0.000   0.211   21.192  0.586   3      0.000   0.000   1328    1456    72.1317191    -86.2549975   -1286400.0000000  -1466600.0000000  -1286400.0000000  -1466600.0000000  
216     1392    1496    0       0       72.0920365    -85.8314148   0.000   0.445   51.894  0.742   3      0.000   0.000   1392    1496    72.0920365    -85.8314148   -1278400.0000000  -1479400.0000000  -1278400.0000000  -1479400.0000000  
217     1280    1528    0       0       72.2824045    -86.1218297   0.000   0.402   43.395  0.701   3      0.000   0.000   1280    1528    72.2824045    -86.1218297   -1272000.0000000  -1457000.0000000  -1272000.0000000  -1457000.0000000  
218     1368    1528    0       0       72.1625117    -85.7812788   0.000   0.444   51.207  0.803   3      0.000   0.000   1368    1528    72.1625117    -85.7812788   -1272000.0000000  -1474600.0000000  -1272000.0000000  -1474600.0000000  
219     1312    1536    0       0       72.2483387    -85.9617496   0.000   0.572   67.623  0.799   3      0.000   0.000   1312    1536    72.2483387    -85.9617496   -1270400.0000000  -1463400.0000000  -1270400.0000000  -1463400.0000000  
220     1344    1560    0       0       72.2329865    -85.7307388   0.000   0.542   63.057  0.761   3      0.000   0.000   1344    1560    72.2329865    -85.7307388   -1265600.0000000  -1469800.0000000  -1265600.0000000  -1469800.0000000  
221     1288    1568    0       0       72.3188777    -85.9116912   0.000   0.538   63.742  0.773   3      0.000   0.000   1288    1568    72.3188777    -85.9116912   -1264000.0000000  -1458600.0000000  -1264000.0000000  -1458600.0000000  
222     1240    1584    0       0       72.4032101    -86.0270949   0.000   0.301   32.384  0.636   3      0.000   0.000   1240    1584    72.4032101    -86.0270949   -1260800.0000000  -1449000.0000000  -1260800.0000000  -1449000.0000000  
223     1208    1600    0       0       72.4657301    -86.0805939   0.000   0.329   35.102  0.610   3      0.000   0.000   1208    1600    72.4657301    -86.0805939   -1257600.0000000  -1442600.0000000  -1257600.0000000  -1442600.0000000  
224     1176    1608    0       0       72.5187409    -86.1706701   0.000   0.288   31.155  0.653   3      0.000   0.000   1176    1608    72.5187409    -86.1706701   -1256000.0000000  -1436200.0000000  -1256000.0000000  -1436200.0000000  
225     1128    1616    0       0       72.5934219    -86.3249538   0.000   0.444   50.259  0.731   3      0.000   0.000   1128    1616    72.5934219    -86.3249538   -1254400.0000000  -1426600.0000000  -1254400.0000000  -1426600.0000000  
226     1272    1616    0       0       72.3973600    -85.7578419   0.000   0.313   34.094  0.636   3      0.000   0.000   1272    1616    72.3973600    -85.7578419   -1254400.0000000  -1455400.0000000  -1254400.0000000  -1455400.0000000  
227     1080    1624    0       0       72.6679917    -86.4805859   0.000   0.241   23.686  0.439   3      0.000   0.000   1080    1624    72.6679917    -86.4805859   -1252800.0000000  -1417000.0000000  -1252800.0000000  -1417000.0000000  
228     1240    1624    0       0       72.4505136    -85.8465712   0.000   0.297   31.951  0.557   3      0.000   0.000   1240    1624    72.4505136    -85.8465712   -1252800.0000000  -1449000.0000000  -1252800.0000000  -1449000.0000000  
229     1208    1632    0       0       72.5036329    -85.9358476   0.000   0.400   45.646  0.742   3      0.000   0.000   1208    1632    72.5036329    -85.9358476   -1251200.0000000  -1442600.0000000  -1251200.0000000  -1442600.0000000  
230     1048    1640    0       0       72.7304240    -86.5365829   0.000   0.284   31.118  0.484   3      0.000   0.000   1048    1640    72.7304240    -86.5365829   -1249600.0000000  -1410600.0000000  -1249600.0000000  -1410600.0000000  
231     80      1656    0       0       74.0192331    -90.6837769   0.000   0.190   18.401  0.407   3      0.000   0.000   80      1656    74.0192331    -90.6837769   -1246400.0000000  -1217000.0000000  -1246400.0000000  -1217000.0000000  
232     1168    1664    0       0       72.5960424    -85.9481211   0.000   0.375   39.893  0.654   3      0.000   0.000   1168    1664    72.5960424    -85.9481211   -1244800.0000000  -1434600.0000000  -1244800.0000000  -1434600.0000000  
233     1040    1680    0       0       72.7890955    -86.3862552   0.000   0.325   33.998  0.608   3      0.000   0.000   1040    1680    72.7890955    -86.3862552   -1241600.0000000  -1409000.0000000  -1241600.0000000  -1409000.0000000  
234     168     1688    0       0       73.9485744    -90.1250290   0.000   0.321   34.062  0.454   3      0.000   0.000   168     1688    73.9485744    -90.1250290   -1240000.0000000  -1234600.0000000  -1240000.0000000  -1234600.0000000  
235     1008    1688    0       0       72.8420040    -86.4790118   0.000   0.266   27.812  0.335   2      0.000   0.000   1008    1688    72.8420040    -86.4790118   -1240000.0000000  -1402600.0000000  -1240000.0000000  -1402600.0000000  
236     1128    1704    0       0       72.6979413    -85.9238618   0.000   0.285   30.425  0.536   3      0.000   0.000   1128    1704    72.6979413    -85.9238618   -1236800.0000000  -1426600.0000000  -1236800.0000000  -1426600.0000000  
237     128     1712    0       0       74.0305110    -90.2001550   0.000   0.517   60.006  0.764   3      0.000   0.000   128     1712    74.0305110    -90.2001550   -1235200.0000000  -1226600.0000000  -1235200.0000000  -1226600.0000000  
238     1056    1720    0       0       72.8150256    -86.1382094   0.000   0.276   27.319  0.416   3      0.000   0.000   1056    1720    72.8150256    -86.1382094   -1233600.0000000  -1412200.0000000  -1233600.0000000  -1412200.0000000  
239     160     1728    0       0       74.0101056    -89.9767563   0.000   0.518   57.618  0.782   3      0.000   0.000   160     1728    74.0101056    -89.9767563   -1232000.0000000  -1233000.0000000  -1232000.0000000  -1233000.0000000  
240     992     1728    1       0       72.9115002    -86.3599582   0.000   0.251   27.912  0.472   3      0.200   0.000   993     1728    72.9101438    -86.3558972   -1232000.0000000  -1399400.0000000  -1232000.0000000  -1399600.0000000  
241     1096    1728    0       0       72.7700108    -85.9410974   0.000   0.425   45.211  0.730   3      0.000   0.000   1096    1728    72.7700108    -85.9410974   -1232000.0000000  -1420200.0000000  -1232000.0000000  -1420200.0000000  
242     128     1752    0       0       74.0818617    -90.0140099   0.000   0.323   36.573  0.345   2      0.000   0.000   128     1752    74.0818617    -90.0140099   -1227200.0000000  -1226600.0000000  -1227200.0000000  -1226600.0000000  
243     1056    1752    0       0       72.8530051    -85.9905994   0.000   0.167   16.473  0.279   1      0.000   0.000   1056    1752    72.8530051    -85.9905994   -1227200.0000000  -1412200.0000000  -1227200.0000000  -1412200.0000000  
244     984     1760    1       0       72.9605312    -86.2444920   0.000   0.256   25.229  0.544   3      0.200   0.000   985     1760    72.9591722    -86.2404285   -1225600.0000000  -1397800.0000000  -1225600.0000000  -1398000.0000000  
245     1024    1760    0       0       72.9061106    -86.0824636   0.000   0.288   29.891  0.476   3      0.000   0.000   1024    1760    72.9061106    -86.0824636   -1225600.0000000  -1405800.0000000  -1225600.0000000  -1405800.0000000  
246     1040    1792    0       0       72.9222010    -85.8694570   0.000   0.290   30.432  0.295   1      0.000   0.000   1040    1792    72.9222010    -85.8694570   -1219200.0000000  -1409000.0000000  -1219200.0000000  -1409000.0000000  
247     992     1800    0       0       72.9972003    -86.0261120   0.000   0.277   27.038  0.477   3      0.000   0.000   992     1800    72.9972003    -86.0261120   -1217600.0000000  -1399400.0000000  -1217600.0000000  -1399400.0000000  
248     960     1808    0       0       73.0503080    -86.1188819   0.000   0.288   30.098  0.488   3      0.000   0.000   960     1808    73.0503080    -86.1188819   -1216000.0000000  -1393000.0000000  -1216000.0000000  -1393000.0000000  
249     1024    1824    0       0       72.9818915    -85.7847219   0.000   0.218   21.944  0.305   2      0.000   0.000   1024    1824    72.9818915    -85.7847219   -1212800.0000000  -1405800.0000000  -1212800.0000000  -1405800.0000000  
250     992     1832    0       0       73.0351111    -85.8766400   0.000   0.346   37.129  0.626   3      0.000   0.000   992     1832    73.0351111    -85.8766400   -1211200.0000000  -1399400.0000000  -1211200.0000000  -1399400.0000000  
251     952     1840    0       0       73.0992125    -86.0017458   0.000   0.353   38.192  0.661   3      0.000   0.000   952     1840    73.0992125    -86.0017458   -1209600.0000000  -1391400.0000000  -1209600.0000000  -1391400.0000000  
252     960     1872    0       0       73.1261701    -85.8187246   0.000   0.279   28.544  0.459   3      0.000   0.000   960     1872    73.1261701    -85.8187246   -1203200.0000000  -1393000.0000000  -1203200.0000000  -1393000.0000000  
253     920     1880    0       0       73.1903227    -85.9442938   0.000   0.170   18.216  0.402   3      0.000   0.000   920     1880    73.1903227    -85.9442938   -1201600.0000000  -1385000.0000000  -1201600.0000000  -1385000.0000000  
254     960     1912    0       0       73.1733575    -85.6297357   0.000   0.350   37.845  0.611   3      0.000   0.000   960     1912    73.1733575    -85.6297357   -1195200.0000000  -1393000.0000000  -1195200.0000000  -1393000.0000000  
255     888     1936    0       0       73.3003655    -85.8101060   0.000   0.161   16.846  0.407   3      0.000   0.000   888     1936    73.3003655    -85.8101060   -1190400.0000000  -1378600.0000000  -1190400.0000000  -1378600.0000000  
256     944     1944    0       0       73.2329803    -85.5428483   0.000   0.489   56.455  0.758   3      0.000   0.000   944     1944    73.2329803    -85.5428483   -1188800.0000000  -1389800.0000000  -1188800.0000000  -1389800.0000000  
257     936     1984    0       0       73.2909395    -85.3844186   0.000   0.330   36.396  0.525   3      0.000   0.000   936     1984    73.2909395    -85.3844186   -1180800.0000000  -1388200.0000000  -1180800.0000000  -1388200.0000000  
258     920     2024    0       0       73.3598275    -85.2574926   0.000   0.363   39.255  0.714   3      0.000   0.000   920     2024    73.3598275    -85.2574926   -1172800.0000000  -1385000.0000000  -1172800.0000000  -1385000.0000000  
259     864     2032    0       0       73.4464132    -85.4484493   0.000   0.269   27.251  0.439   3      0.000   0.000   864     2032    73.4464132    -85.4484493   -1171200.0000000  -1373800.0000000  -1171200.0000000  -1373800.0000000  
260     896     2056    0       0       73.4303713    -85.2009825   0.000   0.267   28.203  0.473   3      0.000   0.000   896     2056    73.4303713    -85.2009825   -1166400.0000000  -1380200.0000000  -1166400.0000000  -1380200.0000000  
261     856     2064    1       0       73.4949610    -85.3264571   0.000   0.199   19.680  0.335   2      0.200   0.000   857     2064    73.4935813    -85.3223374   -1164800.0000000  -1372200.0000000  -1164800.0000000  -1372400.0000000  
262     856     2096    1       0       73.5323791    -85.1707832   0.000   0.149   16.016  0.258   1      0.200   0.000   857     2096    73.5309961    -85.1666673   -1158400.0000000  -1372200.0000000  -1158400.0000000  -1372400.0000000  
263     848     2128    1       1       73.5807677    -85.0473136   0.000   0.099   11.165  0.200   1      0.200   0.200   849     2129    73.5805465    -85.0382963   -1152000.0000000  -1370600.0000000  -1151800.0000000  -1370800.0000000  
264     880     2128    1       1       73.5363868    -84.9158966   0.000   0.187   18.873  0.356   2      0.200   0.200   881     2129    73.5361598    -84.9069057   -1152000.0000000  -1377000.0000000  -1151800.0000000  -1377200.0000000  
265     912     2144    0       0       73.5104396    -84.7068444   0.000   0.156   16.558  0.570   3      0.000   0.000   912     2144    73.5104396    -84.7068444   -1148800.0000000  -1383400.0000000  -1148800.0000000  -1383400.0000000  
266     880     2160    1       1       73.5734904    -84.7588826   0.000   0.215   21.444  0.483   3      0.200   0.200   881     2161    73.5732563    -84.7498734   -1145600.0000000  -1377000.0000000  -1145400.0000000  -1377200.0000000  
267     944     2184    0       0       73.5118696    -84.3804343   0.000   0.214   20.421  0.330   2      0.000   0.000   944     2184    73.5118696    -84.3804343   -1140800.0000000  -1389800.0000000  -1140800.0000000  -1389800.0000000  
268     864     2200    1       0       73.6420220    -84.6270725   0.000   0.161   16.012  0.324   2      0.200   0.000   865     2200    73.6406276    -84.6229753   -1137600.0000000  -1373800.0000000  -1137600.0000000  -1374000.0000000  
269     952     2216    -1      -1      73.5373337    -84.1901527   0.000   0.236   24.502  0.505   3      -0.200  -0.200  951     2215    73.5375926    -84.1991335   -1134400.0000000  -1391400.0000000  -1134600.0000000  -1391200.0000000  
270     904     2256    1       0       73.6504282    -84.1858389   5.625   0.177   17.186  0.503   3      0.200   0.000   905     2256    73.6490249    -84.1817779   -1126400.0000000  -1381800.0000000  -1126400.0000000  -1382000.0000000  
271     936     2280    0       0       73.6328251    -83.9365731   0.000   0.173   17.168  0.274   1      0.000   0.000   936     2280    73.6328251    -83.9365731   -1121600.0000000  -1388200.0000000  -1121600.0000000  -1388200.0000000  
