CP      startX  startY  dispX   dispY   sLat          sLon          theta   pCorr   pkStr   cCorr   conf   velX    velY    endX    endY    eLat          eLon          nps_startX    nps_startY    nps_endX      nps_endY      
0       1344    192     186     -37     69.8548579    -64.7552429   354.375  0.235   23.699  0.415   3      18.600  -3.700  1530    155     69.5188676    -64.6118723   -745000.0000000  -2074400.0000000  -752400.0000000  -2111600.0000000  
1       1408    216     184     -32     69.7613140    -64.5264299   354.375  0.166   16.966  0.437   3      18.400  -3.200  1592    184     69.4315698    -64.3669110   -740200.0000000  -2087200.0000000  -746600.0000000  -2124000.0000000  
2       1480    216     184     -19     69.6397235    -64.4026634   0.000   0.099   10.457  0.246   1      18.400  -1.900  1664    197     69.3176372    -64.1839961   -740200.0000000  -2101600.0000000  -744000.0000000  -2138400.0000000  
3       1520    232     189     -5      69.5816190    -64.2571336   354.375  0.114   11.576  0.392   3      18.900  -0.500  1709    227     69.2590963    -63.9663810   -737000.0000000  -2109600.0000000  -738000.0000000  -2147400.0000000  
4       1560    232     190     5       69.5140000    -64.1897115   354.375  0.205   20.438  0.426   3      19.000  0.500   1750    237     69.1955193    -63.8517653   -737000.0000000  -2117600.0000000  -736000.0000000  -2155600.0000000  
5       1488    248     189     -10     69.6451613    -64.2337223   348.750  0.116   10.680  0.369   3      18.900  -1.000  1677    238     69.3196283    -63.9663690   -733800.0000000  -2103200.0000000  -735800.0000000  -2141000.0000000  
6       1216    264     186     -32     70.1143880    -64.6261828   0.000   0.142   14.414  0.338   2      18.600  -3.200  1402    232     69.7810117    -64.4587101   -730600.0000000  -2048800.0000000  -737000.0000000  -2086000.0000000  
7       1320    280     187     -28     69.9481908    -64.3649881   354.375  0.173   17.537  0.243   1      18.700  -2.800  1507    252     69.6153878    -64.1821721   -727400.0000000  -2069600.0000000  -733000.0000000  -2107000.0000000  
8       1456    280     186     -14     69.7181237    -64.1321499   354.375  0.202   23.008  0.497   3      18.600  -1.400  1642    266     69.3951174    -63.8896294   -727400.0000000  -2096800.0000000  -730200.0000000  -2134000.0000000  
9       1264    288     187     -34     70.0476487    -64.4228523   354.375  0.224   22.768  0.456   3      18.700  -3.400  1451    254     69.7112661    -64.2673930   -725800.0000000  -2058400.0000000  -732600.0000000  -2095800.0000000  
10      1496    288     185     -9      69.6551007    -64.0257738   354.375  0.217   21.246  0.406   3      18.500  -0.900  1681    279     69.3365742    -63.7633567   -725800.0000000  -2104800.0000000  -727600.0000000  -2141800.0000000  
11      1232    296     185     -32     70.1065329    -64.4391585   0.000   0.171   16.322  0.301   2      18.500  -3.200  1417    264     69.7746714    -64.2766063   -724200.0000000  -2052000.0000000  -730600.0000000  -2089000.0000000  
12      1352    296     186     -25     69.9035361    -64.2310157   354.375  0.126   12.048  0.330   2      18.600  -2.500  1538    271     69.5740774    -64.0379718   -724200.0000000  -2076000.0000000  -729200.0000000  -2113200.0000000  
13      1632    296     182     12      69.4293798    -63.7616508   0.000   0.117   10.393  0.365   2      18.200  1.200   1814    308     69.1276342    -63.4111648   -724200.0000000  -2132000.0000000  -721800.0000000  -2168400.0000000  
14      1600    312     181     9       69.4928197    -63.7368511   0.000   0.149   14.289  0.310   2      18.100  0.900   1781    321     69.1909650    -63.4015476   -721000.0000000  -2125600.0000000  -719200.0000000  -2161800.0000000  
15      1440    320     181     -16     69.7686011    -63.9636769   354.375  0.226   22.993  0.538   3      18.100  -1.600  1621    304     69.4526244    -63.7410820   -719400.0000000  -2093600.0000000  -722600.0000000  -2129800.0000000  
16      1472    320     181     -12     69.7143806    -63.9099948   354.375  0.263   28.558  0.572   3      18.100  -1.200  1653    308     69.4006766    -63.6695819   -719400.0000000  -2100000.0000000  -721800.0000000  -2136200.0000000  
17      1120    328     180     -33     70.3150897    -64.4769427   0.000   0.168   17.444  0.299   1      18.000  -3.300  1300    295     69.9909250    -64.3256223   -717800.0000000  -2029600.0000000  -724400.0000000  -2065600.0000000  
18      1240    328     184     -31     70.1120137    -64.2661816   0.000   0.178   16.962  0.377   2      18.400  -3.100  1424    297     69.7822605    -64.1032819   -717800.0000000  -2053600.0000000  -724000.0000000  -2090400.0000000  
19      1664    328     180     14      69.3934447    -63.5554361   354.375  0.169   13.083  0.456   3      18.000  1.400   1844    342     69.0958056    -63.2022271   -717800.0000000  -2138400.0000000  -715000.0000000  -2174400.0000000  
20      1528    336     183     2       69.6286972    -63.7389067   354.375  0.084   7.295   0.228   1      18.300  0.200   1711    338     69.3193679    -63.4317476   -716200.0000000  -2111200.0000000  -715800.0000000  -2147800.0000000  
21      1560    336     179     6       69.5744271    -63.6862089   354.375  0.120   11.698  0.331   2      17.900  0.600   1739    342     69.2740973    -63.3678727   -716200.0000000  -2117600.0000000  -715000.0000000  -2153400.0000000  
22      1440    352     178     -16     69.7871571    -63.8068771   354.375  0.119   11.687  0.282   2      17.800  -1.600  1618    336     69.4760426    -63.5914194   -713000.0000000  -2093600.0000000  -716200.0000000  -2129200.0000000  
23      1472    352     177     -11     69.7328829    -63.7535731   354.375  0.154   11.971  0.409   3      17.700  -1.100  1649    341     69.4262911    -63.5170137   -713000.0000000  -2100000.0000000  -715200.0000000  -2135400.0000000  
24      1048    360     180     -33     70.4560635    -64.4439015   0.000   0.205   19.242  0.259   1      18.000  -3.300  1228    327     70.1317352    -64.2920370   -711400.0000000  -2015200.0000000  -718000.0000000  -2051200.0000000  
25      1344    360     179     -25     69.9545848    -63.9290224   354.375  0.176   16.533  0.386   3      17.900  -2.500  1523    335     69.6366005    -63.7520359   -711400.0000000  -2074400.0000000  -716400.0000000  -2110200.0000000  
26      1016    368     178     -33     70.5150160    -64.4606210   0.000   0.190   18.515  0.273   1      17.800  -3.300  1194    335     70.1940322    -64.3115152   -709800.0000000  -2008800.0000000  -716400.0000000  -2044400.0000000  
27      1096    368     180     -33     70.3795547    -64.3182753   0.000   0.316   32.893  0.567   3      18.000  -3.300  1276    335     70.0551885    -64.1690866   -709800.0000000  -2024800.0000000  -716400.0000000  -2060800.0000000  
28      1128    368     180     -33     70.3253522    -64.2618964   0.000   0.249   27.927  0.525   3      18.000  -3.300  1308    335     70.0009886    -64.1140517   -709800.0000000  -2031200.0000000  -716400.0000000  -2067200.0000000  
29      1312    368     179     -29     70.0134986    -63.9437672   354.375  0.191   18.919  0.404   3      17.900  -2.900  1491    339     69.6931678    -63.7855519   -709800.0000000  -2068000.0000000  -715600.0000000  -2103800.0000000  
30      1376    368     178     -21     69.9049565    -63.8354738   354.375  0.248   25.225  0.512   3      17.800  -2.100  1554    347     69.5909081    -63.6426119   -709800.0000000  -2080800.0000000  -714000.0000000  -2116400.0000000  
31      1504    368     179     -6      69.6877699    -63.6224290   354.375  0.102   11.832  0.418   2      17.900  -0.600  1683    362     69.3804576    -63.3610975   -709800.0000000  -2106400.0000000  -711000.0000000  -2142200.0000000  
32      1656    368     176     13      69.4296965    -63.3754015   354.375  0.217   21.611  0.574   3      17.600  1.300   1832    381     69.1378819    -63.0351730   -709800.0000000  -2136800.0000000  -707200.0000000  -2172000.0000000  
33      1688    368     176     14      69.3753440    -63.3241999   354.375  0.171   17.846  0.579   3      17.600  1.400   1864    382     69.0840244    -62.9808453   -709800.0000000  -2143200.0000000  -707000.0000000  -2178400.0000000  
34      1168    376     181     -32     70.2622984    -64.1517592   0.000   0.227   23.462  0.426   3      18.100  -3.200  1349    344     69.9367890    -63.9995674   -708200.0000000  -2039200.0000000  -714600.0000000  -2075400.0000000  
35      1200    376     182     -33     70.2080597    -64.0961856   0.000   0.126   11.688  0.201   1      18.200  -3.300  1382    343     69.8802760    -63.9485623   -708200.0000000  -2045600.0000000  -714800.0000000  -2082000.0000000  
36      1616    376     176     9       69.5021520    -63.4010298   354.375  0.301   31.609  0.587   3      17.600  0.900   1792    385     69.2081060    -63.0783671   -708200.0000000  -2128800.0000000  -706400.0000000  -2164000.0000000  
37      1440    384     176     -14     69.8055655    -63.6497844   354.375  0.219   21.785  0.511   3      17.600  -1.400  1616    370     69.4987590    -63.4301041   -706600.0000000  -2093600.0000000  -709400.0000000  -2128800.0000000  
38      1544    384     176     4       69.6289722    -63.4788362   354.375  0.172   18.423  0.496   3      17.600  0.400   1720    388     69.3321754    -63.1770851   -706600.0000000  -2114400.0000000  -705800.0000000  -2149600.0000000  
39      1584    384     175     6       69.5610300    -63.4138896   354.375  0.233   22.602  0.519   3      17.500  0.600   1759    390     69.2669888    -63.1060701   -706600.0000000  -2122400.0000000  -705400.0000000  -2157400.0000000  
40      1272    392     180     -27     70.0952969    -63.8926396   354.375  0.166   15.608  0.424   3      18.000  -2.700  1452    365     69.7742933    -63.7231282   -705000.0000000  -2060000.0000000  -710400.0000000  -2096000.0000000  
41      1080    400     178     -34     70.4256036    -64.1849438   0.000   0.200   19.259  0.492   3      17.800  -3.400  1258    366     70.1038831    -64.0460318   -703400.0000000  -2021600.0000000  -710200.0000000  -2057200.0000000  
42      1112    408     179     -33     70.3760500    -64.0884460   0.000   0.164   15.935  0.437   3      17.900  -3.300  1291    375     70.0531846    -63.9447995   -701800.0000000  -2028000.0000000  -708400.0000000  -2063800.0000000  
43      1320    408     180     -21     70.0230797    -63.7317639   354.375  0.167   16.870  0.336   2      18.000  -2.100  1500    387     69.7054038    -63.5361146   -701800.0000000  -2069600.0000000  -706000.0000000  -2105600.0000000  
44      1472    408     175     -8      69.7649074    -63.4791371   354.375  0.172   17.080  0.399   3      17.500  -0.800  1647    400     69.4629770    -63.2350544   -701800.0000000  -2100000.0000000  -703400.0000000  -2135000.0000000  
45      1728    408     173     15      69.3297027    -63.0682173   0.000   0.122   14.751  0.383   2      17.300  1.500   1901    423     69.0435396    -62.7290720   -701800.0000000  -2151200.0000000  -698800.0000000  -2185800.0000000  
46      1208    416     180     -31     70.2178378    -63.8821312   354.375  0.149   14.915  0.448   3      18.000  -3.100  1388    385     69.8944058    -63.7314741   -700200.0000000  -2047200.0000000  -706400.0000000  -2083200.0000000  
47      1016    432     177     -29     70.5529929    -64.1354097   354.375  0.154   14.049  0.391   2      17.700  -2.900  1193    403     70.2357270    -63.9730711   -697000.0000000  -2008800.0000000  -702800.0000000  -2044200.0000000  
48      1368    432     177     -15     69.9552871    -63.5324439   354.375  0.187   19.297  0.454   3      17.700  -1.500  1545    417     69.6459241    -63.3161895   -697000.0000000  -2079200.0000000  -700000.0000000  -2114600.0000000  
49      1048    440     174     -34     70.5033929    -64.0383979   354.375  0.114   10.605  0.321   2      17.400  -3.400  1222    406     70.1882690    -63.9082081   -695400.0000000  -2015200.0000000  -702200.0000000  -2050000.0000000  
50      1160    440     178     -31     70.3132521    -63.8439450   354.375  0.207   20.394  0.479   3      17.800  -3.100  1338    409     69.9930911    -63.6965413   -695400.0000000  -2037600.0000000  -701600.0000000  -2073200.0000000  
51      1400    440     170     -19     69.9054378    -63.4398937   354.375  0.114   11.224  0.223   1      17.000  -1.900  1570    421     69.6056643    -63.2563567   -695400.0000000  -2085600.0000000  -699200.0000000  -2119600.0000000  
52      1680    440     171     12      69.4290975    -62.9891577   354.375  0.265   27.374  0.575   3      17.100  1.200   1851    452     69.1444607    -62.6668613   -695400.0000000  -2141600.0000000  -693000.0000000  -2175800.0000000  
53      1472    448     173     -8      69.7875045    -63.2825711   0.000   0.168   15.994  0.421   3      17.300  -0.800  1645    440     69.4886693    -63.0443312   -693800.0000000  -2100000.0000000  -695400.0000000  -2134600.0000000  
54      1640    448     170     9       69.5016120    -63.0133908   354.375  0.170   16.028  0.456   3      17.000  0.900   1810    457     69.2170315    -62.7055318   -693800.0000000  -2133600.0000000  -692000.0000000  -2167600.0000000  
55      1224    456     176     -29     70.2137485    -63.6543050   354.375  0.184   19.086  0.462   3      17.600  -2.900  1400    427     69.8980558    -63.5041506   -692200.0000000  -2050400.0000000  -698000.0000000  -2085600.0000000  
56      1256    456     175     -28     70.1593565    -63.6002584   354.375  0.216   23.133  0.439   3      17.500  -2.800  1431    428     69.8459338    -63.4480953   -692200.0000000  -2056800.0000000  -697800.0000000  -2091800.0000000  
57      1560    456     170     5       69.6422313    -63.1015066   354.375  0.208   21.409  0.481   3      17.000  0.500   1730    461     69.3555051    -62.8095789   -692200.0000000  -2117600.0000000  -691200.0000000  -2151600.0000000  
58      1080    464     173     -33     70.4630495    -63.8607112   0.000   0.117   10.434  0.281   1      17.300  -3.300  1253    431     70.1501040    -63.7303627   -690600.0000000  -2021600.0000000  -697200.0000000  -2056200.0000000  
59      856     472     170     -10     70.8480686    -64.2156479   354.375  0.287   29.500  0.403   3      17.000  -1.000  1026    462     70.5536026    -63.9649925   -689000.0000000  -1976800.0000000  -691000.0000000  -2010800.0000000  
60      896     472     169     -28     70.7801799    -64.1438438   0.000   0.234   23.818  0.456   3      16.900  -2.800  1065    444     70.4768775    -63.9883336   -689000.0000000  -1984800.0000000  -694600.0000000  -2018600.0000000  
61      1744    472     168     14      69.3376591    -62.7348283   354.375  0.213   22.714  0.501   3      16.800  1.400   1912    486     69.0587910    -62.4124547   -689000.0000000  -2154400.0000000  -686200.0000000  -2188000.0000000  
62      1776    472     168     16      69.2831241    -62.6855780   354.375  0.190   20.130  0.421   3      16.800  1.600   1944    488     69.0052728    -62.3552140   -689000.0000000  -2160800.0000000  -685800.0000000  -2194400.0000000  
63      1232    488     172     -28     70.2184229    -63.4801704   354.375  0.186   18.099  0.433   2      17.200  -2.800  1404    460     69.9099415    -63.3343808   -685800.0000000  -2052000.0000000  -691400.0000000  -2086400.0000000  
64      1264    488     172     -25     70.1639747    -63.4265979   354.375  0.169   14.195  0.436   3      17.200  -2.500  1436    463     69.8571829    -63.2672351   -685800.0000000  -2058400.0000000  -690800.0000000  -2092800.0000000  
65      1496    496     171     -7      69.7734262    -63.0076085   0.000   0.102   9.555   0.321   2      17.100  -0.700  1667    489     69.4781676    -62.7718814   -684200.0000000  -2104800.0000000  -685600.0000000  -2139000.0000000  
66      864     504     167     -10     70.8533273    -64.0357801   354.375  0.158   16.987  0.458   3      16.700  -1.000  1031    494     70.5637000    -63.7930428   -682600.0000000  -1978400.0000000  -684600.0000000  -2011800.0000000  
67      896     504     167     -29     70.7989578    -63.9787978   354.375  0.150   13.609  0.261   1      16.700  -2.900  1063    475     70.4983119    -63.8343049   -682600.0000000  -1984800.0000000  -688400.0000000  -2018200.0000000  
68      1096    504     173     -33     70.4589264    -63.6299759   0.000   0.125   11.934  0.327   2      17.300  -3.300  1269    471     70.1458117    -63.5033627   -682600.0000000  -2024800.0000000  -689200.0000000  -2059400.0000000  
69      1584    504     165     7       69.6278605    -62.8286755   354.375  0.148   12.804  0.254   1      16.500  0.700   1749    511     69.3502752    -62.5387984   -682600.0000000  -2122400.0000000  -681200.0000000  -2155400.0000000  
70      1616    504     166     7       69.5733058    -62.7784550   354.375  0.152   15.620  0.385   2      16.600  0.700   1782    511     69.2939728    -62.4885258   -682600.0000000  -2128800.0000000  -681200.0000000  -2162000.0000000  
71      1712    512     165     12      69.4139360    -62.5906511   354.375  0.200   19.599  0.484   3      16.500  1.200   1877    524     69.1387760    -62.2830952   -681000.0000000  -2148000.0000000  -678600.0000000  -2181000.0000000  
72      1232    520     170     -24     70.2365426    -63.3192744   354.375  0.180   16.908  0.373   2      17.000  -2.400  1402    496     69.9335488    -63.1592921   -679400.0000000  -2052000.0000000  -684200.0000000  -2086000.0000000  
73      1264    520     170     -25     70.1820409    -63.2661029   354.375  0.168   16.609  0.300   1      17.000  -2.500  1434    495     69.8784889    -63.1123260   -679400.0000000  -2058400.0000000  -684400.0000000  -2092400.0000000  
74      800     536     165     -14     70.9808283    -63.9840928   354.375  0.236   24.555  0.541   3      16.500  -1.400  965     522     70.6921152    -63.7645667   -676200.0000000  -1965600.0000000  -679000.0000000  -1998600.0000000  
75      896     536     164     -29     70.8175800    -63.8134242   354.375  0.153   14.304  0.316   2      16.400  -2.900  1060    507     70.5218848    -63.6765581   -676200.0000000  -1984800.0000000  -682000.0000000  -2017600.0000000  
76      1032    536     165     -29     70.5861610    -63.5766472   354.375  0.159   14.341  0.447   3      16.500  -2.900  1197    507     70.2887779    -63.4433537   -676200.0000000  -2012000.0000000  -682000.0000000  -2045000.0000000  
77      1136    536     169     -31     70.4090824    -63.3994276   354.375  0.173   16.765  0.416   3      16.900  -3.100  1305    505     70.1037813    -63.2734401   -676200.0000000  -2032800.0000000  -682400.0000000  -2066600.0000000  
78      1168    536     168     -29     70.3545783    -63.3455534   354.375  0.130   13.963  0.293   3      16.800  -2.900  1336    507     70.0521106    -63.2124227   -676200.0000000  -2039200.0000000  -682000.0000000  -2072800.0000000  
79      1680    536     164     11      69.4814975    -62.5232636   354.375  0.124   12.689  0.269   1      16.400  1.100   1844    547     69.2073314    -62.2218976   -676200.0000000  -2141600.0000000  -674000.0000000  -2174400.0000000  
80      1800    536     163     14      69.2766336    -62.3407668   354.375  0.185   18.282  0.374   2      16.300  1.400   1963    550     69.0055880    -62.0320030   -676200.0000000  -2165600.0000000  -673400.0000000  -2198200.0000000  
81      768     544     165     -17     71.0399120    -63.9998259   354.375  0.216   20.945  0.404   3      16.500  -1.700  933     527     70.7494340    -63.7948400   -674600.0000000  -1959200.0000000  -678000.0000000  -1992200.0000000  
82      832     544     165     -12     70.9310819    -63.8852660   354.375  0.144   15.122  0.399   3      16.500  -1.200  997     532     70.6434364    -63.6575553   -674600.0000000  -1972000.0000000  -677000.0000000  -2005000.0000000  
83      1096    544     169     -27     70.4817449    -63.4264593   354.375  0.160   13.403  0.347   2      16.900  -2.700  1265    517     70.1786505    -63.2795040   -674600.0000000  -2024800.0000000  -680000.0000000  -2058600.0000000  
84      1368    544     164     -16     70.0181776    -62.9757436   354.375  0.281   28.950  0.550   3      16.400  -1.600  1532    528     69.7296769    -62.7928918   -674600.0000000  -2079200.0000000  -677800.0000000  -2112000.0000000  
85      1280    552     167     -24     70.1726748    -63.0790375   354.375  0.171   17.273  0.409   2      16.700  -2.400  1447    528     69.8746293    -62.9280654   -673000.0000000  -2061600.0000000  -677800.0000000  -2095000.0000000  
86      1200    560     166     -26     70.3135388    -63.1706977   354.375  0.138   14.287  0.313   2      16.600  -2.600  1366    534     70.0160470    -63.0288377   -671400.0000000  -2045600.0000000  -676600.0000000  -2078800.0000000  
87      1312    560     167     -20     70.1225433    -62.9866185   354.375  0.094   9.129   0.359   2      16.700  -2.000  1479    540     69.8266544    -62.8176533   -671400.0000000  -2068000.0000000  -675400.0000000  -2101400.0000000  
88      1576    560     161     4       69.6719963    -62.5666753   0.000   0.133   12.618  0.301   2      16.100  0.400   1737    564     69.3991535    -62.3003681   -671400.0000000  -2120800.0000000  -670600.0000000  -2153000.0000000  
89      1856    568     161     17      69.1979084    -62.1030989   354.375  0.164   17.569  0.409   2      16.100  1.700   2017    585     68.9314494    -61.7872481   -669800.0000000  -2176800.0000000  -666400.0000000  -2209000.0000000  
90      936     576     160     -26     70.7725038    -63.5366684   354.375  0.184   15.954  0.354   2      16.000  -2.600  1096    550     70.4851470    -63.3958901   -668200.0000000  -1992800.0000000  -673400.0000000  -2024800.0000000  
91      968     576     163     -33     70.7179860    -63.4813644   0.000   0.126   12.093  0.298   1      16.300  -3.300  1131    543     70.4215618    -63.3723231   -668200.0000000  -1999200.0000000  -674800.0000000  -2031800.0000000  
92      1408    576     162     -13     69.9675247    -62.7520421   354.375  0.133   12.339  0.215   1      16.200  -1.300  1570    563     69.6838627    -62.5612673   -668200.0000000  -2087200.0000000  -670800.0000000  -2119600.0000000  
93      1480    576     161     -4      69.8445896    -62.6379702   354.375  0.207   21.696  0.412   3      16.100  -0.400  1641    572     69.5674378    -62.4075209   -668200.0000000  -2101600.0000000  -669000.0000000  -2133800.0000000  
94      1672    576     161     9       69.5166099    -62.3406082   354.375  0.162   16.521  0.433   3      16.100  0.900   1833    585     69.2461598    -62.0552671   -668200.0000000  -2140000.0000000  -666400.0000000  -2172200.0000000  
95      696     584     162     -10     71.1857502    -63.9196731   348.750  0.080   6.894   0.193   1      16.200  -1.000  858     574     70.9042003    -63.6832215   -666600.0000000  -1944800.0000000  -668600.0000000  -1977200.0000000  
96      744     584     162     -16     71.1040589    -63.8333050   354.375  0.202   19.121  0.509   3      16.200  -1.600  906     568     70.8190181    -63.6302491   -666600.0000000  -1954400.0000000  -669800.0000000  -1986800.0000000  
97      1032    584     162     -29     70.6134471    -63.3306598   354.375  0.190   19.679  0.500   3      16.200  -2.900  1194    555     70.3209667    -63.2059555   -666600.0000000  -2012000.0000000  -672400.0000000  -2044400.0000000  
98      1088    584     162     -26     70.5179650    -63.2359173   354.375  0.108   10.101  0.366   2      16.200  -2.600  1250    558     70.2271703    -63.0981454   -666600.0000000  -2023200.0000000  -671800.0000000  -2055600.0000000  
99      1344    584     164     -16     70.0811653    -62.8145973   348.750  0.110   10.476  0.289   1      16.400  -1.600  1508    568     69.7924355    -62.6335125   -666600.0000000  -2074400.0000000  -669800.0000000  -2107200.0000000  
100     1776    584     158     12      69.3430943    -62.1448297   354.375  0.286   29.698  0.554   3      15.800  1.200   1934    596     69.0791388    -61.8544819   -666600.0000000  -2160800.0000000  -664200.0000000  -2192400.0000000  
101     1232    592     162     -23     70.2767549    -62.9561652   354.375  0.159   15.228  0.436   3      16.200  -2.300  1394    569     69.9875904    -62.8092788   -665000.0000000  -2052000.0000000  -669600.0000000  -2084400.0000000  
102     1376    592     161     -14     70.0309033    -62.7232881   354.375  0.087   8.347   0.202   1      16.100  -1.400  1537    578     69.7483230    -62.5388043   -665000.0000000  -2080800.0000000  -667800.0000000  -2113000.0000000  
103     1632    592     160     7       69.5935055    -62.3234155   0.000   0.139   13.392  0.432   3      16.000  0.700   1792    599     69.3236228    -62.0483856   -665000.0000000  -2132000.0000000  -663600.0000000  -2164000.0000000  
104     1808    592     158     14      69.2925850    -62.0585032   354.375  0.194   19.461  0.503   3      15.800  1.400   1966    606     69.0295485    -61.7604245   -665000.0000000  -2167200.0000000  -662200.0000000  -2198800.0000000  
105     1536    600     157     3       69.7618732    -62.4318147   354.375  0.086   9.867   0.249   1      15.700  0.300   1693    603     69.4950506    -62.1770566   -663400.0000000  -2112800.0000000  -662800.0000000  -2144200.0000000  
106     1144    608     161     -30     70.4358278    -63.0199534   354.375  0.180   16.558  0.354   2      16.100  -3.000  1305    578     70.1444338    -62.9076917   -661800.0000000  -2034400.0000000  -667800.0000000  -2066600.0000000  
107     696     616     158     -9      71.2043347    -63.7507755   354.375  0.172   16.911  0.449   3      15.800  -0.900  854     607     70.9299352    -63.5183993   -660200.0000000  -1944800.0000000  -662000.0000000  -1976400.0000000  
108     1032    616     160     -29     70.6314436    -63.1662779   354.375  0.217   20.852  0.503   3      16.000  -2.900  1192    587     70.3422429    -63.0472516   -660200.0000000  -2012000.0000000  -666000.0000000  -2044000.0000000  
109     1112    616     159     -25     70.4948976    -63.0322657   0.000   0.106   10.723  0.307   2      15.900  -2.500  1271    591     70.2096332    -62.8975498   -660200.0000000  -2028000.0000000  -665200.0000000  -2059800.0000000  
110     1176    616     161     -28     70.3856251    -62.9264248   354.375  0.090   10.466  0.253   1      16.100  -2.800  1337    588     70.0953099    -62.8058257   -660200.0000000  -2040800.0000000  -665800.0000000  -2073000.0000000  
111     1368    624     156     -14     70.0619677    -62.5759338   0.000   0.085   7.975   0.271   1      15.600  -1.400  1524    610     69.7877481    -62.4010069   -658600.0000000  -2079200.0000000  -661400.0000000  -2110400.0000000  
112     1664    624     157     8       69.5557419    -62.1181667   354.375  0.233   22.930  0.537   3      15.700  0.800   1821    632     69.2912037    -61.8459389   -658600.0000000  -2138400.0000000  -657000.0000000  -2169800.0000000  
113     1784    624     155     12      69.3503838    -61.9391102   354.375  0.144   15.103  0.492   3      15.500  1.200   1939    636     69.0911946    -61.6556179   -658600.0000000  -2162400.0000000  -656200.0000000  -2193400.0000000  
114     1400    632     156     -12     70.0115794    -62.4853270   354.375  0.157   14.933  0.346   2      15.600  -1.200  1556    620     69.7383730    -62.3022260   -657000.0000000  -2085600.0000000  -659400.0000000  -2116800.0000000  
115     1520    632     156     -3      69.8063426    -62.2983355   354.375  0.177   17.899  0.429   3      15.600  -0.300  1676    629     69.5378394    -62.0756430   -657000.0000000  -2109600.0000000  -657600.0000000  -2140800.0000000  
116     1552    632     157     1       69.7515989    -62.2491242   354.375  0.144   12.014  0.321   2      15.700  0.100   1709    633     69.4834583    -62.0066840   -657000.0000000  -2116000.0000000  -656800.0000000  -2147400.0000000  
117     656     640     155     -9      71.2863522    -63.6954710   354.375  0.248   25.621  0.475   3      15.500  -0.900  811     631     71.0169333    -63.4681354   -655400.0000000  -1936800.0000000  -657200.0000000  -1967800.0000000  
118     768     640     155     -14     71.0953977    -63.4963403   354.375  0.129   13.616  0.294   2      15.500  -1.400  923     626     70.8230532    -63.3001111   -655400.0000000  -1959200.0000000  -658200.0000000  -1990200.0000000  
119     832     640     157     -12     70.9862274    -63.3843789   354.375  0.140   13.729  0.373   2      15.700  -1.200  989     628     70.7115516    -63.1771711   -655400.0000000  -1972000.0000000  -657800.0000000  -2003400.0000000  
120     1448    640     155     -8      69.9337804    -62.3702168   354.375  0.133   11.267  0.312   2      15.500  -0.800  1603    632     69.6643397    -62.1712523   -655400.0000000  -2095200.0000000  -657000.0000000  -2126200.0000000  
121     1176    648     157     -27     70.4032253    -62.7636173   354.375  0.187   18.227  0.461   3      15.700  -2.700  1333    621     70.1201607    -62.6467004   -653800.0000000  -2040800.0000000  -659200.0000000  -2072200.0000000  
122     1488    656     155     -6      69.8738618    -62.2286056   354.375  0.127   11.803  0.221   1      15.500  -0.600  1643    650     69.6053506    -62.0223290   -652200.0000000  -2103200.0000000  -653400.0000000  -2134200.0000000  
123     1872    656     157     16      69.2162238    -61.6558321   0.000   0.182   18.198  0.444   3      15.700  1.600   2029    672     68.9552376    -61.3558690   -652200.0000000  -2180000.0000000  -649000.0000000  -2211400.0000000  
124     504     664     148     1       71.5593055    -63.8433108   354.375  0.102   9.356   0.341   2      14.800  0.100   652     665     71.3075452    -63.5697956   -650600.0000000  -1906400.0000000  -650400.0000000  -1936000.0000000  
125     1120    664     158     -25     70.5077215    -62.7735526   0.000   0.164   16.319  0.332   2      15.800  -2.500  1278    639     70.2239557    -62.6441578   -650600.0000000  -2029600.0000000  -655600.0000000  -2061200.0000000  
126     1264    664     155     -21     70.2614527    -62.5402209   354.375  0.209   22.380  0.485   3      15.500  -2.100  1419    643     69.9849952    -62.4005426   -650600.0000000  -2058400.0000000  -654800.0000000  -2089400.0000000  
127     1376    664     154     -14     70.0698157    -62.3628042   354.375  0.159   14.825  0.371   2      15.400  -1.400  1530    650     69.7987928    -62.1938246   -650600.0000000  -2080800.0000000  -653400.0000000  -2111600.0000000  
128     1408    664     154     -12     70.0150481    -62.3127509   354.375  0.176   16.860  0.459   3      15.400  -1.200  1562    652     69.7450753    -62.1350393   -650600.0000000  -2087200.0000000  -653000.0000000  -2118000.0000000  
129     1528    664     154     -3      69.8096176    -62.1275175   354.375  0.232   22.510  0.482   3      15.400  -0.300  1682    661     69.5443094    -61.9100554   -650600.0000000  -2111200.0000000  -651200.0000000  -2142000.0000000  
130     1560    664     154     2       69.7548229    -62.0787695   354.375  0.196   19.715  0.338   2      15.400  0.200   1714    666     69.4920895    -61.8381156   -650600.0000000  -2117600.0000000  -650200.0000000  -2148400.0000000  
131     440     672     148     4       71.6730281    -63.9183009   0.000   0.103   10.070  0.200   1      14.800  0.400   588     676     71.4230271    -63.6259995   -649000.0000000  -1893600.0000000  -648200.0000000  -1923200.0000000  
132     648     672     151     -10     71.3183772    -63.5396942   354.375  0.267   26.669  0.533   3      15.100  -1.000  799     662     71.0549996    -63.3264342   -649000.0000000  -1935200.0000000  -651000.0000000  -1965400.0000000  
133     824     672     155     -12     71.0179549    -63.2305777   0.000   0.146   14.272  0.277   1      15.500  -1.200  979     660     70.7464908    -63.0286270   -649000.0000000  -1970400.0000000  -651400.0000000  -2001400.0000000  
134     1296    672     153     -19     70.2110153    -62.4487758   0.000   0.143   13.815  0.273   1      15.300  -1.900  1449    653     69.9390130    -62.3038778   -649000.0000000  -2064800.0000000  -652800.0000000  -2095400.0000000  
135     1448    672     153     -10     69.9508279    -62.2106616   354.375  0.133   11.878  0.395   3      15.300  -1.000  1601    662     69.6835609    -62.0265605   -649000.0000000  -2095200.0000000  -651000.0000000  -2125800.0000000  
136     1712    680     151     7       69.5027622    -61.7726307   354.375  0.149   14.503  0.429   3      15.100  0.700   1863    687     69.2474796    -61.5190482   -647400.0000000  -2148000.0000000  -646000.0000000  -2178200.0000000  
137     608     688     148     -11     71.3957842    -63.5258746   0.000   0.100   8.577   0.228   1      14.800  -1.100  756     677     71.1368901    -63.3224388   -645800.0000000  -1927200.0000000  -648000.0000000  -1956800.0000000  
138     712     688     150     -7      71.2182439    -63.3413659   354.375  0.182   20.833  0.299   2      15.000  -0.700  862     681     70.9580919    -63.1180545   -645800.0000000  -1948000.0000000  -647200.0000000  -1978000.0000000  
139     744     688     150     -16     71.1635957    -63.2853059   354.375  0.190   19.884  0.428   3      15.000  -1.600  894     672     70.8983915    -63.1103844   -645800.0000000  -1954400.0000000  -649000.0000000  -1984400.0000000  
140     1856    688     156     15      69.2599921    -61.5242545   0.000   0.204   20.569  0.442   3      15.600  1.500   2012    703     68.9999427    -61.2315028   -645800.0000000  -2176800.0000000  -642800.0000000  -2208000.0000000  
141     1216    696     154     -24     70.3608610    -62.4546054   354.375  0.221   21.698  0.529   3      15.400  -2.400  1370    672     70.0843623    -62.3320594   -644200.0000000  -2048800.0000000  -649000.0000000  -2079600.0000000  
142     1568    696     152     2       69.7578715    -61.9083610   0.000   0.131   12.312  0.345   2      15.200  0.200   1720    698     69.4983187    -61.6728310   -644200.0000000  -2119200.0000000  -643800.0000000  -2149600.0000000  
143     376     704     146     13      71.8007826    -63.8634057   0.000   0.094   10.566  0.309   1      14.600  1.300   522     717     71.5591743    -63.5248950   -642600.0000000  -1880800.0000000  -640000.0000000  -1910000.0000000  
144     1128    704     156     -25     70.5158277    -62.5555334   0.000   0.122   12.263  0.324   2      15.600  -2.500  1284    679     70.2353161    -62.4324504   -642600.0000000  -2031200.0000000  -647600.0000000  -2062400.0000000  
145     1168    704     153     -27     70.4473499    -62.4908684   354.375  0.132   12.109  0.295   1      15.300  -2.700  1321    677     70.1709122    -62.3839673   -642600.0000000  -2039200.0000000  -648000.0000000  -2069800.0000000  
146     1648    704     153     8       69.6248702    -61.7494523   0.000   0.136   12.863  0.258   1      15.300  0.800   1801    712     69.3665320    -61.4868856   -642600.0000000  -2135200.0000000  -641000.0000000  -2165800.0000000  
147     1296    712     151     -19     70.2324106    -62.2465215   354.375  0.147   15.204  0.480   3      15.100  -1.900  1447    693     69.9636461    -62.1073412   -641000.0000000  -2064800.0000000  -644800.0000000  -2095000.0000000  
148     1368    712     151     -14     70.1090384    -62.1340936   354.375  0.145   16.439  0.346   2      15.100  -1.400  1519    698     69.8428975    -61.9724655   -641000.0000000  -2079200.0000000  -643800.0000000  -2109400.0000000  
149     1728    712     150     9       69.4917709    -61.5926476   0.000   0.170   15.458  0.319   2      15.000  0.900   1878    721     69.2389419    -61.3332068   -641000.0000000  -2151200.0000000  -639200.0000000  -2181200.0000000  
150     464     720     143     5       71.6599112    -63.6140371   0.000   0.163   15.925  0.322   2      14.300  0.500   607     725     71.4185441    -63.3296291   -639400.0000000  -1898400.0000000  -638400.0000000  -1927000.0000000  
151     712     720     147     -7      71.2362788    -63.1715990   354.375  0.141   13.503  0.333   2      14.700  -0.700  859     713     70.9810324    -62.9555339   -639400.0000000  -1948000.0000000  -640800.0000000  -1977400.0000000  
152     1432    720     150     -11     70.0035462    -61.9952764   354.375  0.201   20.983  0.528   3      15.000  -1.100  1582    709     69.7406274    -61.8230208   -639400.0000000  -2092000.0000000  -641600.0000000  -2122000.0000000  
153     1464    720     150     -8      69.9486811    -61.9464165   354.375  0.205   20.858  0.503   3      15.000  -0.800  1614    712     69.6873055    -61.7604729   -639400.0000000  -2098400.0000000  -641000.0000000  -2128400.0000000  
154     1896    720     160     8       69.2075434    -61.3125563   0.000   0.201   19.571  0.457   3      16.000  0.800   2056    728     68.9368303    -61.0511629   -639400.0000000  -2184800.0000000  -637800.0000000  -2216800.0000000  
155     304     728     145     20      71.9375560    -63.8667030   0.000   0.097   11.379  0.222   1      14.500  2.000   449     748     71.7015732    -63.4893435   -637800.0000000  -1866400.0000000  -633800.0000000  -1895400.0000000  
156     768     728     146     -13     71.1449996    -63.0321948   354.375  0.172   18.056  0.385   3      14.600  -1.300  914     715     70.8880587    -62.8520883   -637800.0000000  -1959200.0000000  -640400.0000000  -1988400.0000000  
157     1200    728     151     -25     70.4054258    -62.3170170   354.375  0.181   16.862  0.478   3      15.100  -2.500  1351    703     70.1334021    -62.2058576   -637800.0000000  -2045600.0000000  -642800.0000000  -2075800.0000000  
158     1584    728     150     1       69.7470200    -61.7259886   0.000   0.170   17.550  0.387   2      15.000  0.100   1734    729     69.4901420    -61.5007360   -637800.0000000  -2122400.0000000  -637600.0000000  -2152400.0000000  
159     392     736     145     12      71.7920294    -63.6590939   0.000   0.147   14.218  0.257   1      14.500  1.200   537     748     71.5511947    -63.3306571   -636200.0000000  -1884000.0000000  -633800.0000000  -1913000.0000000  
160     1512    736     148     -5      69.8746770    -61.7939537   354.375  0.115   12.034  0.315   2      14.800  -0.500  1660    731     69.6181581    -61.5988618   -636200.0000000  -2108000.0000000  -637200.0000000  -2137600.0000000  
161     1640    736     153     1       69.6550389    -61.6036059   0.000   0.167   16.530  0.368   2      15.300  0.100   1793    737     69.3929166    -61.3766396   -636200.0000000  -2133600.0000000  -636000.0000000  -2164200.0000000  
162     1128    744     150     -23     70.5373679    -62.3501698   354.375  0.092   9.211   0.180   1      15.000  -2.300  1278    721     70.2680378    -62.2292181   -634600.0000000  -2031200.0000000  -639200.0000000  -2061200.0000000  
163     1296    744     149     -19     70.2493536    -62.0843979   354.375  0.172   16.719  0.416   2      14.900  -1.900  1445    725     69.9838729    -61.9503684   -634600.0000000  -2064800.0000000  -638400.0000000  -2094600.0000000  
164     472     752     144     5       71.6645558    -63.4259016   0.000   0.166   17.188  0.361   1      14.400  0.500   616     757     71.4211824    -63.1421523   -633000.0000000  -1900000.0000000  -632000.0000000  -1928800.0000000  
165     1448    752     148     -10     69.9927814    -61.8105711   354.375  0.111   13.587  0.344   2      14.800  -1.000  1596    742     69.7336280    -61.6388626   -633000.0000000  -2095200.0000000  -635000.0000000  -2124800.0000000  
166     1480    752     148     -8      69.9378644    -61.7622533   0.000   0.114   11.977  0.352   2      14.800  -0.800  1628    744     69.6797268    -61.5817693   -633000.0000000  -2101600.0000000  -634600.0000000  -2131200.0000000  
167     1544    752     149     0       69.8280157    -61.6664228   0.000   0.164   16.838  0.302   2      14.900  0.000   1693    752     69.5722038    -61.4473909   -633000.0000000  -2114400.0000000  -633000.0000000  -2144200.0000000  
168     1720    752     150     5       69.5258389    -61.4082983   0.000   0.157   14.357  0.345   2      15.000  0.500   1870    757     69.2707006    -61.1701222   -633000.0000000  -2149600.0000000  -632000.0000000  -2179600.0000000  
169     1824    752     148     13      69.3472230    -61.2593937   0.000   0.095   8.888   0.255   1      14.800  1.300   1972    765     69.0993914    -60.9894145   -633000.0000000  -2170400.0000000  -630400.0000000  -2200000.0000000  
170     624     760     145     -10     71.4091773    -63.1120134   0.000   0.118   12.607  0.288   1      14.500  -1.000  769     750     71.1554991    -62.9140605   -631400.0000000  -1930400.0000000  -633400.0000000  -1959400.0000000  
171     752     760     145     -11     71.1901270    -62.8901643   354.375  0.121   9.716   0.213   1      14.500  -1.100  897     749     70.9358157    -62.7027687   -631400.0000000  -1956000.0000000  -633600.0000000  -1985000.0000000  
172     1752    760     148     10      69.4749135    -61.3230462   0.000   0.107   10.720  0.280   1      14.800  1.000   1900    770     69.2256050    -61.0651224   -631400.0000000  -2156000.0000000  -629400.0000000  -2185600.0000000  
173     560     768     144     -4      71.5231471    -63.1818027   0.000   0.092   8.029   0.204   1      14.400  -0.400  704     764     71.2745071    -62.9514292   -629800.0000000  -1917600.0000000  -630600.0000000  -1946400.0000000  
174     1936    768     158     10      69.1627434    -61.0247376   0.000   0.194   19.865  0.547   3      15.800  1.000   2094    778     68.8960155    -60.7608395   -629800.0000000  -2192800.0000000  -627800.0000000  -2224400.0000000  
175     1240    776     148     -22     70.3622542    -62.0089675   354.375  0.189   19.073  0.433   3      14.800  -2.200  1388    754     70.0967794    -61.8918276   -628200.0000000  -2053600.0000000  -632600.0000000  -2083200.0000000  
176     1272    776     148     -20     70.3073350    -61.9591612   0.000   0.115   10.406  0.326   2      14.800  -2.000  1420    756     70.0429077    -61.8329775   -628200.0000000  -2060000.0000000  -632200.0000000  -2089600.0000000  
177     448     784     143     6       71.7237448    -63.2951634   0.000   0.131   11.470  0.348   2      14.300  0.600   591     790     71.4823971    -63.0086062   -626600.0000000  -1895200.0000000  -625400.0000000  -1923800.0000000  
178     1200    784     147     -25     70.4351055    -62.0306643   354.375  0.146   12.770  0.316   2      14.700  -2.500  1347    759     70.1697389    -61.9294908   -626600.0000000  -2045600.0000000  -631600.0000000  -2075000.0000000  
179     1392    784     146     -13     70.1054741    -61.7345500   354.375  0.250   23.289  0.527   3      14.600  -1.300  1538    771     69.8480573    -61.5807680   -626600.0000000  -2084000.0000000  -629200.0000000  -2113200.0000000  
180     1456    784     146     -9      69.9955546    -61.6380560   354.375  0.182   15.161  0.380   2      14.600  -0.900  1602    775     69.7401668    -61.4665492   -626600.0000000  -2096800.0000000  -628400.0000000  -2126000.0000000  
181     1488    784     146     -7      69.9405876    -61.5902134   354.375  0.145   14.290  0.330   2      14.600  -0.700  1634    777     69.6862052    -61.4099040   -626600.0000000  -2103200.0000000  -628000.0000000  -2132400.0000000  
182     1544    784     146     -5      69.8443842    -61.5071292   0.000   0.131   13.508  0.261   1      14.600  -0.500  1690    779     69.5909927    -61.3188963   -626600.0000000  -2114400.0000000  -627600.0000000  -2143600.0000000  
183     1648    784     151     1       69.6656854    -61.3549578   0.000   0.192   19.509  0.424   3      15.100  0.100   1799    785     69.4066526    -61.1339302   -626600.0000000  -2135200.0000000  -626400.0000000  -2165400.0000000  
184     1872    784     157     8       69.2806596    -61.0363019   0.000   0.188   18.289  0.358   2      15.700  0.800   2029    792     69.0146001    -60.7816922   -626600.0000000  -2180000.0000000  -625000.0000000  -2211400.0000000  
185     408     792     144     12      71.7966911    -63.3237587   0.000   0.168   16.636  0.366   2      14.400  1.200   552     804     71.5569693    -63.0014569   -625000.0000000  -1887200.0000000  -622600.0000000  -1916000.0000000  
186     648     792     144     -9      71.3858987    -62.8985906   0.000   0.084   7.469   0.237   1      14.400  -0.900  792     783     71.1342639    -62.7002025   -625000.0000000  -1935200.0000000  -626800.0000000  -1964000.0000000  
187     1352    792     146     -16     70.1783050    -61.7549326   354.375  0.268   27.821  0.597   3      14.600  -1.600  1498    776     69.9193142    -61.6153113   -625000.0000000  -2076000.0000000  -628200.0000000  -2105200.0000000  
188     1720    792     149     5       69.5459494    -61.2118827   0.000   0.171   15.551  0.462   3      14.900  0.500   1869    797     69.2922309    -60.9773353   -625000.0000000  -2149600.0000000  -624000.0000000  -2179400.0000000  
189     1752    792     145     9       69.4909365    -61.1662756   354.375  0.127   11.260  0.163   1      14.500  0.900   1897    801     69.2460389    -60.9190712   -625000.0000000  -2156000.0000000  -623200.0000000  -2185000.0000000  
190     1976    792     165     8       69.1057565    -60.8538912   354.375  0.224   22.650  0.485   3      16.500  0.800   2141    800     68.8257932    -60.5931430   -625000.0000000  -2200800.0000000  -623400.0000000  -2233800.0000000  
191     360     808     144     12      71.8878692    -63.3231899   0.000   0.150   14.668  0.284   1      14.400  1.200   504     820     71.6480859    -62.9992685   -621800.0000000  -1877600.0000000  -619400.0000000  -1906400.0000000  
192     528     808     144     -1      71.6002974    -63.0220556   0.000   0.160   16.008  0.358   2      14.400  -0.100  672     807     71.3530506    -62.7768145   -621800.0000000  -1911200.0000000  -622000.0000000  -1940000.0000000  
193     128     816     143     34      72.2891490    -63.7104703   0.000   0.209   21.014  0.410   3      14.300  3.400   271     850     72.0639657    -63.2536102   -620200.0000000  -1831200.0000000  -613400.0000000  -1859800.0000000  
194     160     816     143     33      72.2344597    -63.6498187   0.000   0.144   14.709  0.454   3      14.300  3.300   303     849     72.0086006    -63.2006832   -620200.0000000  -1837600.0000000  -613600.0000000  -1866200.0000000  
195     448     816     143     7       71.7417582    -63.1205694   0.000   0.138   13.564  0.207   1      14.300  0.700   591     823     71.5006771    -62.8306497   -620200.0000000  -1895200.0000000  -618800.0000000  -1923800.0000000  
196     696     816     143     -8      71.3168454    -62.6875701   0.000   0.126   14.194  0.260   1      14.300  -0.800  839     808     71.0672833    -62.4891552   -620200.0000000  -1944800.0000000  -621800.0000000  -1973400.0000000  
197     816     816     143     -13     71.1110570    -62.4851686   0.000   0.095   11.380  0.259   1      14.300  -1.300  959     803     70.8587438    -62.3177578   -620200.0000000  -1968800.0000000  -622800.0000000  -1997400.0000000  
198     1520    816     145     -6      69.9018681    -61.3827762   354.375  0.212   19.400  0.470   3      14.500  -0.600  1665    810     69.6495127    -61.2019583   -620200.0000000  -2109600.0000000  -621400.0000000  -2138600.0000000  
199     1640    816     151     0       69.6955069    -61.2082187   0.000   0.106   8.135   0.272   1      15.100  0.000   1791    816     69.4357616    -60.9936464   -620200.0000000  -2133600.0000000  -620200.0000000  -2163800.0000000  
200     1672    816     149     2       69.6404681    -61.1622798   354.375  0.173   17.341  0.382   2      14.900  0.200   1821    818     69.3851311    -60.9419083   -620200.0000000  -2140000.0000000  -619800.0000000  -2169800.0000000  
201     1840    816     153     9       69.3514578    -60.9252012   354.375  0.095   9.280   0.288   2      15.300  0.900   1993    825     69.0925335    -60.6717457   -620200.0000000  -2173600.0000000  -618400.0000000  -2204200.0000000  
202     1872    816     156     8       69.2963985    -60.8808095   0.000   0.177   17.793  0.465   3      15.600  0.800   2028    824     69.0318038    -60.6293667   -620200.0000000  -2180000.0000000  -618600.0000000  -2211200.0000000  
203     1904    816     156     9       69.2413364    -60.8366583   0.000   0.187   19.724  0.490   3      15.600  0.900   2060    825     68.9771989    -60.5816615   -620200.0000000  -2186400.0000000  -618400.0000000  -2217600.0000000  
204     1800    824     144     12      69.4242148    -60.9419015   0.000   0.243   24.877  0.543   3      14.400  1.200   1944    836     69.1822032    -60.6850439   -618600.0000000  -2165600.0000000  -616200.0000000  -2194400.0000000  
205     496     832     145     0       71.6684618    -62.9480994   0.000   0.103   10.175  0.176   1      14.500  0.000   641     832     71.4199010    -62.6958507   -617000.0000000  -1904800.0000000  -617000.0000000  -1933800.0000000  
206     240     840     143     18      72.1113712    -63.3663000   0.000   0.139   12.882  0.222   1      14.300  1.800   383     858     71.8765759    -63.0065019   -615400.0000000  -1853600.0000000  -611800.0000000  -1882200.0000000  
207     936     840     145     -16     70.9179344    -62.1613012   0.000   0.192   20.642  0.467   3      14.500  -1.600  1081    824     70.6604462    -62.0122761   -615400.0000000  -1992800.0000000  -618600.0000000  -2021800.0000000  
208     408     848     143     12      71.8281585    -63.0167922   0.000   0.107   10.697  0.213   1      14.300  1.200   551     860     71.5895953    -62.6997348   -613800.0000000  -1887200.0000000  -611400.0000000  -1915800.0000000  
209     528     848     145     -1      71.6224549    -62.8049138   0.000   0.111   10.335  0.284   1      14.500  -0.100  673     847     71.3731853    -62.5606118   -613800.0000000  -1911200.0000000  -614000.0000000  -1940200.0000000  
210     968     848     145     -17     70.8671971    -62.0676805   0.000   0.150   13.228  0.382   2      14.500  -1.700  1113    831     70.6091442    -61.9254896   -613800.0000000  -1999200.0000000  -617200.0000000  -2028200.0000000  
211     1528    848     143     -6      69.9042000    -61.2110036   0.000   0.314   35.894  0.579   3      14.300  -0.600  1671    842     69.6551000    -61.0351823   -613800.0000000  -2111200.0000000  -615000.0000000  -2139800.0000000  
212     1664    848     150     -3      69.6701157    -61.0154396   0.000   0.148   13.822  0.382   2      15.000  -0.300  1814    845     69.4104005    -60.8196831   -613800.0000000  -2138400.0000000  -614400.0000000  -2168400.0000000  
213     1704    848     147     4       69.6012551    -60.9587923   354.375  0.231   22.669  0.525   3      14.700  0.400   1851    852     69.3500931    -60.7344101   -613800.0000000  -2146400.0000000  -613000.0000000  -2175800.0000000  
214     1872    848     155     8       69.3119886    -60.7250767   0.000   0.198   20.328  0.499   3      15.500  0.800   2027    856     69.0488630    -60.4767867   -613800.0000000  -2180000.0000000  -612200.0000000  -2211000.0000000  
215     1904    848     155     9       69.2568816    -60.6813140   0.000   0.242   26.806  0.544   3      15.500  0.900   2059    857     68.9942100    -60.4294474   -613800.0000000  -2186400.0000000  -612000.0000000  -2217400.0000000  
216     328     856     143     16      71.9697086    -63.1165297   0.000   0.186   19.410  0.372   2      14.300  1.600   471     872     71.7334259    -62.7737752   -612200.0000000  -1871200.0000000  -609000.0000000  -1899800.0000000  
217     360     856     143     13      71.9148774    -63.0587930   0.000   0.091   7.931   0.193   1      14.300  1.300   503     869     71.6768784    -62.7342010   -612200.0000000  -1877600.0000000  -609600.0000000  -1906200.0000000  
218     160     864     142     33      72.2619579    -63.3806791   0.000   0.170   17.132  0.326   2      14.200  3.300   302     897     72.0371556    -62.9360946   -610600.0000000  -1837600.0000000  -604000.0000000  -1866000.0000000  
219     648     864     145     -7      71.4253112    -62.5116810   0.000   0.151   14.685  0.389   2      14.500  -0.700  793     857     71.1725800    -62.3058451   -610600.0000000  -1935200.0000000  -612000.0000000  -1964200.0000000  
220     736     864     145     -9      71.2742193    -62.3633796   0.000   0.167   16.761  0.386   2      14.500  -0.900  881     855     71.0203649    -62.1717771   -610600.0000000  -1952800.0000000  -612400.0000000  -1981800.0000000  
221     1352    864     152     -15     70.2151425    -61.3898392   0.000   0.095   7.822   0.204   1      15.200  -1.500  1504    849     69.9460032    -61.2409838   -610600.0000000  -2076000.0000000  -613600.0000000  -2106400.0000000  
222     1560    864     145     -4      69.8570902    -61.0846676   0.000   0.161   16.172  0.396   2      14.500  -0.400  1705    860     69.6054302    -60.8981460   -610600.0000000  -2117600.0000000  -611400.0000000  -2146600.0000000  
223     1800    864     143     12      69.4437594    -60.7460207   0.000   0.190   19.014  0.385   2      14.300  1.200   1943    876     69.2031494    -60.4925918   -610600.0000000  -2165600.0000000  -608200.0000000  -2194200.0000000  
224     240     872     143     18      72.1294695    -63.1879297   0.000   0.128   12.197  0.288   1      14.300  1.800   383     890     71.8943196    -62.8301214   -609000.0000000  -1853600.0000000  -605400.0000000  -1882200.0000000  
225     768     872     145     -10     71.2235394    -62.2673952   0.000   0.209   20.833  0.450   3      14.500  -1.000  913     862     70.9690904    -62.0828814   -609000.0000000  -1959200.0000000  -611000.0000000  -1988200.0000000  
226     816     872     145     -12     71.1410697    -62.1881706   0.000   0.205   20.605  0.420   3      14.500  -1.200  961     860     70.8855464    -62.0160303   -609000.0000000  -1968800.0000000  -611400.0000000  -1997800.0000000  
227     848     872     145     -13     71.0860809    -62.1357447   0.000   0.166   15.263  0.318   2      14.500  -1.300  993     859     70.8300221    -61.9700489   -609000.0000000  -1975200.0000000  -611600.0000000  -2004200.0000000  
228     1960    872     162     7       69.1719417    -60.4891432   5.625   0.144   13.491  0.344   2      16.200  0.700   2122    879     68.8960357    -60.2412039   -609000.0000000  -2197600.0000000  -607600.0000000  -2230000.0000000  
229     536     880     145     -1      71.6262623    -62.6169834   0.000   0.110   10.564  0.226   1      14.500  -0.100  681     879     71.3767388    -62.3751913   -607400.0000000  -1912800.0000000  -607600.0000000  -1941800.0000000  
230     576     880     145     -2      71.5575935    -62.5481215   0.000   0.225   22.245  0.398   2      14.500  -0.200  721     878     71.3074907    -62.3135244   -607400.0000000  -1920800.0000000  -607800.0000000  -1949800.0000000  
231     984     880     146     -18     70.8564807    -61.8744393   0.000   0.142   13.324  0.285   1      14.600  -1.800  1130    862     70.5960431    -61.7385641   -607400.0000000  -2002400.0000000  -611000.0000000  -2031600.0000000  
232     1864    880     154     7       69.3412170    -60.5799852   0.000   0.233   22.446  0.453   3      15.400  0.700   2018    887     69.0790974    -60.3393539   -607400.0000000  -2178400.0000000  -606000.0000000  -2209200.0000000  
233     416     888     143     12      71.8365944    -62.7827467   0.000   0.130   12.510  0.358   2      14.300  1.200   559     900     71.5976237    -62.4686317   -605800.0000000  -1888800.0000000  -603400.0000000  -1917400.0000000  
234     608     888     145     -4      71.5069734    -62.4501260   0.000   0.143   13.428  0.274   1      14.500  -0.400  753     884     71.2557138    -62.2281925   -605800.0000000  -1927200.0000000  -606600.0000000  -1956200.0000000  
235     200     896     142     33      72.2115122    -63.1270604   0.000   0.147   13.819  0.217   1      14.200  3.300   342     929     71.9861441    -62.6869662   -604200.0000000  -1845600.0000000  -597600.0000000  -1874000.0000000  
236     336     896     143     16      71.9782737    -62.8806631   0.000   0.105   9.354   0.213   1      14.300  1.600   479     912     71.7415507    -62.5408539   -604200.0000000  -1872800.0000000  -601000.0000000  -1901400.0000000  
237     1128    896     143     -25     70.6169817    -61.5656166   0.000   0.142   14.066  0.360   2      14.300  -2.500  1271    871     70.3580920    -61.4759447   -604200.0000000  -2031200.0000000  -609200.0000000  -2059800.0000000  
238     1160    896     143     -25     70.5618940    -61.5164239   0.000   0.221   23.452  0.454   3      14.300  -2.500  1303    871     70.3030201    -61.4276661   -604200.0000000  -2037600.0000000  -609200.0000000  -2066200.0000000  
239     1808    896     147     6       69.4454344    -60.5780934   0.000   0.099   9.450   0.251   1      14.700  0.600   1955    902     69.1948260    -60.3504219   -604200.0000000  -2167200.0000000  -603000.0000000  -2196600.0000000  
240     152     904     141     32      72.2982937    -63.1705346   0.000   0.150   14.861  0.278   1      14.100  3.200   293     936     72.0741419    -62.7350804   -602600.0000000  -1836000.0000000  -596200.0000000  -1864200.0000000  
241     672     904     146     -7      71.4055960    -62.2557640   0.000   0.185   18.139  0.470   3      14.600  -0.700  818     897     71.1508687    -62.0520095   -602600.0000000  -1940000.0000000  -604000.0000000  -1969200.0000000  
242     712     904     146     -9      71.3368333    -62.1890824   0.000   0.233   22.156  0.408   3      14.600  -0.900  858     895     71.0810285    -61.9975962   -602600.0000000  -1948000.0000000  -604400.0000000  -1977200.0000000  
243     1072    904     143     -24     70.7174856    -61.6107277   0.000   0.138   13.814  0.254   1      14.300  -2.400  1215    880     70.4590547    -61.5148357   -602600.0000000  -2020000.0000000  -607400.0000000  -2048600.0000000  
244     544     912     146     -1      71.6298753    -62.4289758   0.000   0.140   12.903  0.329   2      14.600  -0.100  690     911     71.3783811    -62.1880361   -601000.0000000  -1914400.0000000  -601200.0000000  -1943600.0000000  
245     576     912     145     -2      71.5748840    -62.3744038   0.000   0.185   18.646  0.499   3      14.500  -0.200  721     910     71.3245453    -62.1419543   -601000.0000000  -1920800.0000000  -601400.0000000  -1949800.0000000  
246     768     912     147     -10     71.2447723    -62.0538067   0.000   0.188   19.924  0.442   3      14.700  -1.000  915     902     70.9866475    -61.8687938   -601000.0000000  -1959200.0000000  -603000.0000000  -1988600.0000000  
247     984     912     146     -18     70.8730942    -61.7065942   0.000   0.114   11.550  0.280   1      14.600  -1.800  1130    894     70.6125147    -61.5728974   -601000.0000000  -2002400.0000000  -604600.0000000  -2031600.0000000  
248     416     920     144     11      71.8541219    -62.6065413   0.000   0.161   15.219  0.397   2      14.400  1.100   560     931     71.6125846    -62.2982054   -599400.0000000  -1888800.0000000  -597200.0000000  -1917600.0000000  
249     1192    920     143     -25     70.5189711    -61.3436976   0.000   0.202   20.710  0.246   1      14.300  -2.500  1335    895     70.2600416    -61.2574447   -599400.0000000  -2044000.0000000  -604400.0000000  -2072600.0000000  
250     512     928     144     5       71.6934963    -62.3964191   0.000   0.149   13.916  0.306   2      14.400  0.500   656     933     71.4485383    -62.1260084   -597800.0000000  -1908000.0000000  -596800.0000000  -1936800.0000000  
251     824     928     147     -12     71.1568157    -61.8772818   0.000   0.192   19.811  0.432   3      14.700  -1.200  971     916     70.8975398    -61.7060781   -597800.0000000  -1970400.0000000  -600200.0000000  -1999800.0000000  
252     888     928     147     -14     71.0466444    -61.7744890   0.000   0.120   11.639  0.297   1      14.700  -1.400  1035    914     70.7863233    -61.6161532   -597800.0000000  -1983200.0000000  -600600.0000000  -2012600.0000000  
253     1576    928     145     -6      69.8609622    -60.7418048   0.000   0.151   15.384  0.367   2      14.500  -0.600  1721    922     69.6079584    -60.5694623   -597800.0000000  -2120800.0000000  -599000.0000000  -2149800.0000000  
254     1752    928     145     5       69.5573576    -60.4972431   0.000   0.195   21.477  0.426   3      14.500  0.500   1897    933     69.3095304    -60.2768608   -597800.0000000  -2156000.0000000  -596800.0000000  -2185000.0000000  
255     1824    928     146     6       69.4331330    -60.3993188   0.000   0.117   11.413  0.232   1      14.600  0.600   1970    934     69.1840120    -60.1753006   -597800.0000000  -2170400.0000000  -596600.0000000  -2199600.0000000  
256     552     944     146     0       71.6332937    -62.2408951   0.000   0.122   12.536  0.375   2      14.600  0.000   698     944     71.3820754    -61.9971090   -594600.0000000  -1916000.0000000  -594600.0000000  -1945200.0000000  
257     744     944     147     -10     71.3028929    -61.9216801   0.000   0.179   17.387  0.250   1      14.700  -1.000  891     934     71.0445895    -61.7379222   -594600.0000000  -1954400.0000000  -596600.0000000  -1983800.0000000  
258     1008    944     147     -19     70.8481936    -61.5010569   0.000   0.251   27.098  0.492   3      14.700  -1.900  1155    925     70.5852480    -61.3740032   -594600.0000000  -2007200.0000000  -598400.0000000  -2036600.0000000  
259     1784    944     145     7       69.5097608    -60.3747732   0.000   0.116   10.532  0.236   1      14.500  0.700   1929    951     69.2627411    -60.1466586   -594600.0000000  -2162400.0000000  -593200.0000000  -2191400.0000000  
260     792     952     148     -11     71.2244177    -61.8008940   0.000   0.154   14.764  0.287   1      14.800  -1.100  940     941     70.9638107    -61.6232776   -593000.0000000  -1964000.0000000  -595200.0000000  -1993600.0000000  
261     1112    952     148     -21     70.6729985    -61.2992530   0.000   0.133   12.364  0.241   1      14.800  -2.100  1260    931     70.4073161    -61.1848983   -593000.0000000  -2028000.0000000  -597200.0000000  -2057600.0000000  
262     1192    952     149     -23     70.5350595    -61.1783644   0.000   0.097   11.193  0.203   1      14.900  -2.300  1341    929     70.2666866    -61.0752172   -593000.0000000  -2044000.0000000  -597600.0000000  -2073800.0000000  
263     384     960     144     12      71.9308267    -62.4413314   0.000   0.117   9.840   0.303   2      14.400  1.200   528     972     71.6894931    -62.1284263   -591400.0000000  -1882400.0000000  -589000.0000000  -1911200.0000000  
264     504     960     145     5       71.7244119    -62.2348420   0.000   0.152   15.412  0.398   2      14.500  0.500   649     965     71.4774725    -61.9644956   -591400.0000000  -1906400.0000000  -590400.0000000  -1935400.0000000  
265     840     960     148     -13     71.1458782    -61.6811314   0.000   0.145   13.625  0.377   2      14.800  -1.300  988     947     70.8841884    -61.5164363   -591400.0000000  -1973600.0000000  -594000.0000000  -2003200.0000000  
266     872     960     148     -14     71.0907408    -61.6301946   0.000   0.228   23.023  0.473   3      14.800  -1.400  1020    946     70.8285351    -61.4719332   -591400.0000000  -1980000.0000000  -594200.0000000  -2009600.0000000  
267     1608    960     147     -10     69.8212027    -60.5368907   354.375  0.173   17.376  0.574   3      14.700  -1.000  1755    950     69.5626672    -60.3845253   -591400.0000000  -2127200.0000000  -593400.0000000  -2156600.0000000  
268     1824    960     151     5       69.4482653    -60.2421622   0.000   0.230   23.557  0.568   3      15.100  0.500   1975    965     69.1898178    -60.0182422   -591400.0000000  -2170400.0000000  -590400.0000000  -2200600.0000000  
269     1856    960     151     5       69.3930067    -60.1994247   0.000   0.191   17.521  0.298   1      15.100  0.500   2007    965     69.1345450    -59.9766508   -591400.0000000  -2176800.0000000  -590400.0000000  -2207000.0000000  
270     336     968     145     16      72.0176967    -62.4807534   0.000   0.146   13.570  0.295   1      14.500  1.600   481     984     71.7767764    -62.1420976   -589800.0000000  -1872800.0000000  -586600.0000000  -1901800.0000000  
271     648     968     147     -3      71.4807697    -61.9498951   0.000   0.130   13.034  0.245   1      14.700  -0.300  795     965     71.2259955    -61.7265315   -589800.0000000  -1935200.0000000  -590400.0000000  -1964600.0000000  
272     680     968     147     -4      71.4256590    -61.8972124   0.000   0.104   9.778   0.204   1      14.700  -0.400  827     964     71.1703425    -61.6805740   -589800.0000000  -1941600.0000000  -590600.0000000  -1971000.0000000  
273     1560    968     146     -11     69.9079136    -60.5637352   0.000   0.085   8.782   0.223   1      14.600  -1.100  1706    957     69.6505856    -60.4166877   -589800.0000000  -2117600.0000000  -592000.0000000  -2146800.0000000  
274     144     976     138     30      72.3521154    -62.7784379   354.375  0.114   10.832  0.287   1      13.800  3.000   282     1006    72.1311175    -62.3631351   -588200.0000000  -1834400.0000000  -582200.0000000  -1862000.0000000  
275     280     976     145     17      72.1183353    -62.5347004   0.000   0.284   29.571  0.441   3      14.500  1.700   425     993     71.8779799    -62.1878733   -588200.0000000  -1861600.0000000  -584800.0000000  -1890600.0000000  
276     744     976     147     -9      71.3195706    -61.7497947   0.000   0.120   11.477  0.286   1      14.700  -0.900  891     967     71.0615922    -61.5629522   -588200.0000000  -1954400.0000000  -590000.0000000  -1983800.0000000  
277     1464    976     144     -14     70.0775222    -60.6586522   0.000   0.111   9.565   0.226   1      14.400  -1.400  1608    962     69.8221623    -60.5268893   -588200.0000000  -2098400.0000000  -591000.0000000  -2127200.0000000  
278     792     984     147     -11     71.2409758    -61.6296319   0.000   0.123   12.144  0.322   2      14.700  -1.100  939     973     70.9819112    -61.4558091   -586600.0000000  -1964000.0000000  -588800.0000000  -1993400.0000000  
279     1120    984     150     -21     70.6752457    -61.1204819   0.000   0.189   19.358  0.490   3      15.000  -2.100  1270    963     70.4059942    -61.0056345   -586600.0000000  -2029600.0000000  -590800.0000000  -2059600.0000000  
280     600     992     147     -2      71.5760322    -61.8988556   0.000   0.165   15.959  0.334   2      14.700  -0.200  747     990     71.3216436    -61.6696635   -585000.0000000  -1925600.0000000  -585400.0000000  -1955000.0000000  
281     880     992     149     -14     71.0933309    -61.4474430   0.000   0.225   23.166  0.483   3      14.900  -1.400  1029    978     70.8292362    -61.2901715   -585000.0000000  -1981600.0000000  -587800.0000000  -2011400.0000000  
282     912     992     149     -16     71.0381349    -61.3973418   5.625   0.156   14.880  0.449   3      14.900  -1.600  1061    976     70.7730316    -61.2516994   -585000.0000000  -1988000.0000000  -588200.0000000  -2017800.0000000  
283     1184    992     149     -24     70.5687572    -60.9831811   0.000   0.161   15.101  0.325   2      14.900  -2.400  1333    968     70.2997514    -60.8876801   -585000.0000000  -2042400.0000000  -589800.0000000  -2072200.0000000  
284     504     1000    146     5       71.7456312    -62.0152539   0.000   0.121   10.661  0.361   2      14.600  0.500   650     1005    71.4966301    -61.7459427   -583400.0000000  -1906400.0000000  -582400.0000000  -1935600.0000000  
285     1528    1000    143     -16     69.9785171    -60.4473780   0.000   0.087   9.429   0.293   2      14.300  -1.600  1671    984     69.7238496    -60.3303123   -583400.0000000  -2111200.0000000  -586600.0000000  -2139800.0000000  
286     632     1008    147     -3      71.5292199    -61.7590820   0.000   0.191   18.648  0.405   3      14.700  -0.300  779     1005    71.2741764    -61.5377741   -581800.0000000  -1932000.0000000  -582400.0000000  -1961400.0000000  
287     704     1008    148     -5      71.4050700    -61.6419739   0.000   0.156   15.320  0.388   2      14.800  -0.500  852     1003    71.1472294    -61.4328582   -581800.0000000  -1946400.0000000  -582800.0000000  -1976000.0000000  
288     1568    1008    147     -17     69.9132015    -60.3516154   0.000   0.095   9.856   0.265   1      14.700  -1.700  1715    991     69.6511349    -60.2357119   -581800.0000000  -2119200.0000000  -585200.0000000  -2148600.0000000  
289     736     1016    148     -9      71.3539872    -61.5473078   0.000   0.147   14.953  0.331   2      14.800  -0.900  884     1007    71.0940486    -61.3613704   -580200.0000000  -1952800.0000000  -582000.0000000  -1982400.0000000  
290     976     1016    151     -19     70.9397874    -61.1713137   0.000   0.151   17.091  0.365   2      15.100  -1.900  1127    997     70.6696323    -61.0422233   -580200.0000000  -2000800.0000000  -584000.0000000  -2031000.0000000  
291     1400    1016    149     -15     70.2073702    -60.5462122   0.000   0.096   8.347   0.245   1      14.900  -1.500  1549    1001    69.9427080    -60.4131346   -580200.0000000  -2085600.0000000  -583200.0000000  -2115400.0000000  
292     1600    1016    148     -16     69.8616740    -60.2674344   354.375  0.112   10.959  0.300   1      14.800  -1.600  1748    1000    69.5983294    -60.1466373   -580200.0000000  -2125600.0000000  -583400.0000000  -2155200.0000000  
293     1792    1016    154     0       69.5297161    -60.0088421   5.625   0.152   15.030  0.296   2      15.400  0.000   1946    1016    69.2634130    -59.8075357   -580200.0000000  -2164000.0000000  -580200.0000000  -2194800.0000000  
294     368     1024    146     12      71.9926323    -62.1134409   0.000   0.106   8.917   0.274   1      14.600  1.200   514     1036    71.7472568    -61.8005522   -578600.0000000  -1879200.0000000  -576200.0000000  -1908400.0000000  
295     560     1024    147     -1      71.6616808    -61.7902081   0.000   0.109   9.987   0.349   2      14.700  -0.100  707     1023    71.4076081    -61.5560483   -578600.0000000  -1917600.0000000  -578800.0000000  -1947000.0000000  
296     768     1024    149     -10     71.3028619    -61.4531682   0.000   0.124   11.914  0.226   1      14.900  -1.000  917     1014    71.0406332    -61.2728142   -578600.0000000  -1959200.0000000  -580600.0000000  -1989000.0000000  
297     808     1024    146     -14     71.2338276    -61.3898557   0.000   0.092   8.486   0.211   1      14.600  -1.400  954     1010    70.9747554    -61.2368382   -578600.0000000  -1967200.0000000  -581400.0000000  -1996400.0000000  
298     1184    1024    153     -18     70.5845001    -60.8171164   0.000   0.102   7.988   0.193   1      15.300  -1.800  1337    1006    70.3113959    -60.6873448   -578600.0000000  -2042400.0000000  -582200.0000000  -2073000.0000000  
299     1488    1024    145     -14     70.0590872    -60.3818230   0.000   0.170   16.142  0.367   2      14.500  -1.400  1633    1010    69.8017989    -60.2523902   -578600.0000000  -2103200.0000000  -581400.0000000  -2132200.0000000  
300     400     1040    144     14      71.9459322    -61.9698231   0.000   0.090   7.428   0.218   1      14.400  1.400   544     1054    71.7048307    -61.6520054   -575400.0000000  -1885600.0000000  -572600.0000000  -1914400.0000000  
301     1736    1040    158     8       69.6376854    -59.9642110   5.625   0.175   16.192  0.322   2      15.800  0.800   1894    1048    69.3679597    -59.7179962   -575400.0000000  -2152800.0000000  -573800.0000000  -2184400.0000000  
302     1008    1048    153     -20     70.9004278    -60.9536898   0.000   0.128   12.391  0.345   2      15.300  -2.000  1161    1028    70.6261992    -60.8302115   -573800.0000000  -2007200.0000000  -577800.0000000  -2037800.0000000  
303     1384    1048    151     -15     70.2503502    -60.4054082   0.000   0.167   17.157  0.218   1      15.100  -1.500  1535    1033    69.9820857    -60.2711814   -573800.0000000  -2082400.0000000  -576800.0000000  -2112600.0000000  
304     1544    1048    149     -18     69.9735810    -60.1830970   5.625   0.185   19.813  0.438   3      14.900  -1.800  1693    1030    69.7074262    -60.0713630   -573800.0000000  -2114400.0000000  -577400.0000000  -2144200.0000000  
305     1576    1048    148     -19     69.9182194    -60.1393846   0.000   0.125   12.727  0.345   2      14.800  -1.900  1724    1029    69.6533447    -60.0348486   -573800.0000000  -2120800.0000000  -577600.0000000  -2150400.0000000  
306     1800    1048    159     -1      69.5306315    -59.8401505   11.250  0.145   14.941  0.318   2      15.900  -0.100  1959    1047    69.2550162    -59.6395536   -573800.0000000  -2165600.0000000  -574000.0000000  -2197400.0000000  
307     608     1056    149     -2      71.5953877    -61.5365455   0.000   0.185   19.073  0.511   3      14.900  -0.200  757     1054    71.3370782    -61.3089850   -572200.0000000  -1927200.0000000  -572600.0000000  -1957000.0000000  
308     800     1056    152     -11     71.2638103    -61.2306499   5.625   0.149   15.969  0.504   3      15.200  -1.100  952     1045    70.9957073    -61.0545248   -572200.0000000  -1965600.0000000  -574400.0000000  -1996000.0000000  
309     648     1072    149     -3      71.5344750    -61.3847314   0.000   0.268   27.426  0.540   3      14.900  -0.300  797     1069    71.2755188    -61.1654347   -569000.0000000  -1935200.0000000  -569600.0000000  -1965000.0000000  
310     696     1072    149     -4      71.4515507    -61.3081602   0.000   0.145   14.156  0.261   1      14.900  -0.400  845     1068    71.1920629    -61.0962767   -569000.0000000  -1944800.0000000  -569800.0000000  -1974600.0000000  
311     1712    1072    165     -2      69.6939593    -59.8367437   5.625   0.096   9.415   0.268   2      16.500  -0.200  1877    1070    69.4073607    -59.6317815   -569000.0000000  -2148000.0000000  -569400.0000000  -2181000.0000000  
312     1256    1080    161     -21     70.4870687    -60.4223398   0.000   0.134   13.399  0.278   1      16.100  -2.100  1417    1059    70.1984891    -60.3029158   -567400.0000000  -2056800.0000000  -571600.0000000  -2089000.0000000  
313     1320    1080    159     -16     70.3763015    -60.3314575   354.375  0.083   9.270   0.216   1      15.900  -1.600  1479    1064    70.0935647    -60.1914239   -567400.0000000  -2069600.0000000  -570600.0000000  -2101400.0000000  
314     328     1096    144     18      72.0994621    -61.7789909   0.000   0.156   14.954  0.383   2      14.400  1.800   472     1114    71.8599737    -61.4388333   -564200.0000000  -1871200.0000000  -560600.0000000  -1900000.0000000  
315     576     1096    144     1       71.6710658    -61.3691898   0.000   0.088   7.962   0.204   1      14.400  0.100   720     1097    71.4226398    -61.1346335   -564200.0000000  -1920800.0000000  -564000.0000000  -1949600.0000000  
316     760     1096    155     -9      71.3529724    -61.0775133   5.625   0.184   18.060  0.401   2      15.500  -0.900  915     1087    71.0804484    -60.8875375   -564200.0000000  -1957600.0000000  -566000.0000000  -1988600.0000000  
317     944     1096    155     -18     71.0346992    -60.7957890   0.000   0.231   22.377  0.438   3      15.500  -1.800  1099    1078    70.7577660    -60.6602925   -564200.0000000  -1994400.0000000  -567800.0000000  -2025400.0000000  
318     1184    1096    162     -18     70.6193372    -60.4424754   0.000   0.166   16.695  0.286   1      16.200  -1.800  1346    1078    70.3303518    -60.3051113   -564200.0000000  -2042400.0000000  -567800.0000000  -2074800.0000000  
319     1216    1096    162     -19     70.5639394    -60.3965288   0.000   0.131   11.752  0.262   1      16.200  -1.900  1378    1077    70.2744917    -60.2653679   -564200.0000000  -2048800.0000000  -568000.0000000  -2081200.0000000  
320     872     1104    156     -14     71.1631986    -60.8620439   5.625   0.158   14.905  0.428   3      15.600  -1.400  1028    1090    70.8864329    -60.7020376   -562600.0000000  -1980000.0000000  -565400.0000000  -2011200.0000000  
321     64      1112    131     26      72.5635258    -62.1456733   354.375  0.107   10.009  0.239   1      13.100  2.600   195     1138    72.3510378    -61.7681812   -561000.0000000  -1818400.0000000  -555800.0000000  -1844600.0000000  
322     104     1112    130     27      72.4945088    -62.0749489   0.000   0.125   11.126  0.233   1      13.000  2.700   234     1139    72.2841673    -61.6958390   -561000.0000000  -1826400.0000000  -555600.0000000  -1852400.0000000  
323     296     1112    144     18      72.1630422    -61.7432073   0.000   0.233   23.877  0.468   3      14.400  1.800   440     1130    71.9234470    -61.4023171   -561000.0000000  -1864800.0000000  -557400.0000000  -1893600.0000000  
324     800     1112    156     -12     71.2917190    -60.9292250   5.625   0.144   12.940  0.419   3      15.600  -1.200  956     1100    71.0158909    -60.7564894   -561000.0000000  -1965600.0000000  -563400.0000000  -1996800.0000000  
325     1912    1112    205     4       69.3655530    -59.3807646   5.625   0.107   9.577   0.332   2      20.500  0.400   2117    1116    69.0119751    -59.1075896   -561000.0000000  -2188000.0000000  -560200.0000000  -2229000.0000000  
326     264     1120    144     18      72.2224720    -61.7524053   0.000   0.104   10.015  0.255   1      14.400  1.800   408     1138    71.9828548    -61.4102488   -559400.0000000  -1858400.0000000  -555800.0000000  -1887200.0000000  
327     416     1120    143     14      71.9598330    -61.4975445   0.000   0.164   16.211  0.286   1      14.300  1.400   559     1134    71.7196485    -61.1874282   -559400.0000000  -1888800.0000000  -556600.0000000  -1917400.0000000  
328     1040    1120    168     -27     70.8801737    -60.5258721   0.000   0.104   10.027  0.339   2      16.800  -2.700  1208    1093    70.5763572    -60.4235962   -559400.0000000  -2013600.0000000  -564800.0000000  -2047200.0000000  
329     1552    1120    156     -21     69.9931248    -59.8083189   11.250  0.178   18.770  0.455   3      15.600  -2.100  1708    1099    69.7132178    -59.7073053   -559400.0000000  -2116000.0000000  -563600.0000000  -2147200.0000000  
330     944     1128    156     -18     71.0502797    -60.6254087   0.000   0.173   17.449  0.355   2      15.600  -1.800  1100    1110    70.7714732    -60.4908434   -557800.0000000  -1994400.0000000  -561400.0000000  -2025600.0000000  
331     1248    1128    164     -21     70.5236677    -60.1847986   0.000   0.127   13.490  0.317   2      16.400  -2.100  1412    1107    70.2296976    -60.0645518   -557800.0000000  -2055200.0000000  -562000.0000000  -2088000.0000000  
332     656     1136    151     -2      71.5528003    -61.0227276   0.000   0.082   7.606   0.261   1      15.100  -0.200  807     1134    71.2904246    -60.7998680   -556200.0000000  -1936800.0000000  -556600.0000000  -1967000.0000000  
333     840     1136    158     -13     71.2342628    -60.7388992   5.625   0.227   22.587  0.593   3      15.800  -1.300  998     1123    70.9543508    -60.5718481   -556200.0000000  -1973600.0000000  -558800.0000000  -2005200.0000000  
334     1192    1136    165     -19     70.6244764    -60.2223818   0.000   0.148   13.883  0.321   2      16.500  -1.900  1357    1117    70.3296487    -60.0892611   -556200.0000000  -2044000.0000000  -560000.0000000  -2077000.0000000  
335     1472    1136    164     -12     70.1391369    -59.8345788   5.625   0.124   12.401  0.333   2      16.400  -1.200  1636    1124    69.8493517    -59.6766326   -556200.0000000  -2100000.0000000  -558600.0000000  -2132800.0000000  
336     312     1144    143     18      72.1519199    -61.5358949   0.000   0.184   17.530  0.379   2      14.300  1.800   455     1162    71.9136865    -61.1996313   -554600.0000000  -1868000.0000000  -551000.0000000  -1896600.0000000  
337     352     1144    143     16      72.0827558    -61.4692073   0.000   0.141   13.131  0.306   2      14.300  1.600   495     1160    71.8434457    -61.1462379   -554600.0000000  -1876000.0000000  -551400.0000000  -1904600.0000000  
338     264     1152    143     18      72.2390233    -61.5713104   0.000   0.183   17.651  0.431   3      14.300  1.800   407     1170    72.0007972    -61.2329176   -553000.0000000  -1858400.0000000  -549400.0000000  -1887000.0000000  
339     424     1152    142     14      71.9622871    -61.3058174   0.000   0.167   16.476  0.313   2      14.200  1.400   566     1166    71.7235127    -60.9998056   -553000.0000000  -1890400.0000000  -550200.0000000  -1918800.0000000  
340     1368    1160    166     -18     70.3305129    -59.8528349   0.000   0.094   10.358  0.213   1      16.600  -1.800  1534    1142    70.0343812    -59.7208638   -551400.0000000  -2079200.0000000  -555000.0000000  -2112400.0000000  
341     456     1168    142     10      71.9149694    -61.1645799   5.625   0.121   11.984  0.375   3      14.200  1.000   598     1178    71.6740226    -60.8832718   -549800.0000000  -1896800.0000000  -547800.0000000  -1925200.0000000  
342     872     1168    167     -13     71.1943326    -60.5187380   5.625   0.129   12.162  0.265   1      16.700  -1.300  1039    1155    70.8986477    -60.3422492   -549800.0000000  -1980000.0000000  -552400.0000000  -2013400.0000000  
343     136     1176    128     28      72.4727427    -61.6521973   0.000   0.185   17.609  0.286   1      12.800  2.800   264     1204    72.2655471    -61.2763044   -548200.0000000  -1832800.0000000  -542600.0000000  -1858400.0000000  
344     1152    1176    168     -23     70.7126020    -60.0696992   0.000   0.080   6.845   0.227   1      16.800  -2.300  1320    1153    70.4105282    -59.9548488   -548200.0000000  -2036000.0000000  -552800.0000000  -2069600.0000000  
345     1200    1176    168     -16     70.6293348    -60.0021725   0.000   0.156   14.216  0.351   2      16.800  -1.600  1368    1160    70.3305129    -59.8528349   -548200.0000000  -2045600.0000000  -551400.0000000  -2079200.0000000  
346     1336    1176    168     -18     70.3933783    -59.8140192   0.000   0.166   15.760  0.252   1      16.800  -1.800  1504    1158    70.0936925    -59.6795446   -548200.0000000  -2072800.0000000  -551800.0000000  -2106400.0000000  
347     1512    1176    169     -14     70.0879636    -59.5772713   11.250  0.239   24.565  0.554   3      16.900  -1.400  1681    1162    69.7884162    -59.4270818   -548200.0000000  -2108000.0000000  -551000.0000000  -2141800.0000000  
348     368     1184    144     16      72.0753670    -61.2180471   0.000   0.150   15.846  0.361   2      14.400  1.600   512     1200    71.8338954    -60.8969975   -546600.0000000  -1879200.0000000  -543400.0000000  -1908000.0000000  
349     488     1184    143     8       71.8675502    -61.0240923   0.000   0.157   14.454  0.428   3      14.300  0.800   631     1192    71.6237102    -60.7548368   -546600.0000000  -1903200.0000000  -545000.0000000  -1931800.0000000  
350     1080    1192    176     -18     70.8449948    -60.0875947   0.000   0.148   14.011  0.337   2      17.600  -1.800  1256    1174    70.5312567    -59.9345380   -545000.0000000  -2021600.0000000  -548600.0000000  -2056800.0000000  
351     320     1200    144     16      72.1665443    -61.2065277   0.000   0.156   15.393  0.238   1      14.400  1.600   464     1216    71.9249928    -60.8839899   -543400.0000000  -1869600.0000000  -540200.0000000  -1898400.0000000  
352     456     1200    144     8       71.9309407    -60.9860810   0.000   0.124   12.194  0.296   1      14.400  0.800   600     1208    71.6852689    -60.7148417   -543400.0000000  -1896800.0000000  -541800.0000000  -1925600.0000000  
353     600     1200    146     0       71.6813605    -60.7589473   5.625   0.227   23.005  0.569   3      14.600  0.000   746     1200    71.4282050    -60.5349947   -543400.0000000  -1925600.0000000  -543400.0000000  -1954800.0000000  
354     704     1200    158     -6      71.5010410    -60.5987808   5.625   0.092   7.900   0.233   1      15.800  -0.600  862     1194    71.2241367    -60.3937542   -543400.0000000  -1946400.0000000  -544600.0000000  -1978000.0000000  
355     1208    1208    171     -16     70.6302412    -59.8237106   5.625   0.129   10.298  0.331   2      17.100  -1.600  1379    1192    70.3260580    -59.6730810   -541800.0000000  -2047200.0000000  -545000.0000000  -2081400.0000000  
356     1336    1208    170     -19     70.4079832    -59.6485514   0.000   0.149   13.912  0.406   3      17.000  -1.900  1506    1189    70.1042339    -59.5189756   -541800.0000000  -2072800.0000000  -545600.0000000  -2106800.0000000  
357     112     1216    127     27      72.5348492    -61.4631595   0.000   0.130   10.754  0.363   2      12.700  2.700   239     1243    72.3284800    -61.0955362   -540200.0000000  -1828000.0000000  -534800.0000000  -1853400.0000000  
358     360     1216    144     16      72.1052605    -61.0509351   0.000   0.213   20.277  0.471   3      14.400  1.600   504     1232    71.8634820    -60.7316126   -540200.0000000  -1877600.0000000  -537000.0000000  -1906400.0000000  
359     392     1216    145     14      72.0498004    -60.9992045   0.000   0.152   14.518  0.377   2      14.500  1.400   537     1230    71.8052608    -60.6911158   -540200.0000000  -1884000.0000000  -537400.0000000  -1913000.0000000  
360     1280    1216    169     -19     70.5088712    -59.6830807   0.000   0.088   8.349   0.238   1      16.900  -1.900  1449    1197    70.2067948    -59.5536221   -540200.0000000  -2061600.0000000  -544000.0000000  -2095400.0000000  
361     1408    1216    178     -19     70.2865498    -59.5106358   0.000   0.125   11.704  0.307   2      17.800  -1.900  1586    1197    69.9689136    -59.3736018   -540200.0000000  -2087200.0000000  -544000.0000000  -2122800.0000000  
362     560     1224    147     3       71.7624403    -60.6885616   5.625   0.088   11.173  0.337   2      14.700  0.300   707     1227    71.5088461    -60.4466761   -538600.0000000  -1917600.0000000  -538000.0000000  -1947000.0000000  
363     512     1240    146     6       71.8535050    -60.6745428   0.000   0.187   17.554  0.396   2      14.600  0.600   658     1246    71.6030019    -60.4166642   -535400.0000000  -1908000.0000000  -534200.0000000  -1937200.0000000  
364     88      1248    126     26      72.5927238    -61.3190767   0.000   0.120   10.086  0.322   2      12.600  2.600   214     1274    72.3872846    -60.9593146   -533800.0000000  -1823200.0000000  -528600.0000000  -1848400.0000000  
365     1336    1248    179     -16     70.4260142    -59.4413649   0.000   0.106   9.372   0.229   1      17.900  -1.600  1515    1232    70.1077829    -59.2878697   -533800.0000000  -2072800.0000000  -537000.0000000  -2108600.0000000  
366     368     1256    146     16      72.1111880    -60.8124200   5.625   0.112   10.113  0.259   1      14.600  1.600   514     1272    71.8655258    -60.4931371   -532200.0000000  -1879200.0000000  -529000.0000000  -1908400.0000000  
367     432     1256    147     12      72.0001288    -60.7107426   0.000   0.106   10.424  0.345   2      14.700  1.200   579     1268    71.7507162    -60.4154722   -532200.0000000  -1892000.0000000  -529800.0000000  -1921400.0000000  
368     656     1256    153     -8      71.6112542    -60.3646994   5.625   0.134   14.233  0.491   3      15.300  -0.800  809     1248    71.3417444    -60.1801798   -532200.0000000  -1936800.0000000  -533800.0000000  -1967400.0000000  
369     1432    1256    181     -24     70.2626787    -59.2731452   11.250  0.106   8.984   0.281   1      18.100  -2.400  1613    1232    69.9374710    -59.1616003   -532200.0000000  -2092000.0000000  -537000.0000000  -2128200.0000000  
370     512     1272    148     5       71.8689992    -60.4962291   0.000   0.175   16.563  0.526   3      14.800  0.500   660     1277    71.6142880    -60.2431078   -529000.0000000  -1908000.0000000  -528000.0000000  -1937600.0000000  
371     976     1272    179     -25     71.0627235    -59.8097922   5.625   0.098   10.064  0.375   2      17.900  -2.500  1155    1247    70.7401504    -59.6923136   -529000.0000000  -2000800.0000000  -534000.0000000  -2036600.0000000  
372     1368    1272    180     -17     70.3810551    -59.2746021   0.000   0.118   10.398  0.396   2      18.000  -1.700  1548    1255    70.0605410    -59.1279860   -529000.0000000  -2079200.0000000  -532400.0000000  -2115200.0000000  
373     784     1280    165     -13     71.4001969    -60.0429369   5.625   0.186   17.152  0.452   3      16.500  -1.300  949     1267    71.1073551    -59.8749276   -527400.0000000  -1962400.0000000  -530000.0000000  -1995400.0000000  
374     936     1280    179     -23     71.1359470    -59.8236350   0.000   0.113   10.442  0.316   2      17.900  -2.300  1115    1257    70.8142284    -59.6948933   -527400.0000000  -1992800.0000000  -532000.0000000  -2028600.0000000  
375     744     1296    167     -10     71.4772063    -60.0142250   5.625   0.114   14.481  0.391   3      16.700  -1.000  911     1286    71.1821791    -59.8269553   -524200.0000000  -1954400.0000000  -526200.0000000  -1987800.0000000  
376     864     1296    179     -21     71.2685217    -59.8401705   5.625   0.152   16.775  0.429   3      17.900  -2.100  1043    1275    70.9476079    -59.6995881   -524200.0000000  -1978400.0000000  -528400.0000000  -2014200.0000000  
377     904     1296    178     -25     71.1989498    -59.7830257   5.625   0.150   14.982  0.469   3      17.800  -2.500  1082    1271    70.8779737    -59.6665434   -524200.0000000  -1986400.0000000  -529200.0000000  -2022000.0000000  
378     632     1312    159     -6      71.6794564    -60.0918833   11.250  0.136   12.893  0.279   1      15.900  -0.600  791     1306    71.4001111    -59.8910959   -521000.0000000  -1932000.0000000  -522200.0000000  -1963800.0000000  
379     816     1312    180     -16     71.3593890    -59.8223205   5.625   0.167   12.863  0.340   3      18.000  -1.600  996     1296    71.0389165    -59.6532119   -521000.0000000  -1968800.0000000  -524200.0000000  -2004800.0000000  
380     1200    1312    189     -14     70.6910996    -59.2890348   5.625   0.157   16.176  0.428   3      18.900  -1.400  1389    1298    70.3559589    -59.1125740   -521000.0000000  -2045600.0000000  -523800.0000000  -2083400.0000000  
381     432     1328    150     12      72.0348373    -60.3058424   5.625   0.146   13.675  0.328   2      15.000  1.200   582     1340    71.7795416    -60.0111708   -517800.0000000  -1892000.0000000  -515400.0000000  -1922000.0000000  
382     904     1328    182     -25     71.2135544    -59.6103058   5.625   0.194   19.889  0.488   3      18.200  -2.500  1086    1303    70.8854929    -59.4911946   -517800.0000000  -1986400.0000000  -522800.0000000  -2022800.0000000  
383     936     1344    183     -28     71.1650639    -59.4791632   5.625   0.201   19.729  0.673   3      18.300  -2.800  1119    1316    70.8338813    -59.3771831   -514600.0000000  -1992800.0000000  -520200.0000000  -2029400.0000000  
384     1080    1344    198     -3      70.9142489    -59.2813861   11.250  0.095   8.979   0.323   2      19.800  -0.300  1278    1341    70.5680098    -59.0336272   -514600.0000000  -2021600.0000000  -515200.0000000  -2061200.0000000  
385     624     1352    166     -6      71.7120104    -59.8822664   11.250  0.134   11.872  0.299   2      16.600  -0.600  790     1346    71.4202221    -59.6743127   -513000.0000000  -1930400.0000000  -514200.0000000  -1963600.0000000  
386     848     1352    184     -19     71.3219393    -59.5592169   5.625   0.160   15.160  0.434   3      18.400  -1.900  1032    1333    70.9929486    -59.4055087   -513000.0000000  -1975200.0000000  -516800.0000000  -2012000.0000000  
387     896     1368    186     -24     71.2455153    -59.4051448   5.625   0.217   23.323  0.541   3      18.600  -2.400  1082    1344    70.9107650    -59.2786764   -509800.0000000  -1984800.0000000  -514600.0000000  -2022000.0000000  
388     528     1384    163     2       71.8939938    -59.8459246   5.625   0.115   11.048  0.452   3      16.300  0.200   691     1386    71.6108826    -59.5966330   -506600.0000000  -1911200.0000000  -506200.0000000  -1943800.0000000  
389     936     1392    188     -28     71.1864628    -59.2201041   5.625   0.263   27.927  0.623   3      18.800  -2.800  1124    1364    70.8464005    -59.1158928   -505000.0000000  -1992800.0000000  -510600.0000000  -2030400.0000000  
390     1024    1392    203     4       71.0330072    -59.1006011   0.000   0.160   15.308  0.299   1      20.300  0.400   1227    1396    70.6806818    -58.8112250   -505000.0000000  -2010400.0000000  -504200.0000000  -2051000.0000000  
391     1136    1400    206     -7      70.8411418    -58.9088401   5.625   0.105   10.057  0.288   2      20.600  -0.700  1342    1393    70.4788035    -58.6794841   -503400.0000000  -2032800.0000000  -504800.0000000  -2074000.0000000  
392     488     1408    163     3       71.9747563    -59.7705292   11.250  0.114   11.289  0.370   2      16.300  0.300   651     1411    71.6919327    -59.5157588   -501800.0000000  -1903200.0000000  -501200.0000000  -1935800.0000000  
393     720     1408    190     -14     71.5702549    -59.4338464   5.625   0.119   12.017  0.350   2      19.000  -1.400  910     1394    71.2326846    -59.2449605   -501800.0000000  -1949600.0000000  -504600.0000000  -1987600.0000000  
394     1056    1408    211     -2      70.9841678    -58.9720540   11.250  0.167   16.441  0.384   3      21.100  -0.200  1267    1406    70.6151708    -58.7070891   -501800.0000000  -2016800.0000000  -502200.0000000  -2059000.0000000  
395     1272    1416    214     -7      70.6106925    -58.6481679   16.875  0.131   12.699  0.305   1      21.400  -0.700  1486    1409    70.2342977    -58.4165619   -500200.0000000  -2060000.0000000  -501600.0000000  -2102800.0000000  
396     520     1432    170     1       71.9299191    -59.5883798   11.250  0.100   9.237   0.315   2      17.000  0.100   690     1433    71.6337739    -59.3382641   -497000.0000000  -1909600.0000000  -496800.0000000  -1943600.0000000  
397     992     1432    216     9       71.1062579    -58.9285574   11.250  0.203   19.879  0.504   3      21.600  0.900   1208    1441    70.7329941    -58.5981544   -497000.0000000  -2004000.0000000  -495200.0000000  -2047200.0000000  
398     1304    1432    218     -17     70.5615844    -58.5236252   16.875  0.160   13.651  0.349   3      21.800  -1.700  1522    1415    70.1739638    -58.3415812   -497000.0000000  -2066400.0000000  -500400.0000000  -2110000.0000000  
399     800     1440    195     -20     71.4448969    -59.1459292   5.625   0.084   8.018   0.209   1      19.500  -2.000  995     1420    71.0958162    -58.9891573   -495400.0000000  -1965600.0000000  -499400.0000000  -2004600.0000000  
400     1064    1440    217     -5      70.9840072    -58.7901854   11.250  0.158   12.704  0.346   2      21.700  -0.500  1281    1435    70.6030013    -58.5369265   -495400.0000000  -2018400.0000000  -496400.0000000  -2061800.0000000  
401     728     1448    197     -13     71.5741095    -59.2019455   5.625   0.147   12.670  0.408   2      19.700  -1.300  925     1435    71.2245134    -59.0023759   -493800.0000000  -1951200.0000000  -496400.0000000  -1990600.0000000  
402     1016    1472    224     2       71.0815085    -58.6813505   11.250  0.106   9.896   0.288   1      22.400  0.200   1240    1474    70.6909239    -58.3831933   -489000.0000000  -2008800.0000000  -488600.0000000  -2053600.0000000  
403     792     1488    203     -22     71.4798030    -58.8933786   5.625   0.103   9.569   0.299   1      20.300  -2.200  995     1466    71.1156411    -58.7413027   -485800.0000000  -1964000.0000000  -490200.0000000  -2004600.0000000  
404     1048    1504    231     -5      71.0390789    -58.4675562   11.250  0.127   10.694  0.326   2      23.100  -0.500  1279    1499    70.6330745    -58.2027134   -482600.0000000  -2015200.0000000  -483600.0000000  -2061400.0000000  
405     760     1512    208     -20     71.5460861    -58.8046185   11.250  0.131   13.960  0.283   2      20.800  -2.000  968     1492    71.1738916    -58.6363454   -481000.0000000  -1957600.0000000  -485000.0000000  -1999200.0000000  
406     880     1520    212     -28     71.3396308    -58.6000138   11.250  0.080   7.080   0.250   1      21.200  -2.800  1092    1492    70.9571220    -58.4753891   -479400.0000000  -1981600.0000000  -485000.0000000  -2024000.0000000  
407     816     1528    213     -21     71.4549752    -58.6411537   11.250  0.128   12.100  0.393   2      21.300  -2.100  1029    1507    71.0735612    -58.4759081   -477800.0000000  -1968800.0000000  -482000.0000000  -2011400.0000000  
408     784     1544    216     -21     71.5177485    -58.5957378   11.250  0.100   10.839  0.392   2      21.600  -2.100  1000    1523    71.1309783    -58.4269950   -474600.0000000  -1962400.0000000  -478800.0000000  -2005600.0000000  
409     528     1568    214     -3      71.9760752    -58.8102982   11.250  0.093   8.493   0.214   1      21.400  -0.300  742     1565    71.6001373    -58.5356511   -469800.0000000  -1911200.0000000  -470400.0000000  -1954000.0000000  
410     584     1568    214     -14     71.8780382    -58.7328934   11.250  0.212   20.282  0.530   3      21.400  -1.400  798     1554    71.4974659    -58.5219745   -469800.0000000  -1922400.0000000  -472600.0000000  -1965200.0000000  
411     768     1624    230     -19     71.5791234    -58.1743231   5.625   0.107   10.424  0.289   1      23.000  -1.900  998     1605    71.1681758    -57.9854344   -458600.0000000  -1959200.0000000  -462400.0000000  -2005200.0000000  
412     840     1632    248     -15     71.4561311    -58.0374384   11.250  0.099   9.162   0.220   1      24.800  -1.500  1088    1617    71.0152227    -57.8091621   -457000.0000000  -1973600.0000000  -460000.0000000  -2023200.0000000  
413     720     1640    235     -23     71.6698624    -58.1477713   16.875  0.125   10.817  0.288   1      23.500  -2.300  955     1617    71.2484030    -57.9740760   -455400.0000000  -1949600.0000000  -460000.0000000  -1996600.0000000  
414     816     1664    255     -10     71.5111620    -57.8912786   11.250  0.179   16.891  0.331   2      25.500  -1.000  1071    1654    71.0596888    -57.6302883   -450600.0000000  -1968800.0000000  -452600.0000000  -2019800.0000000  
415     864     1664    254     -20     71.4269179    -57.8308001   11.250  0.172   17.130  0.401   2      25.400  -2.000  1118    1644    70.9732967    -57.6274286   -450600.0000000  -1978400.0000000  -454600.0000000  -2029200.0000000  
