CP      startX  startY  dispX   dispY   sLat          sLon          theta   pCorr   pkStr   cCorr   conf   velX    velY    endX    endY    eLat          eLon          nps_startX    nps_startY    nps_endX      nps_endY      
0       688     184     0       0       74.9483299    -19.4633364   0.000   0.193   19.052  0.298   1      0.000   0.000   688     184     74.9483299    -19.4633364   706800.0000000  -1479400.0000000  706800.0000000  -1479400.0000000  
1       784     192     1       -1      74.7846792    -19.6995305   0.000   0.202   18.975  0.300   1      0.200   -0.200  785     191     74.7838137    -19.7087343   708400.0000000  -1498600.0000000  708200.0000000  -1498800.0000000  
2       704     216     0       0       74.8970153    -19.3102675   0.000   0.243   24.884  0.467   3      0.000   0.000   704     216     74.8970153    -19.3102675   713200.0000000  -1482600.0000000  713200.0000000  -1482600.0000000  
3       1248    240     0       0       73.9842302    -20.7162907   0.000   0.210   20.966  0.378   2      0.000   0.000   1248    240     73.9842302    -20.7162907   718000.0000000  -1591400.0000000  718000.0000000  -1591400.0000000  
4       1192    248     0       0       74.0706671    -20.5161734   0.000   0.185   18.721  0.381   2      0.000   0.000   1192    248     74.0706671    -20.5161734   719600.0000000  -1580200.0000000  719600.0000000  -1580200.0000000  
5       744     264     0       0       74.7937280    -19.1310026   0.000   0.231   23.018  0.403   3      0.000   0.000   744     264     74.7937280    -19.1310026   722800.0000000  -1490600.0000000  722800.0000000  -1490600.0000000  
6       784     272     0       0       74.7220539    -19.2015975   0.000   0.407   45.339  0.649   3      0.000   0.000   784     272     74.7220539    -19.2015975   724400.0000000  -1498600.0000000  724400.0000000  -1498600.0000000  
7       1176    280     0       0       74.0728882    -20.2801798   0.000   0.272   29.341  0.686   3      0.000   0.000   1176    280     74.0728882    -20.2801798   726000.0000000  -1577000.0000000  726000.0000000  -1577000.0000000  
8       1248    280     0       0       73.9542886    -20.4774294   0.000   0.203   19.963  0.370   2      0.000   0.000   1248    280     73.9542886    -20.4774294   726000.0000000  -1591400.0000000  726000.0000000  -1591400.0000000  
9       1576    280     0       0       73.4121480    -21.3397927   0.000   0.183   20.447  0.381   2      0.000   0.000   1576    280     73.4121480    -21.3397927   726000.0000000  -1657000.0000000  726000.0000000  -1657000.0000000  
10      640     288     0       0       74.9441131    -18.6630558   0.000   0.243   25.064  0.357   2      0.000   0.000   640     288     74.9441131    -18.6630558   727600.0000000  -1469800.0000000  727600.0000000  -1469800.0000000  
11      1088    296     1       0       74.2053666    -19.9384689   0.000   0.121   11.731  0.329   2      0.200   0.000   1089    296     74.2037244    -19.9412883   729200.0000000  -1559400.0000000  729200.0000000  -1559600.0000000  
12      1144    296     0       1       74.1133598    -20.0954456   0.000   0.227   24.022  0.555   3      0.000   0.200   1144    297     74.1125965    -20.0894436   729200.0000000  -1570600.0000000  729400.0000000  -1570600.0000000  
13      1760    312     0       0       73.0839170    -21.6163194   0.000   0.161   17.380  0.361   2      0.000   0.000   1760    312     73.0839170    -21.6163194   732400.0000000  -1693800.0000000  732400.0000000  -1693800.0000000  
14      632     320     0       0       74.9312384    -18.4380709   0.000   0.214   21.344  0.341   2      0.000   0.000   632     320     74.9312384    -18.4380709   734000.0000000  -1468200.0000000  734000.0000000  -1468200.0000000  
15      664     320     0       0       74.8792473    -18.5376182   0.000   0.164   16.527  0.450   3      0.000   0.000   664     320     74.8792473    -18.5376182   734000.0000000  -1474600.0000000  734000.0000000  -1474600.0000000  
16      1576    320     0       0       73.3829707    -21.1081316   0.000   0.284   29.836  0.533   3      0.000   0.000   1576    320     73.3829707    -21.1081316   734000.0000000  -1657000.0000000  734000.0000000  -1657000.0000000  
17      1608    320     0       0       73.3300236    -21.1898165   0.000   0.281   29.033  0.590   3      0.000   0.000   1608    320     73.3300236    -21.1898165   734000.0000000  -1663400.0000000  734000.0000000  -1663400.0000000  
18      1080    328     1       -1      74.1938213    -19.7231132   0.000   0.182   16.228  0.471   3      0.200   -0.200  1081    327     74.1929560    -19.7319677   735600.0000000  -1557800.0000000  735400.0000000  -1558000.0000000  
19      1128    328     0       1       74.1151049    -19.8587601   0.000   0.227   23.822  0.569   3      0.000   0.200   1128    329     74.1143348    -19.8527691   735600.0000000  -1567400.0000000  735800.0000000  -1567400.0000000  
20      1768    344     12      -8      73.0476159    -21.4539989   0.000   0.223   19.895  0.412   3      2.400   -1.600  1780    336     73.0334926    -21.5290816   738800.0000000  -1695400.0000000  737200.0000000  -1697800.0000000  
21      696     352     0       0       74.8013318    -18.4380439   0.000   0.202   19.830  0.465   3      0.000   0.000   696     352     74.8013318    -18.4380439   740400.0000000  -1481000.0000000  740400.0000000  -1481000.0000000  
22      608     360     0       0       74.9374999    -18.1132413   0.000   0.183   17.946  0.479   3      0.000   0.000   608     360     74.9374999    -18.1132413   742000.0000000  -1463400.0000000  742000.0000000  -1463400.0000000  
23      1552    360     0       0       73.3931470    -20.8152388   0.000   0.297   30.417  0.524   3      0.000   0.000   1552    360     73.3931470    -20.8152388   742000.0000000  -1652200.0000000  742000.0000000  -1652200.0000000  
24      664     368     0       0       74.8402126    -18.2394538   0.000   0.166   15.846  0.388   2      0.000   0.000   664     368     74.8402126    -18.2394538   743600.0000000  -1474600.0000000  743600.0000000  -1474600.0000000  
25      1072    368     0       0       74.1758095    -19.4601010   0.000   0.220   21.723  0.485   3      0.000   0.000   1072    368     74.1758095    -19.4601010   743600.0000000  -1556200.0000000  743600.0000000  -1556200.0000000  
26      1104    368     0       0       74.1234561    -19.5514591   0.000   0.381   41.119  0.688   3      0.000   0.000   1104    368     74.1234561    -19.5514591   743600.0000000  -1562600.0000000  743600.0000000  -1562600.0000000  
27      1192    368     0       1       73.9793144    -19.7995748   0.000   0.318   33.789  0.642   3      0.000   0.200   1192    369     73.9785429    -19.7936381   743600.0000000  -1580200.0000000  743800.0000000  -1580200.0000000  
28      1288    368     1       0       73.8217930    -20.0651364   0.000   0.171   17.626  0.341   2      0.200   0.000   1289    368     73.8201506    -20.0678751   743600.0000000  -1599400.0000000  743600.0000000  -1599600.0000000  
29      1320    368     1       -1      73.7692237    -20.1524963   0.000   0.158   15.520  0.434   3      0.200   -0.200  1321    367     73.7683412    -20.1610930   743600.0000000  -1605800.0000000  743400.0000000  -1606000.0000000  
30      1352    368     0       0       73.7166241    -20.2392847   0.000   0.179   17.642  0.414   3      0.000   0.000   1352    368     73.7166241    -20.2392847   743600.0000000  -1612200.0000000  743600.0000000  -1612200.0000000  
31      1776    376     12      -8      73.0111844    -21.2923832   0.000   0.169   18.645  0.409   3      2.400   -1.600  1788    368     72.9971243    -21.3674387   745200.0000000  -1697000.0000000  743600.0000000  -1699400.0000000  
32      1848    376     8       -5      72.8919609    -21.4701026   0.000   0.222   21.307  0.460   3      1.600   -1.000  1856    371     72.8823082    -21.5178252   745200.0000000  -1711400.0000000  744200.0000000  -1713000.0000000  
33      704     384     0       0       74.7623011    -18.2651612   0.000   0.284   29.440  0.531   3      0.000   0.000   704     384     74.7623011    -18.2651612   746800.0000000  -1482600.0000000  746800.0000000  -1482600.0000000  
34      1152    384     0       1       74.0324460    -19.5921332   0.000   0.211   21.669  0.482   3      0.000   0.200   1152    385     74.0316684    -19.5861867   746800.0000000  -1572200.0000000  747000.0000000  -1572200.0000000  
35      1384    384     -1      1       73.6518804    -20.2320431   0.000   0.178   18.016  0.417   3      -0.200  0.200   1383    385     73.6527656    -20.2235124   746800.0000000  -1618600.0000000  747000.0000000  -1618400.0000000  
36      1592    384     4       -8      73.3093452    -20.7805781   0.000   0.109   9.978   0.254   1      0.800   -1.600  1596    376     73.3086751    -20.8368306   746800.0000000  -1660200.0000000  745200.0000000  -1661000.0000000  
37      1672    384     1       0       73.1772873    -20.9855191   0.000   0.116   10.741  0.328   2      0.200   0.000   1673    384     73.1756355    -20.9880602   746800.0000000  -1676200.0000000  746800.0000000  -1676400.0000000  
38      1992    384     0       1       72.6474531    -21.7735995   0.000   0.126   12.250  0.373   2      0.000   0.200   1992    385     72.6467409    -21.7680389   746800.0000000  -1740200.0000000  747000.0000000  -1740200.0000000  
39      584     392     0       0       74.9499194    -17.8378789   0.000   0.181   18.306  0.352   2      0.000   0.000   584     392     74.9499194    -17.8378789   748400.0000000  -1458600.0000000  748400.0000000  -1458600.0000000  
40      960     392     0       0       74.3397435    -18.9904723   0.000   0.233   23.413  0.465   3      0.000   0.000   960     392     74.3397435    -18.9904723   748400.0000000  -1533800.0000000  748400.0000000  -1533800.0000000  
41      992     392     0       -1      74.2875760    -19.0843769   0.000   0.182   17.939  0.451   3      0.000   -0.200  992     391     74.2883683    -19.0903962   748400.0000000  -1540200.0000000  748200.0000000  -1540200.0000000  
42      1416    392     -1      1       73.5932097    -20.2713843   0.000   0.189   17.931  0.357   2      -0.200  0.200   1415    393     73.5940964    -20.2628866   748400.0000000  -1625000.0000000  748600.0000000  -1624800.0000000  
43      1736    392     20      -11     73.0656677    -21.1017517   0.000   0.141   12.677  0.245   1      4.000   -2.200  1756    381     73.0406362    -21.2142231   748400.0000000  -1689000.0000000  746200.0000000  -1693000.0000000  
44      2040    392     0       0       72.5620955    -21.8433126   0.000   0.208   20.501  0.336   2      0.000   0.000   2040    392     72.5620955    -21.8433126   748400.0000000  -1749800.0000000  748400.0000000  -1749800.0000000  
45      672     400     0       1       74.8010214    -18.0666416   0.000   0.137   12.878  0.502   3      0.000   0.200   672     401     74.8001991    -18.0604719   750000.0000000  -1476200.0000000  750200.0000000  -1476200.0000000  
46      1040    400     0       0       74.2029473    -19.1761091   0.000   0.249   25.097  0.536   3      0.000   0.000   1040    400     74.2029473    -19.1761091   750000.0000000  -1549800.0000000  750000.0000000  -1549800.0000000  
47      1920    400     0       0       72.7553803    -21.5111468   0.000   0.183   17.629  0.434   3      0.000   0.000   1920    400     72.7553803    -21.5111468   750000.0000000  -1725800.0000000  750000.0000000  -1725800.0000000  
48      920     408     0       0       74.3921023    -18.7754172   0.000   0.332   35.548  0.642   3      0.000   0.000   920     408     74.3921023    -18.7754172   751600.0000000  -1525800.0000000  751600.0000000  -1525800.0000000  
49      728     416     0       0       74.6972373    -18.1429396   0.000   0.153   14.910  0.213   1      0.000   0.000   728     416     74.6972373    -18.1429396   753200.0000000  -1487400.0000000  753200.0000000  -1487400.0000000  
50      1072    416     0       0       74.1381024    -19.1730417   0.000   0.351   37.449  0.599   3      0.000   0.000   1072    416     74.1381024    -19.1730417   753200.0000000  -1556200.0000000  753200.0000000  -1556200.0000000  
51      1120    416     0       1       74.0597548    -19.3109538   0.000   0.276   29.383  0.492   3      0.000   0.200   1120    417     74.0589692    -19.3050109   753200.0000000  -1565800.0000000  753400.0000000  -1565800.0000000  
52      1952    416     0       0       72.6908515    -21.4994992   0.000   0.303   30.598  0.610   3      0.000   0.000   1952    416     72.6908515    -21.4994992   753200.0000000  -1732200.0000000  753200.0000000  -1732200.0000000  
53      952     424     0       0       74.3272247    -18.7739909   0.000   0.247   25.938  0.577   3      0.000   0.000   952     424     74.3272247    -18.7739909   754800.0000000  -1532200.0000000  754800.0000000  -1532200.0000000  
54      984     424     0       0       74.2751549    -18.8685464   0.000   0.235   24.680  0.593   3      0.000   0.000   984     424     74.2751549    -18.8685464   754800.0000000  -1538600.0000000  754800.0000000  -1538600.0000000  
55      1288    424     1       0       73.7787723    -19.7361114   0.000   0.217   21.617  0.435   3      0.200   0.000   1289    424     73.7771346    -19.7388765   754800.0000000  -1599400.0000000  754800.0000000  -1599600.0000000  
56      1328    424     0       0       73.7132385    -19.8462734   0.000   0.253   26.049  0.447   3      0.000   0.000   1328    424     73.7132385    -19.8462734   754800.0000000  -1607400.0000000  754800.0000000  -1607400.0000000  
57      1368    424     -1      1       73.6476561    -19.9555405   0.000   0.207   21.967  0.415   3      -0.200  0.200   1367    425     73.6485297    -19.9469970   754800.0000000  -1615400.0000000  755000.0000000  -1615200.0000000  
58      1432    424     -1      1       73.5426250    -20.1285319   0.000   0.193   19.171  0.526   3      -0.200  0.200   1431    425     73.5435057    -20.1200529   754800.0000000  -1628200.0000000  755000.0000000  -1628000.0000000  
59      1464    424     0       0       73.4900645    -20.2141909   0.000   0.165   16.768  0.435   3      0.000   0.000   1464    424     73.4900645    -20.2141909   754800.0000000  -1634600.0000000  754800.0000000  -1634600.0000000  
60      1992    424     0       1       72.6188385    -21.5515368   0.000   0.235   23.625  0.491   3      0.000   0.200   1992    425     72.6181199    -21.5459947   754800.0000000  -1740200.0000000  755000.0000000  -1740200.0000000  
61      2080    424     0       0       72.4729672    -21.7612958   0.000   0.292   30.938  0.524   3      0.000   0.000   2080    424     72.4729672    -21.7612958   754800.0000000  -1757800.0000000  754800.0000000  -1757800.0000000  
62      2168    424     0       0       72.3269235    -21.9675380   0.000   0.219   23.374  0.416   3      0.000   0.000   2168    424     72.3269235    -21.9675380   754800.0000000  -1775400.0000000  754800.0000000  -1775400.0000000  
63      1152    432     0       1       73.9949338    -19.3073612   0.000   0.272   28.508  0.465   3      0.000   0.200   1152    433     73.9941482    -19.3014429   756400.0000000  -1572200.0000000  756600.0000000  -1572200.0000000  
64      1016    440     0       0       74.2102956    -18.8667436   0.000   0.242   25.014  0.454   3      0.000   0.000   1016    440     74.2102956    -18.8667436   758000.0000000  -1545000.0000000  758000.0000000  -1545000.0000000  
65      1200    440     0       0       73.9102675    -19.3962168   0.000   0.317   32.386  0.562   3      0.000   0.000   1200    440     73.9102675    -19.3962168   758000.0000000  -1581800.0000000  758000.0000000  -1581800.0000000  
66      1232    440     1       0       73.8579750    -19.4862631   0.000   0.212   21.447  0.506   3      0.200   0.000   1233    440     73.8563403    -19.4890676   758000.0000000  -1588200.0000000  758000.0000000  -1588400.0000000  
67      2032    440     0       0       72.5410844    -21.5589835   0.000   0.262   26.616  0.413   3      0.000   0.000   2032    440     72.5410844    -21.5589835   758000.0000000  -1748200.0000000  758000.0000000  -1748200.0000000  
68      2128    440     0       0       72.3819671    -21.7865435   0.000   0.149   14.140  0.298   1      0.000   0.000   2128    440     72.3819671    -21.7865435   758000.0000000  -1767400.0000000  758000.0000000  -1767400.0000000  
69      888     448     0       0       74.4118401    -18.4379657   0.000   0.182   17.137  0.437   3      0.000   0.000   888     448     74.4118401    -18.4379657   759600.0000000  -1519400.0000000  759600.0000000  -1519400.0000000  
70      960     456     0       1       74.2885044    -18.6055427   0.000   0.224   22.166  0.513   3      0.000   0.200   960     457     74.2876983    -18.5995484   761200.0000000  -1533800.0000000  761400.0000000  -1533800.0000000  
71      1616    456     59      -17     73.2160277    -20.4312022   5.625   0.158   15.183  0.247   1      11.800  -3.400  1675    439     73.1316230    -20.6802549   761200.0000000  -1665000.0000000  757800.0000000  -1676800.0000000  
72      2096    456     0       0       72.4235915    -21.6233730   0.000   0.199   20.137  0.319   2      0.000   0.000   2096    456     72.4235915    -21.6233730   761200.0000000  -1761000.0000000  761200.0000000  -1761000.0000000  
73      1584    464     60      -14     73.2626044    -20.3020177   5.625   0.244   24.197  0.394   2      12.000  -2.800  1644    450     73.1744601    -20.5379599   762800.0000000  -1658600.0000000  760000.0000000  -1670600.0000000  
74      1824    472     59      0       72.8615488    -20.8720049   354.375  0.133   12.277  0.353   2      11.800  0.000   1883    472     72.7642136    -21.0189519   764400.0000000  -1706600.0000000  764400.0000000  -1718400.0000000  
75      1360    480     78      -17     73.6175649    -19.6083612   5.625   0.145   14.083  0.374   2      15.600  -3.400  1438    463     73.5029783    -19.9192291   766000.0000000  -1613800.0000000  762600.0000000  -1629400.0000000  
76      1720    496     63      -8      73.0149439    -20.4736451   354.375  0.268   25.718  0.524   3      12.600  -1.600  1783    488     72.9172489    -20.6791830   769200.0000000  -1685800.0000000  767600.0000000  -1698400.0000000  
77      1960    504     39      -1      72.6136606    -21.0313790   16.875  0.095   10.196  0.281   3      7.800   -0.200  1999    503     72.5500223    -21.1322056   770800.0000000  -1733800.0000000  770600.0000000  -1741600.0000000  
78      1056    512     85      8       74.0874940    -18.5560876   0.000   0.114   10.697  0.284   1      17.000  1.600   1141    520     73.9430393    -18.7569963   772400.0000000  -1553000.0000000  774000.0000000  -1570000.0000000  
79      1256    512     85      -7      73.7622764    -19.1325843   5.625   0.174   18.646  0.503   3      17.000  -1.400  1341    505     73.6291353    -19.4110791   772400.0000000  -1593000.0000000  771000.0000000  -1610000.0000000  
80      1544    512     65      -11     73.2916982    -19.9227068   5.625   0.282   31.052  0.555   3      13.000  -2.200  1609    501     73.1935148    -20.1571907   772400.0000000  -1650600.0000000  770200.0000000  -1663600.0000000  
81      1288    520     85      -9      73.7038134    -19.1761990   5.625   0.173   16.497  0.416   3      17.000  -1.800  1373    511     73.5721934    -19.4648744   774000.0000000  -1599400.0000000  772200.0000000  -1616400.0000000  
82      1328    520     84      -14     73.6385955    -19.2881171   5.625   0.156   15.553  0.423   3      16.800  -2.800  1412    506     73.5123568    -19.6007733   774000.0000000  -1607400.0000000  771200.0000000  -1624200.0000000  
83      1424    520     74      -8      73.4818664    -19.5530648   5.625   0.162   16.648  0.445   3      14.800  -1.600  1498    512     73.3670291    -19.7995488   774000.0000000  -1626600.0000000  772400.0000000  -1641400.0000000  
84      1624    520     67      -16     73.1544543    -20.0889690   0.000   0.183   16.609  0.365   2      13.400  -3.200  1691    504     73.0565963    -20.3538921   774000.0000000  -1666600.0000000  770800.0000000  -1680000.0000000  
85      2112    520     14      -5      72.3510030    -21.3117005   5.625   0.130   11.877  0.314   2      2.800   -1.000  2126    515     72.3314843    -21.3723233   774000.0000000  -1764200.0000000  773000.0000000  -1767000.0000000  
86      1456    528     67      -4      73.4233553    -19.5944290   5.625   0.240   24.186  0.438   3      13.400  -0.800  1523    524     73.3168647    -19.7982060   775600.0000000  -1633000.0000000  774800.0000000  -1646400.0000000  
87      1664    528     66      -15     73.0827603    -20.1485328   0.000   0.162   15.735  0.317   2      13.200  -3.000  1730    513     72.9857320    -20.4037936   775600.0000000  -1674600.0000000  772600.0000000  -1687800.0000000  
88      1088    536     85      6       74.0162007    -18.5084803   0.000   0.203   19.910  0.411   3      17.000  1.200   1173    542     73.8734207    -18.7206092   777200.0000000  -1559400.0000000  778400.0000000  -1576400.0000000  
89      1392    536     75      -9      73.5216379    -19.3732516   0.000   0.173   17.427  0.334   2      15.000  -1.800  1467    527     73.4061502    -19.6300308   777200.0000000  -1620200.0000000  775400.0000000  -1635200.0000000  
90      1488    536     68      -7      73.3648440    -19.6354983   5.625   0.256   26.491  0.519   3      13.600  -1.400  1556    529     73.2589964    -19.8579968   777200.0000000  -1639400.0000000  775800.0000000  -1653000.0000000  
91      1576    536     67      -14     73.2208727    -19.8715237   5.625   0.227   24.075  0.534   3      13.400  -2.800  1643    522     73.1217694    -20.1274887   777200.0000000  -1657000.0000000  774400.0000000  -1670400.0000000  
92      1184    544     89      -2      73.8539507    -18.7406399   5.625   0.198   19.323  0.466   3      17.800  -0.400  1273    542     73.7108382    -19.0062718   778800.0000000  -1578600.0000000  778400.0000000  -1596400.0000000  
93      2024    544     25      6       72.4787309    -20.9681523   16.875  0.168   15.881  0.402   3      5.000   1.200   2049    550     72.4331051    -20.9962483   778800.0000000  -1746600.0000000  780000.0000000  -1751600.0000000  
94      1232    552     89      -5      73.7695594    -18.8317036   5.625   0.251   22.920  0.508   3      17.800  -1.000  1321    547     73.6287313    -19.1124642   780400.0000000  -1588200.0000000  779400.0000000  -1606000.0000000  
95      1776    552     66      5       72.8807832    -20.3037007   354.375  0.278   28.802  0.649   3      13.200  1.000   1842    557     72.7686226    -20.4440726   780400.0000000  -1697000.0000000  781400.0000000  -1710200.0000000  
96      1264    560     89      -8      73.7111602    -18.8764315   5.625   0.178   19.049  0.466   3      17.800  -1.600  1353    552     73.5726578    -19.1730639   782000.0000000  -1594600.0000000  780400.0000000  -1612400.0000000  
97      1880    560     62      12      72.7039233    -20.5233849   11.250  0.143   12.067  0.303   2      12.400  2.400   1942    572     72.5930215    -20.6124569   782000.0000000  -1717800.0000000  784400.0000000  -1730200.0000000  
98      1112    568     86      4       73.9513871    -18.3910104   5.625   0.115   10.296  0.304   2      17.200  0.800   1198    572     73.8087372    -18.6178441   783600.0000000  -1564200.0000000  784400.0000000  -1581400.0000000  
99      1144    568     89      1       73.8995355    -18.4845834   0.000   0.156   14.752  0.298   1      17.800  0.200   1233    569     73.7543353    -18.7358480   783600.0000000  -1570600.0000000  783800.0000000  -1588400.0000000  
100     1536    568     70      -11     73.2615836    -19.5830690   5.625   0.139   14.156  0.240   1      14.000  -2.200  1606    557     73.1556268    -19.8324019   783600.0000000  -1649000.0000000  781400.0000000  -1663000.0000000  
101     1080    576     87      5       73.9966836    -18.2498780   0.000   0.139   13.543  0.248   1      17.400  1.000   1167    581     73.8517435    -18.4757018   785200.0000000  -1557800.0000000  786200.0000000  -1575200.0000000  
102     1344    576     86      -3      73.5683300    -19.0098323   0.000   0.162   14.946  0.317   2      17.200  -0.600  1430    573     73.4306491    -19.2659219   785200.0000000  -1610600.0000000  784600.0000000  -1627800.0000000  
103     1496    576     71      -8      73.3206626    -19.4294108   0.000   0.146   14.281  0.281   1      14.200  -1.600  1567    568     73.2109275    -19.6663246   785200.0000000  -1641000.0000000  783600.0000000  -1655200.0000000  
104     1944    576     36      24      72.5867496    -20.5954690   11.250  0.160   18.237  0.479   3      7.200   4.800   1980    600     72.5096542    -20.5535612   785200.0000000  -1730600.0000000  790000.0000000  -1737800.0000000  
105     1296    592     86      -2      73.6336119    -18.7824180   0.000   0.182   18.114  0.399   2      17.200  -0.400  1382    590     73.4954050    -19.0357324   788400.0000000  -1601000.0000000  788000.0000000  -1618200.0000000  
106     1752    592     61      2       72.8897771    -20.0190765   354.375  0.147   14.618  0.336   2      12.200  0.400   1813    594     72.7882941    -20.1651985   788400.0000000  -1692200.0000000  788800.0000000  -1704400.0000000  
107     1112    600     88      3       73.9253368    -18.2039187   0.000   0.144   12.740  0.321   2      17.600  0.600   1200    603     73.7804717    -18.4436427   790000.0000000  -1564200.0000000  790600.0000000  -1581800.0000000  
108     1384    600     85      -4      73.4842214    -18.9841019   0.000   0.114   10.362  0.270   1      17.000  -0.800  1469    596     73.3490177    -19.2420372   790000.0000000  -1618600.0000000  789200.0000000  -1635600.0000000  
109     1984    600     46      14      72.5030804    -20.5634944   11.250  0.185   17.364  0.300   1      9.200   2.800   2030    614     72.4170304    -20.6010125   790000.0000000  -1738600.0000000  792800.0000000  -1747800.0000000  
110     1080    608     87      4       73.9705028    -18.0624846   0.000   0.179   17.196  0.391   2      17.400  0.800   1167    612     73.8265903    -18.2954443   791600.0000000  -1557800.0000000  792400.0000000  -1575200.0000000  
111     1184    608     87      1       73.8023284    -18.3682044   0.000   0.233   24.433  0.529   3      17.400  0.200   1271    609     73.6605484    -18.6132874   791600.0000000  -1578600.0000000  791800.0000000  -1596000.0000000  
112     1224    608     87      1       73.7375444    -18.4840826   0.000   0.155   15.200  0.284   1      17.400  0.200   1311    609     73.5956491    -18.7271694   791600.0000000  -1586600.0000000  791800.0000000  -1604000.0000000  
113     1424    608     86      -4      73.4128153    -19.0496990   5.625   0.099   11.447  0.318   2      17.200  -0.800  1510    604     73.2759222    -19.3087035   791600.0000000  -1626600.0000000  790800.0000000  -1643800.0000000  
114     1720    608     61      -2      72.9299072    -19.8466891   354.375  0.147   14.507  0.278   1      12.200  -0.400  1781    606     72.8315972    -20.0163660   791600.0000000  -1685800.0000000  791200.0000000  -1698000.0000000  
115     1352    616     86      -3      73.5234832    -18.8028826   0.000   0.201   20.056  0.490   3      17.200  -0.600  1438    613     73.3860804    -19.0600100   793200.0000000  -1612200.0000000  792600.0000000  -1629400.0000000  
116     1760    632     56      2       72.8460467    -19.8177763   343.125  0.157   15.927  0.467   3      11.200  0.400   1816    634     72.7529095    -19.9518402   796400.0000000  -1693800.0000000  796800.0000000  -1705000.0000000  
117     1792    632     55      10      72.7937100    -19.9008809   343.125  0.166   15.374  0.328   2      11.000  2.000   1847    642     72.6960612    -19.9875059   796400.0000000  -1700200.0000000  798400.0000000  -1711200.0000000  
118     936     640     86      -10     74.1759525    -17.4395051   354.375  0.186   18.805  0.450   3      17.200  -2.000  1022    630     74.0459146    -17.7601146   798000.0000000  -1529000.0000000  796000.0000000  -1546200.0000000  
119     1296    640     87      -2      73.5950375    -18.5065685   0.000   0.211   20.983  0.436   3      17.400  -0.400  1383    638     73.4555661    -18.7644272   798000.0000000  -1601000.0000000  797600.0000000  -1618400.0000000  
120     1080    648     88      3       73.9375419    -17.8291159   0.000   0.221   22.182  0.442   3      17.600  0.600   1168    651     73.7931099    -18.0724139   799600.0000000  -1557800.0000000  800200.0000000  -1575400.0000000  
121     1216    648     87      1       73.7180127    -18.2299920   0.000   0.174   18.792  0.391   2      17.400  0.200   1303    649     73.5764276    -18.4750098   799600.0000000  -1585000.0000000  799800.0000000  -1602400.0000000  
122     1264    648     88      -1      73.6403750    -18.3688737   0.000   0.176   18.590  0.387   2      17.600  -0.200  1352    647     73.4986381    -18.6257537   799600.0000000  -1594600.0000000  799400.0000000  -1612200.0000000  
123     1472    648     89      -6      73.3030459    -18.9555494   0.000   0.208   21.926  0.470   3      17.800  -1.200  1561    642     73.1630004    -19.2329974   799600.0000000  -1636200.0000000  798400.0000000  -1654000.0000000  
124     1728    648     53      -7      72.8859940    -19.6453589   348.750  0.151   15.293  0.420   3      10.600  -1.400  1781    641     72.8047932    -19.8226063   799600.0000000  -1687400.0000000  798200.0000000  -1698000.0000000  
125     1040    656     88      3       73.9953293    -17.6623957   0.000   0.184   17.633  0.354   2      17.600  0.600   1128    659     73.8510734    -17.9080859   801200.0000000  -1549800.0000000  801800.0000000  -1567400.0000000  
126     1112    664     88      2       73.8727357    -17.8315815   0.000   0.257   26.557  0.493   3      17.600  0.400   1200    666     73.7291435    -18.0796352   802800.0000000  -1564200.0000000  803200.0000000  -1581800.0000000  
127     1296    672     88      -2      73.5691155    -18.3234007   0.000   0.231   23.226  0.442   3      17.600  -0.400  1384    670     73.4282663    -18.5852343   804400.0000000  -1601000.0000000  804000.0000000  -1618600.0000000  
128     1376    672     89      -4      73.4396177    -18.5512882   0.000   0.174   19.015  0.431   3      17.800  -0.800  1465    668     73.2984940    -18.8231790   804400.0000000  -1617000.0000000  803600.0000000  -1634800.0000000  
129     1424    672     89      -5      73.3618161    -18.6862940   0.000   0.270   28.618  0.484   3      17.800  -1.000  1513    667     73.2213320    -18.9613798   804400.0000000  -1626600.0000000  803400.0000000  -1644400.0000000  
130     1552    672     82      -3      73.1539805    -19.0401241   11.250  0.257   27.324  0.567   3      16.400  -0.600  1634    669     73.0229201    -19.2788971   804400.0000000  -1652200.0000000  803800.0000000  -1668600.0000000  
131     1144    680     88      3       73.8079395    -17.8340271   0.000   0.315   32.961  0.517   3      17.600  0.600   1232    683     73.6635475    -18.0753265   806000.0000000  -1570600.0000000  806600.0000000  -1588200.0000000  
132     1176    680     88      2       73.7563596    -17.9285599   0.000   0.225   23.510  0.531   3      17.600  0.400   1264    682     73.6126922    -18.1739677   806000.0000000  -1577000.0000000  806400.0000000  -1594600.0000000  
133     1224    680     88      0       73.6789207    -18.0692238   0.000   0.196   18.406  0.345   2      17.600  0.000   1312    680     73.5367380    -18.3236230   806000.0000000  -1586600.0000000  806000.0000000  -1604200.0000000  
134     1264    680     88      -2      73.6143257    -18.1854143   0.000   0.180   18.412  0.376   2      17.600  -0.400  1352    678     73.4736393    -18.4491661   806000.0000000  -1594600.0000000  805600.0000000  -1612200.0000000  
135     944     688     83      -10     74.1226853    -17.1822476   354.375  0.104   11.493  0.410   1      16.600  -2.000  1027    678     73.9978798    -17.4947948   807600.0000000  -1530600.0000000  805600.0000000  -1547200.0000000  
136     1344    688     89      -4      73.4784849    -18.3695297   0.000   0.235   24.039  0.444   3      17.800  -0.800  1433    684     73.3375939    -18.6436243   807600.0000000  -1610600.0000000  806800.0000000  -1628400.0000000  
137     1040    696     88      1       73.9619169    -17.4295029   0.000   0.160   15.526  0.376   2      17.600  0.200   1128    697     73.8196116    -17.6883243   809200.0000000  -1549800.0000000  809400.0000000  -1567400.0000000  
138     1088    696     89      3       73.8847852    -17.5744099   0.000   0.271   28.985  0.476   3      17.800  0.600   1177    699     73.7390616    -17.8221522   809200.0000000  -1559400.0000000  809800.0000000  -1577200.0000000  
139     976     704     82      -9      74.0578626    -17.1874053   0.000   0.174   17.669  0.391   2      16.400  -1.800  1058    695     73.9338396    -17.4898108   810800.0000000  -1537000.0000000  809000.0000000  -1553400.0000000  
140     1376    704     89      -5      73.4137467    -18.3697885   0.000   0.222   22.555  0.425   3      17.800  -1.000  1465    699     73.2736814    -18.6484341   810800.0000000  -1617000.0000000  809800.0000000  -1634800.0000000  
141     1408    704     89      -5      73.3619725    -18.4603659   0.000   0.235   22.704  0.497   3      17.800  -1.000  1497    699     73.2218000    -18.7373723   810800.0000000  -1623400.0000000  809800.0000000  -1641200.0000000  
142     1816    704     74      23      72.6989940    -19.5669253   0.000   0.148   14.713  0.268   1      14.800  4.600   1890    727     72.5604671    -19.6332052   810800.0000000  -1705000.0000000  815400.0000000  -1719800.0000000  
143     1848    704     74      23      72.6467848    -19.6500824   0.000   0.086   9.235   0.238   1      14.800  4.600   1922    727     72.5082482    -19.7154932   810800.0000000  -1711400.0000000  815400.0000000  -1726200.0000000  
144     1880    704     70      25      72.5945469    -19.7327331   5.625   0.094   13.470  0.375   2      14.000  5.000   1950    729     72.4609952    -19.7762556   810800.0000000  -1717800.0000000  815800.0000000  -1731800.0000000  
145     1248    712     89      -1      73.6139140    -17.9559654   0.000   0.203   19.777  0.330   2      17.800  -0.200  1337    711     73.4710960    -18.2188788   812400.0000000  -1591400.0000000  812200.0000000  -1609200.0000000  
146     1120    720     89      3       73.8133129    -17.5317903   0.000   0.179   17.736  0.483   3      17.800  0.600   1209    723     73.6676661    -17.7788201   814000.0000000  -1565800.0000000  814600.0000000  -1583600.0000000  
147     1152    720     88      2       73.7618722    -17.6273264   0.000   0.181   16.066  0.412   3      17.600  0.400   1240    722     73.6185657    -17.8754935   814000.0000000  -1572200.0000000  814400.0000000  -1589800.0000000  
148     1336    720     90      -4      73.4653659    -18.1649558   0.000   0.203   19.112  0.406   3      18.000  -0.800  1426    716     73.3231408    -18.4434012   814000.0000000  -1609000.0000000  813200.0000000  -1627000.0000000  
149     1448    720     91      -6      73.2843059    -18.4827328   0.000   0.179   18.409  0.450   3      18.200  -1.200  1539    714     73.1416858    -18.7693562   814000.0000000  -1631400.0000000  812800.0000000  -1649600.0000000  
150     1192    728     89      1       73.6908799    -17.7000584   0.000   0.222   22.403  0.540   3      17.800  0.200   1281    729     73.5467217    -17.9550911   815600.0000000  -1580200.0000000  815800.0000000  -1598000.0000000  
151     1016    736     85      -1      73.9666944    -17.1242022   354.375  0.153   14.206  0.343   2      17.000  -0.200  1101    735     73.8312641    -17.3883015   817200.0000000  -1545000.0000000  817000.0000000  -1562000.0000000  
152     1304    736     90      -3      73.5038850    -17.9819934   0.000   0.195   19.936  0.424   3      18.000  -0.600  1394    733     73.3610859    -18.2570385   817200.0000000  -1602600.0000000  816600.0000000  -1620600.0000000  
153     1376    736     91      -6      73.3877137    -18.1888636   0.000   0.142   13.991  0.268   1      18.200  -1.200  1467    730     73.2454808    -18.4798163   817200.0000000  -1617000.0000000  816000.0000000  -1635200.0000000  
154     1520    736     83      13      73.1548432    -18.5939174   5.625   0.139   13.728  0.448   3      16.600  2.600   1603    749     73.0099318    -18.7501374   817200.0000000  -1645800.0000000  819800.0000000  -1662400.0000000  
155     1224    744     90      -1      73.6261136    -17.7030035   0.000   0.194   19.867  0.412   3      18.000  -0.200  1314    743     73.4820082    -17.9712213   818800.0000000  -1586600.0000000  818600.0000000  -1604600.0000000  
156     1408    744     92      -7      73.3295126    -18.2348316   0.000   0.237   24.313  0.489   3      18.400  -1.400  1500    737     73.1864215    -18.5327469   818800.0000000  -1623400.0000000  817400.0000000  -1641800.0000000  
157     1608    744     83      8       73.0058191    -18.7915225   5.625   0.142   15.856  0.359   3      16.600  1.600   1691    752     72.8647734    -18.9722009   818800.0000000  -1663400.0000000  820400.0000000  -1680000.0000000  
158     1104    752     89      3       73.8121602    -17.2995212   0.000   0.253   26.251  0.549   3      17.800  0.600   1193    755     73.6667942    -17.5486315   820400.0000000  -1562600.0000000  821000.0000000  -1580400.0000000  
159     1336    752     91      -4      73.4391448    -17.9837879   0.000   0.101   14.160  0.412   3      18.200  -0.800  1427    748     73.2955650    -18.2661841   820400.0000000  -1609000.0000000  819600.0000000  -1627200.0000000  
160     1056    760     89      3       73.8823109    -17.1078145   0.000   0.172   17.076  0.423   3      17.800  0.600   1145    763     73.7371531    -17.3597494   822000.0000000  -1553000.0000000  822600.0000000  -1570800.0000000  
161     1848    760     75      28      72.6032458    -19.3446291   5.625   0.246   24.610  0.592   3      15.000  5.600   1923    788     72.4593032    -19.3879166   822000.0000000  -1711400.0000000  827600.0000000  -1726400.0000000  
162     1024    768     90      4       73.9267147    -16.9636742   0.000   0.140   14.264  0.257   1      18.000  0.800   1114    772     73.7792712    -17.2149024   823600.0000000  -1546600.0000000  824400.0000000  -1564600.0000000  
163     1520    768     85      13      73.1290303    -18.4154567   5.625   0.215   21.364  0.462   3      17.000  2.600   1605    781     72.9810329    -18.5784709   823600.0000000  -1645800.0000000  826200.0000000  -1662800.0000000  
164     1552    768     85      12      73.0772722    -18.5043477   5.625   0.207   22.668  0.493   3      17.000  2.400   1637    780     72.9300226    -18.6715932   823600.0000000  -1652200.0000000  826000.0000000  -1669200.0000000  
165     1760    768     84      -16     72.7400527    -19.0689425   0.000   0.143   14.047  0.335   2      16.800  -3.200  1844    752     72.6160080    -19.3777262   823600.0000000  -1693800.0000000  820400.0000000  -1710600.0000000  
166     1384    776     92      -7      73.3420536    -17.9864532   0.000   0.237   23.189  0.536   3      18.400  -1.400  1476    769     73.1993298    -18.2867391   825200.0000000  -1618600.0000000  823800.0000000  -1637000.0000000  
167     1592    776     82      16      73.0060967    -18.5703931   5.625   0.210   21.423  0.545   3      16.400  3.200   1674    792     72.8604782    -18.7062440   825200.0000000  -1660200.0000000  828400.0000000  -1676600.0000000  
168     1688    776     79      -2      72.8505651    -18.8320690   11.250  0.168   16.509  0.272   1      15.800  -0.400  1767    774     72.7239421    -19.0547499   825200.0000000  -1679400.0000000  824800.0000000  -1695200.0000000  
169     1152    784     91      3       73.7082602    -17.2606883   5.625   0.174   16.633  0.510   3      18.200  0.600   1243    787     73.5597673    -17.5144532   826800.0000000  -1572200.0000000  827400.0000000  -1590400.0000000  
170     1056    792     90      4       73.8551131    -16.9236834   0.000   0.240   25.734  0.512   3      18.000  0.800   1146    796     73.7077441    -17.1741604   828400.0000000  -1553000.0000000  829200.0000000  -1571000.0000000  
171     1088    792     90      4       73.8039529    -17.0214211   0.000   0.238   24.109  0.429   3      18.000  0.800   1178    796     73.6564838    -17.2702102   828400.0000000  -1559400.0000000  829200.0000000  -1577400.0000000  
172     1224    792     92      -1      73.5860819    -17.4299130   5.625   0.163   16.645  0.475   3      18.400  -0.200  1316    791     73.4391371    -17.7057021   828400.0000000  -1586600.0000000  828200.0000000  -1605000.0000000  
173     1264    800     92      -2      73.5151903    -17.5027202   0.000   0.143   12.711  0.350   2      18.400  -0.400  1356    798     73.3690003    -17.7822832   830000.0000000  -1594600.0000000  829600.0000000  -1613000.0000000  
174     1456    800     90      6       73.2063041    -18.0572722   343.125  0.100   8.344   0.210   1      18.000  1.200   1546    806     73.0562007    -18.2769187   830000.0000000  -1633000.0000000  831200.0000000  -1651000.0000000  
175     1512    808     89      13      73.1094483    -18.1707226   0.000   0.139   12.708  0.337   2      17.800  2.600   1601    821     72.9552010    -18.3467634   831600.0000000  -1644200.0000000  834200.0000000  -1662000.0000000  
176     1152    816     93      3       73.6812112    -17.0782881   5.625   0.155   16.291  0.406   3      18.600  0.600   1245    819     73.5297497    -17.3392225   833200.0000000  -1572200.0000000  833800.0000000  -1590800.0000000  
177     1600    816     86      19      72.9608684    -18.3715442   0.000   0.094   8.573   0.240   1      17.200  3.800   1686    835     72.8065198    -18.5032394   833200.0000000  -1661800.0000000  837000.0000000  -1679000.0000000  
178     1200    824     94      1       73.5976249    -17.1770054   0.000   0.147   13.450  0.335   2      18.800  0.200   1294    825     73.4461389    -17.4498799   834800.0000000  -1581800.0000000  835000.0000000  -1600600.0000000  
179     1448    832     90      -2      73.1928788    -17.8563080   0.000   0.081   7.995   0.201   1      18.000  -0.400  1538    830     73.0495471    -18.1217845   836400.0000000  -1631400.0000000  836000.0000000  -1649400.0000000  
180     1352    840     94      -8      73.3405306    -17.5351925   5.625   0.109   8.605   0.204   1      18.800  -1.600  1446    832     73.1960971    -17.8506036   838000.0000000  -1612200.0000000  836400.0000000  -1631000.0000000  
181     1416    840     90      -4      73.2377289    -17.7201902   354.375  0.227   21.023  0.491   3      18.000  -0.800  1506    836     73.0962054    -17.9986244   838000.0000000  -1625000.0000000  837200.0000000  -1643000.0000000  
182     1536    840     85      19      73.0445899    -18.0609246   0.000   0.112   11.810  0.255   1      17.000  3.800   1621    859     72.8920329    -18.1933465   838000.0000000  -1649000.0000000  841800.0000000  -1666000.0000000  
183     1144    848     96      4       73.6667755    -16.8722532   5.625   0.144   14.528  0.389   2      19.200  0.800   1240    852     73.5099384    -17.1381763   839600.0000000  -1570600.0000000  840400.0000000  -1589800.0000000  
184     1488    848     91      12      73.1153165    -17.8812627   354.375  0.090   7.533   0.228   1      18.200  2.400   1579    860     72.9589234    -18.0711010   839600.0000000  -1639400.0000000  842000.0000000  -1657600.0000000  
185     1584    848     88      20      72.9606724    -18.1510084   0.000   0.156   16.202  0.333   2      17.600  4.000   1672    868     72.8024339    -18.2847457   839600.0000000  -1658600.0000000  843600.0000000  -1676200.0000000  
186     1256    856     95      -2      73.4809551    -17.1632460   0.000   0.094   8.466   0.230   1      19.000  -0.400  1351    854     73.3304388    -17.4539912   841200.0000000  -1593000.0000000  840800.0000000  -1612000.0000000  
187     1416    872     99      -5      73.2111241    -17.5422234   354.375  0.098   9.714   0.270   1      19.800  -1.000  1515    867     73.0562101    -17.8527229   844400.0000000  -1625000.0000000  843400.0000000  -1644800.0000000  
188     1624    872     86      23      72.8765906    -18.1304787   354.375  0.195   18.223  0.493   3      17.200  4.600   1710    895     72.7191874    -18.2419979   844400.0000000  -1666600.0000000  849000.0000000  -1683800.0000000  
189     1488    888     86      11      73.0822274    -17.6602034   354.375  0.273   27.815  0.577   3      17.200  2.200   1574    899     72.9349261    -17.8431566   847600.0000000  -1639400.0000000  849800.0000000  -1656600.0000000  
190     1688    888     105     -12     72.7603621    -18.2197365   11.250  0.115   14.302  0.406   2      21.000  -2.400  1793    876     72.6005135    -18.5698892   847600.0000000  -1679400.0000000  845200.0000000  -1700400.0000000  
191     1240    904     118     -6      73.4657481    -16.8460182   5.625   0.225   21.902  0.483   3      23.600  -1.200  1358    898     73.2822778    -17.2291662   850800.0000000  -1589800.0000000  849600.0000000  -1613400.0000000  
192     1304    912     114     -6      73.3567683    -16.9921277   11.250  0.150   12.012  0.436   3      22.800  -1.200  1418    906     73.1794802    -17.3595571   852400.0000000  -1602600.0000000  851200.0000000  -1625400.0000000  
193     1584    912     84      21      72.9081194    -17.8001261   354.375  0.171   16.176  0.460   3      16.800  4.200   1668    933     72.7557569    -17.9202076   852400.0000000  -1658600.0000000  856600.0000000  -1675400.0000000  
194     1208    920     120     -3      73.5030577    -16.6599861   5.625   0.258   25.059  0.530   3      24.000  -0.600  1328    917     73.3141850    -17.0352960   854000.0000000  -1583400.0000000  853400.0000000  -1607400.0000000  
195     1240    936     121     -6      73.4383465    -16.6670167   5.625   0.146   14.643  0.325   2      24.200  -1.200  1361    930     73.2504374    -17.0603384   857200.0000000  -1589800.0000000  856000.0000000  -1614000.0000000  
196     1568    944     81      24      72.9072791    -17.5803025   0.000   0.118   10.923  0.272   1      16.200  4.800   1649    968     72.7573822    -17.6777320   858800.0000000  -1655400.0000000  863600.0000000  -1671600.0000000  
197     1520    1016    103     22      72.9236408    -17.0512486   28.125  0.184   17.588  0.411   3      20.600  4.400   1623    1038    72.7405435    -17.2267237   873200.0000000  -1645800.0000000  877600.0000000  -1666400.0000000  
198     1448    1056    129     50      73.0042437    -16.6243194   28.125  0.219   21.130  0.516   3      25.800  10.000  1577    1106    72.7561875    -16.7297668   881200.0000000  -1631400.0000000  891200.0000000  -1657200.0000000  
199     1488    1056    125     32      72.9406001    -16.7413603   28.125  0.300   30.897  0.562   3      25.000  6.400   1613    1088    72.7142130    -16.9296572   881200.0000000  -1639400.0000000  887600.0000000  -1664400.0000000  
200     1520    1056    121     17      72.8896423    -16.8343569   28.125  0.211   17.048  0.525   3      24.200  3.400   1641    1073    72.6822719    -17.0898044   881200.0000000  -1645800.0000000  884600.0000000  -1670000.0000000  
201     1480    1088    140     32      72.9258556    -16.5446760   28.125  0.199   17.218  0.444   3      28.000  6.400   1620    1120    72.6758022    -16.7784756   887600.0000000  -1637800.0000000  894000.0000000  -1665800.0000000  
202     1520    1088    136     14      72.8622723    -16.6614740   28.125  0.163   15.332  0.337   2      27.200  2.800   1656    1102    72.6337864    -16.9773073   887600.0000000  -1645800.0000000  890400.0000000  -1673000.0000000  
