CP      startX  startY  dispX   dispY   sLat          sLon          theta   pCorr   pkStr   cCorr   conf   velX    velY    endX    endY    eLat          eLon          nps_startX    nps_startY    nps_endX      nps_endY      
0       888     168     -24     -7      74.9319219    -63.0949578   0.000   0.176   16.236  0.318   2      -4.800  -1.400  864     161     74.9693767    -63.1937002   -509800.0000000  -1560200.0000000  -511200.0000000  -1555400.0000000  
1       984     176     -31     -7      74.7706170    -62.8365014   0.000   0.137   11.908  0.235   1      -6.200  -1.400  953     169     74.8202631    -62.9484745   -508200.0000000  -1579400.0000000  -509600.0000000  -1573200.0000000  
2       1032    184     -31     -6      74.6920799    -62.6831587   0.000   0.107   8.961   0.239   1      -6.200  -1.200  1001    178     74.7423506    -62.7874802   -506600.0000000  -1589000.0000000  -507800.0000000  -1582800.0000000  
3       1088    192     -32     -4      74.5996075    -62.5149434   0.000   0.158   15.577  0.466   3      -6.400  -0.800  1056    188     74.6527762    -62.6070829   -505000.0000000  -1600200.0000000  -505800.0000000  -1593800.0000000  
4       1128    200     -37     -6      74.5347274    -62.3812038   0.000   0.113   10.944  0.306   2      -7.400  -1.200  1091    194     74.5955079    -62.4957579   -503400.0000000  -1608200.0000000  -504600.0000000  -1600800.0000000  
5       808     208     -24     -8      75.0925665    -63.0019802   0.000   0.131   12.503  0.315   2      -4.800  -1.600  784     200     75.1295115    -63.1082895   -501800.0000000  -1544200.0000000  -503400.0000000  -1539400.0000000  
6       1200    208     -37     -4      74.4143347    -62.1845765   0.000   0.086   7.872   0.142   1      -7.400  -0.800  1163    204     74.4762815    -62.2845170   -501800.0000000  -1622600.0000000  -502600.0000000  -1615200.0000000  
7       1232    208     -38     -5      74.3588830    -62.1210168   0.000   0.134   13.258  0.371   2      -7.600  -1.000  1194    203     74.4220470    -62.2287877   -501800.0000000  -1629000.0000000  -502800.0000000  -1621400.0000000  
8       840     216     -25     -8      75.0417465    -62.8789125   0.000   0.121   12.998  0.336   2      -5.000  -1.600  815     208     75.0804737    -62.9867249   -500200.0000000  -1550600.0000000  -501800.0000000  -1545600.0000000  
9       920     216     -25     -8      74.9034214    -62.7077722   0.000   0.135   11.941  0.306   2      -5.000  -1.600  895     208     74.9422199    -62.8141381   -500200.0000000  -1566600.0000000  -501800.0000000  -1561600.0000000  
10      1056    216     -32     -5      74.6680684    -62.4240028   0.000   0.112   10.105  0.247   1      -6.400  -1.000  1024    211     74.7207377    -62.5228045   -500200.0000000  -1593800.0000000  -501200.0000000  -1587400.0000000  
11      1352    224     -40     -3      74.1592355    -61.7850648   0.000   0.102   9.576   0.250   1      -8.000  -0.600  1312    221     74.2270625    -61.8812100   -498600.0000000  -1653000.0000000  -499200.0000000  -1645000.0000000  
12      984     232     -32     -7      74.8014409    -62.4675616   0.000   0.098   9.366   0.297   1      -6.400  -1.400  952     225     74.8530096    -62.5806380   -497000.0000000  -1579400.0000000  -498400.0000000  -1573000.0000000  
13      1320    232     -40     -4      74.2189580    -61.7956039   0.000   0.128   11.123  0.317   2      -8.000  -0.800  1280    228     74.2862626    -61.8985677   -497000.0000000  -1646600.0000000  -497800.0000000  -1638600.0000000  
14      1384    232     -39     -2      74.1078650    -61.6732655   0.000   0.081   8.240   0.243   1      -7.800  -0.400  1345    230     74.1745224    -61.7603319   -497000.0000000  -1659400.0000000  -497400.0000000  -1651600.0000000  
15      792     240     -25     -8      75.1380992    -62.8215367   0.000   0.216   21.588  0.485   3      -5.000  -1.600  767     232     75.1768623    -62.9299061   -495400.0000000  -1541000.0000000  -497000.0000000  -1536000.0000000  
16      1472    240     -40     1       73.9591568    -61.4575867   0.000   0.131   11.128  0.509   3      -8.000  0.200   1432    241     74.0291645    -61.5258657   -495400.0000000  -1677000.0000000  -495200.0000000  -1669000.0000000  
17      760     248     -25     -8      75.1978918    -62.8370155   0.000   0.150   15.340  0.323   2      -5.000  -1.600  735     240     75.2366523    -62.9458696   -493800.0000000  -1534600.0000000  -495400.0000000  -1529600.0000000  
18      1512    248     -41     2       73.8937310    -61.3335594   0.000   0.211   21.292  0.520   3      -8.200  0.400   1471    250     73.9660181    -61.3965699   -493800.0000000  -1685000.0000000  -493400.0000000  -1676800.0000000  
19      1432    256     -41     -1      74.0368744    -61.4311640   0.000   0.147   13.256  0.382   2      -8.200  -0.200  1391    255     74.1076112    -61.5142277   -492200.0000000  -1669000.0000000  -492400.0000000  -1660800.0000000  
20      1008    264     -38     -9      74.7771650    -62.2068707   0.000   0.084   7.237   0.258   1      -7.600  -1.800  970     255     74.8381813    -62.3445056   -490600.0000000  -1584200.0000000  -492400.0000000  -1576600.0000000  
21      1160    272     -40     -7      74.5176864    -61.8495343   0.000   0.110   11.046  0.342   2      -8.000  -1.400  1120    265     74.5834221    -61.9743319   -489000.0000000  -1614600.0000000  -490400.0000000  -1606600.0000000  
22      1264    272     -40     -5      74.3370631    -61.6471601   0.000   0.119   12.228  0.247   1      -8.000  -1.000  1224    267     74.4039355    -61.7567208   -489000.0000000  -1635400.0000000  -490000.0000000  -1627400.0000000  
23      1312    272     -40     -4      74.2536598    -61.5553415   0.000   0.144   11.999  0.331   2      -8.000  -0.800  1272    268     74.3210867    -61.6574914   -489000.0000000  -1645000.0000000  -489800.0000000  -1637000.0000000  
24      1232    280     -41     -6      74.3968170    -61.6572863   0.000   0.115   11.342  0.244   1      -8.200  -1.200  1191    274     74.4649065    -61.7757518   -487400.0000000  -1629000.0000000  -488600.0000000  -1620800.0000000  
25      1504    280     -42     2       73.9238568    -61.1474792   0.000   0.206   21.259  0.524   3      -8.400  0.400   1462    282     73.9979453    -61.2115922   -487400.0000000  -1683400.0000000  -487000.0000000  -1675000.0000000  
26      768     288     -25     -8      75.2061312    -62.5487704   0.000   0.214   23.450  0.420   3      -5.000  -1.600  743     280     75.2450319    -62.6569197   -485800.0000000  -1536200.0000000  -487400.0000000  -1531200.0000000  
27      1064    288     -38     -7      74.6927920    -61.9355155   0.000   0.155   14.886  0.420   3      -7.600  -1.400  1026    281     74.7550328    -62.0580899   -485800.0000000  -1595400.0000000  -487200.0000000  -1587800.0000000  
28      928     296     -25     -8      74.9330813    -62.1586814   0.000   0.127   9.295   0.300   2      -5.000  -1.600  903     288     74.9721462    -62.2638221   -484200.0000000  -1568200.0000000  -485800.0000000  -1563200.0000000  
29      1264    304     -42     -5      74.3535866    -61.4411192   0.000   0.123   10.795  0.276   1      -8.400  -1.000  1222    299     74.4240446    -61.5537483   -482600.0000000  -1635400.0000000  -483600.0000000  -1627000.0000000  
30      1344    304     -42     -4      74.2144156    -61.2903100   0.000   0.131   12.165  0.304   2      -8.400  -0.800  1302    300     74.2854427    -61.3948266   -482600.0000000  -1651400.0000000  -483400.0000000  -1643000.0000000  
31      1416    304     -43     -1      74.0891093    -61.1568654   0.000   0.095   8.692   0.230   1      -8.600  -0.200  1373    303     74.1634439    -61.2426784   -482600.0000000  -1665800.0000000  -482800.0000000  -1657200.0000000  
32      1448    304     -43     0       74.0334024    -61.0982373   0.000   0.134   12.311  0.333   2      -8.600  0.000   1405    304     74.1082565    -61.1771149   -482600.0000000  -1672200.0000000  -482600.0000000  -1663600.0000000  
33      1536    304     -44     2       73.8801621    -60.9391261   0.000   0.142   12.546  0.386   2      -8.800  0.400   1492    306     73.9577901    -61.0057006   -482600.0000000  -1689800.0000000  -482200.0000000  -1681000.0000000  
34      1648    304     -44     6       73.6850362    -60.7409997   0.000   0.116   10.355  0.266   1      -8.800  1.200   1604    310     73.7646631    -60.7808887   -482600.0000000  -1712200.0000000  -481400.0000000  -1703400.0000000  
35      1104    312     -41     -8      74.6359095    -61.6985886   0.000   0.185   16.814  0.418   3      -8.200  -1.600  1063    304     74.7029619    -61.8322771   -481000.0000000  -1603400.0000000  -482600.0000000  -1595200.0000000  
36      1312    312     -42     -4      74.2741684    -61.2989840   0.000   0.179   16.901  0.358   2      -8.400  -0.800  1270    308     74.3452010    -61.4039443   -481000.0000000  -1645000.0000000  -481800.0000000  -1636600.0000000  
37      1800    312     -46     7       73.4239273    -60.4308005   0.000   0.150   13.978  0.356   2      -9.200  1.400   1754    319     73.5075345    -60.4657907   -481000.0000000  -1742600.0000000  -479600.0000000  -1733400.0000000  
38      1064    320     -39     -7      74.7096067    -61.7249401   0.000   0.151   14.795  0.421   3      -7.800  -1.400  1025    313     74.7737057    -61.8487825   -479400.0000000  -1595400.0000000  -480800.0000000  -1587600.0000000  
39      1200    320     -42     -6      74.4731257    -61.4598672   0.000   0.148   13.877  0.236   1      -8.400  -1.200  1158    314     74.5430752    -61.5799855   -479400.0000000  -1622600.0000000  -480600.0000000  -1614200.0000000  
40      1232    320     -42     -6      74.4174548    -61.3986802   0.000   0.231   23.925  0.523   3      -8.400  -1.200  1190    314     74.4874298    -61.5180832   -479400.0000000  -1629000.0000000  -480600.0000000  -1620600.0000000  
41      1504    320     -44     1       73.9438571    -60.8959356   0.000   0.130   12.578  0.371   2      -8.800  0.200   1460    321     74.0210123    -60.9688915   -479400.0000000  -1683400.0000000  -479200.0000000  -1674600.0000000  
42      1160    328     -42     -8      74.5468242    -61.4847861   0.000   0.081   10.205  0.234   1      -8.400  -1.600  1118    320     74.6157337    -61.6187037   -477800.0000000  -1614600.0000000  -479400.0000000  -1606200.0000000  
43      544     336     -9      -4      75.6205924    -62.7081425   0.000   0.146   14.221  0.349   2      -1.800  -0.800  535     332     75.6339660    -62.7561152   -476200.0000000  -1491400.0000000  -477000.0000000  -1489600.0000000  
44      1416    336     -43     -2      74.1051484    -60.9535726   0.000   0.127   10.801  0.261   1      -8.600  -0.400  1373    334     74.1790679    -61.0448930   -476200.0000000  -1665800.0000000  -476600.0000000  -1657200.0000000  
45      1536    336     -45     2       73.8959827    -60.7382874   0.000   0.157   14.928  0.293   1      -9.000  0.400   1491    338     73.9754212    -60.8057295   -476200.0000000  -1689800.0000000  -475800.0000000  -1680800.0000000  
46      1872    336     -47     2       73.3097398    -60.1645745   0.000   0.089   8.401   0.212   1      -9.400  0.400   1825    338     73.3927411    -60.2301484   -476200.0000000  -1757000.0000000  -475800.0000000  -1747600.0000000  
47      1288    344     -43     -5      74.3321585    -61.1380619   0.000   0.134   12.288  0.210   1      -8.600  -1.000  1245    339     74.4045140    -61.2510347   -474600.0000000  -1640200.0000000  -475600.0000000  -1631600.0000000  
48      1352    344     -44     -3      74.2206613    -61.0195314   0.000   0.127   12.953  0.334   2      -8.800  -0.600  1308    341     74.2958103    -61.1201365   -474600.0000000  -1653000.0000000  -475200.0000000  -1644200.0000000  
49      680     352     -15     -8      75.3935362    -62.3003017   0.000   0.110   8.573   0.221   1      -3.000  -1.600  665     344     75.4152263    -62.3875981   -473000.0000000  -1518600.0000000  -474600.0000000  -1515600.0000000  
50      784     352     -25     -8      75.2129854    -62.0802336   0.000   0.126   10.054  0.235   1      -5.000  -1.600  759     344     75.2521113    -62.1871818   -473000.0000000  -1539400.0000000  -474600.0000000  -1534400.0000000  
51      816     352     -26     -9      75.1574028    -62.0136091   0.000   0.203   20.759  0.452   3      -5.200  -1.800  790     343     75.1977571    -62.1288592   -473000.0000000  -1545800.0000000  -474800.0000000  -1540600.0000000  
52      1320    352     -44     -4      74.2804255    -61.0271669   0.000   0.116   11.314  0.301   2      -8.800  -0.800  1276    348     74.3550773    -61.1346547   -473000.0000000  -1646600.0000000  -473800.0000000  -1637800.0000000  
53      1488    352     -45     0       73.9875434    -60.7226598   0.000   0.166   16.154  0.478   3      -9.000  0.000   1443    352     74.0660175    -60.8031129   -473000.0000000  -1680200.0000000  -473000.0000000  -1671200.0000000  
54      1672    352     -46     7       73.6665074    -60.4018425   0.000   0.098   8.673   0.274   1      -9.200  1.400   1626    359     73.7501687    -60.4372111   -473000.0000000  -1717000.0000000  -471600.0000000  -1707800.0000000  
55      1104    360     -43     -8      74.6607074    -61.3833493   0.000   0.130   11.947  0.272   1      -8.600  -1.600  1061    352     74.7314376    -61.5197728   -471400.0000000  -1603400.0000000  -473000.0000000  -1594800.0000000  
56      1152    360     -44     -8      74.5771285    -61.2910266   0.000   0.136   12.060  0.245   1      -8.800  -1.600  1108    352     74.6496442    -61.4282061   -471400.0000000  -1613000.0000000  -473000.0000000  -1604200.0000000  
57      1200    360     -44     -7      74.4935263    -61.1997109   0.000   0.192   19.132  0.312   2      -8.800  -1.400  1156    353     74.5665967    -61.3291655   -471400.0000000  -1622600.0000000  -472800.0000000  -1613800.0000000  
58      1584    360     -46     4       73.8239572    -60.5035900   0.000   0.172   16.762  0.330   2      -9.200  0.800   1538    364     73.9061753    -60.5587228   -471400.0000000  -1699400.0000000  -470600.0000000  -1690200.0000000  
59      1800    360     -46     6       73.4468221    -60.1370911   0.000   0.119   10.671  0.224   1      -9.200  1.200   1754    366     73.5300103    -60.1767770   -471400.0000000  -1742600.0000000  -470200.0000000  -1733400.0000000  
60      904     368     -27     -8      75.0128729    -61.7254659   0.000   0.159   15.616  0.387   2      -5.400  -1.600  877     360     75.0556272    -61.8341036   -469800.0000000  -1563400.0000000  -471400.0000000  -1558000.0000000  
61      1072    368     -42     -9      74.7205173    -61.3926481   0.000   0.171   16.450  0.326   2      -8.400  -1.800  1030    359     74.7889943    -61.5343200   -469800.0000000  -1597000.0000000  -471600.0000000  -1588600.0000000  
62      592     376     -11     -6      75.5592490    -62.3240257   0.000   0.120   11.899  0.251   1      -2.200  -1.200  581     370     75.5750847    -62.3897151   -468200.0000000  -1501000.0000000  -469400.0000000  -1498800.0000000  
63      624     376     -14     -7      75.5036976    -62.2548484   0.000   0.157   15.524  0.260   1      -2.800  -1.400  610     369     75.5242165    -62.3336405   -468200.0000000  -1507400.0000000  -469600.0000000  -1504600.0000000  
64      1360    376     -44     -4      74.2226162    -60.7998523   0.000   0.124   11.418  0.249   1      -8.800  -0.800  1316    372     74.2973731    -60.9058454   -468200.0000000  -1654600.0000000  -469000.0000000  -1645800.0000000  
65      400     384     0       0       75.8966752    -62.6937709   0.000   0.294   29.773  0.327   2      0.000   0.000   400     384     75.8966752    -62.6937709   -466600.0000000  -1462600.0000000  -466600.0000000  -1462600.0000000  
66      672     384     -14     -8      75.4246258    -62.0968899   0.000   0.153   14.296  0.252   1      -2.800  -1.600  658     376     75.4446587    -62.1819321   -466600.0000000  -1517000.0000000  -468200.0000000  -1514200.0000000  
67      952     384     -34     -9      74.9376631    -61.5219703   0.000   0.138   12.822  0.316   2      -6.800  -1.800  918     375     74.9921695    -61.6502310   -466600.0000000  -1573000.0000000  -468400.0000000  -1566200.0000000  
68      1728    384     -49     7       73.5839464    -60.1091425   354.375  0.102   8.861   0.252   1      -9.800  1.400   1679    391     73.6728836    -60.1478551   -466600.0000000  -1728200.0000000  -465200.0000000  -1718400.0000000  
69      560     392     -7      -4      75.6234566    -62.2819644   0.000   0.126   12.977  0.369   2      -1.400  -0.800  553     388     75.6334465    -62.3251803   -465000.0000000  -1494600.0000000  -465800.0000000  -1493200.0000000  
70      1104    392     -43     -8      74.6769844    -61.1726205   0.000   0.158   14.993  0.343   2      -8.600  -1.600  1061    384     74.7478495    -61.3082024   -465000.0000000  -1603400.0000000  -466600.0000000  -1594800.0000000  
71      1144    392     -44     -8      74.6072599    -61.0964975   0.000   0.190   17.915  0.335   2      -8.800  -1.600  1100    384     74.6799040    -61.2330182   -465000.0000000  -1611400.0000000  -466600.0000000  -1602600.0000000  
72      1848    392     -41     2       73.3779180    -59.8626045   5.625   0.136   12.526  0.353   2      -8.200  0.400   1807    394     73.4505402    -59.9171026   -465000.0000000  -1752200.0000000  -464600.0000000  -1744000.0000000  
73      912     400     -30     -10     75.0155627    -61.4941394   0.000   0.168   15.555  0.309   2      -6.000  -2.000  882     390     75.0626133    -61.6216635   -463400.0000000  -1565000.0000000  -465400.0000000  -1559000.0000000  
74      600     408     -9      -5      75.5625632    -62.0839707   0.000   0.145   13.418  0.256   1      -1.800  -1.000  591     403     75.5755284    -62.1381338   -461800.0000000  -1502600.0000000  -462800.0000000  -1500800.0000000  
75      736     408     -25     -9      75.3260703    -61.7974651   0.000   0.176   18.539  0.303   2      -5.000  -1.800  711     399     75.3648113    -61.9113631   -461800.0000000  -1529800.0000000  -463600.0000000  -1524800.0000000  
76      1320    408     -45     -4      74.3081517    -60.6665081   0.000   0.205   21.747  0.371   2      -9.000  -0.800  1275    404     74.3847355    -60.7742731   -461800.0000000  -1646600.0000000  -462600.0000000  -1637600.0000000  
77      1360    408     -45     -4      74.2383115    -60.5944546   0.000   0.115   10.498  0.303   2      -9.000  -0.800  1315    404     74.3149196    -60.7013779   -461800.0000000  -1654600.0000000  -462600.0000000  -1645600.0000000  
78      400     416     0       0       75.9142615    -62.4659294   0.000   0.427   47.445  0.744   3      0.000   0.000   400     416     75.9142615    -62.4659294   -460200.0000000  -1462600.0000000  -460200.0000000  -1462600.0000000  
79      768     416     -27     -10     75.2745690    -61.6766580   0.000   0.153   15.067  0.387   2      -5.400  -2.000  741     406     75.3163210    -61.8008312   -460200.0000000  -1536200.0000000  -462200.0000000  -1530800.0000000  
80      944     416     -34     -9      74.9680253    -61.3231901   0.000   0.111   8.705   0.189   1      -6.800  -1.800  910     407     75.0226507    -61.4509820   -460200.0000000  -1571400.0000000  -462000.0000000  -1564600.0000000  
81      1424    416     -46     -2      74.1304039    -60.4294284   0.000   0.142   13.744  0.362   2      -9.200  -0.400  1378    414     74.2097936    -60.5237546   -460200.0000000  -1667400.0000000  -460600.0000000  -1658200.0000000  
82      1688    416     -48     7       73.6689116    -59.9774299   0.000   0.153   15.750  0.236   1      -9.600  1.400   1640    423     73.7561429    -60.0139404   -460200.0000000  -1720200.0000000  -458800.0000000  -1710600.0000000  
83      456     424     -1      0       75.8213697    -62.2844915   0.000   0.165   15.567  0.316   2      -0.200  0.000   455     424     75.8231068    -62.2866976   -458600.0000000  -1473800.0000000  -458600.0000000  -1473600.0000000  
84      1168    424     -45     -8      74.5813682    -60.8413973   0.000   0.227   22.318  0.369   2      -9.000  -1.600  1123    416     74.6559134    -60.9783494   -458600.0000000  -1616200.0000000  -460200.0000000  -1607200.0000000  
85      1456    424     -47     -1      74.0783292    -60.3222952   0.000   0.130   11.556  0.278   1      -9.400  -0.200  1409    423     74.1599865    -60.4111297   -458600.0000000  -1673800.0000000  -458800.0000000  -1664400.0000000  
86      1536    424     -48     2       73.9384809    -60.1839424   0.000   0.128   12.442  0.343   2      -9.600  0.400   1488    426     74.0233492    -60.2539645   -458600.0000000  -1689800.0000000  -458200.0000000  -1680200.0000000  
87      1640    424     -48     6       73.7566119    -60.0076909   0.000   0.204   20.463  0.391   2      -9.600  1.200   1592    430     73.8433858    -60.0508504   -458600.0000000  -1710600.0000000  -457400.0000000  -1701000.0000000  
88      1920    424     -39     -3      73.2666378    -59.5524626   5.625   0.105   9.426   0.281   1      -7.800  -0.600  1881    421     73.3335399    -59.6325433   -458600.0000000  -1766600.0000000  -459200.0000000  -1758800.0000000  
89      680     432     -21     -7      75.4361108    -61.7483836   0.000   0.144   13.275  0.225   1      -4.200  -1.400  659     425     75.4689802    -61.8407561   -457000.0000000  -1518600.0000000  -458400.0000000  -1514400.0000000  
90      1112    432     -44     -8      74.6830799    -60.8935189   0.000   0.136   13.707  0.371   2      -8.800  -1.600  1068    424     74.7558642    -61.0297477   -457000.0000000  -1605000.0000000  -458600.0000000  -1596200.0000000  
91      1288    432     -45     -5      74.3757528    -60.5691427   0.000   0.182   18.545  0.461   3      -9.000  -1.000  1243    427     74.4519075    -60.6834083   -457000.0000000  -1640200.0000000  -458000.0000000  -1631200.0000000  
92      1848    432     -36     3       73.3963315    -59.6179455   5.625   0.151   13.693  0.397   2      -7.200  0.600   1812    435     73.4607278    -59.6572239   -457000.0000000  -1752200.0000000  -456400.0000000  -1745000.0000000  
93      728     440     -25     -10     75.3567042    -61.5939326   0.000   0.088   11.272  0.331   1      -5.000  -2.000  703     430     75.3950275    -61.7144272   -455400.0000000  -1528200.0000000  -457400.0000000  -1523200.0000000  
94      1496    440     -49     1       74.0160129    -60.1512908   0.000   0.122   9.829   0.243   1      -9.800  0.200   1447    441     74.1021805    -60.2295993   -455400.0000000  -1681800.0000000  -455200.0000000  -1672000.0000000  
95      2072    440     -36     -6      73.0076102    -59.2206472   0.000   0.144   14.018  0.314   2      -7.200  -1.200  2036    434     73.0680066    -59.3115933   -455400.0000000  -1797000.0000000  -456600.0000000  -1789800.0000000  
96      320     448     0       1       76.0706141    -62.4166981   0.000   0.225   21.377  0.450   3      0.000   0.200   320     449     76.0711588    -62.4094861   -453800.0000000  -1446600.0000000  -453600.0000000  -1446600.0000000  
97      512     448     -2      0       75.7368895    -61.9925877   0.000   0.223   22.109  0.524   3      -0.400  0.000   510     448     75.7403685    -61.9969022   -453800.0000000  -1485000.0000000  -453800.0000000  -1484600.0000000  
98      544     448     -2      0       75.6812182    -61.9238441   0.000   0.209   20.963  0.526   3      -0.400  0.000   542     448     75.6846980    -61.9281247   -453800.0000000  -1491400.0000000  -453800.0000000  -1491000.0000000  
99      576     448     -3      -1      75.6255331    -61.8556383   0.000   0.181   18.180  0.482   3      -0.600  -0.200  573     447     75.6302266    -61.8690194   -453800.0000000  -1497800.0000000  -454000.0000000  -1497200.0000000  
100     792     448     -27     -10     75.2493202    -61.4088630   0.000   0.178   18.134  0.402   3      -5.400  -2.000  765     438     75.2912172    -61.5320518   -453800.0000000  -1541000.0000000  -455800.0000000  -1535600.0000000  
101     944     448     -33     -9      74.9842528    -61.1080336   0.000   0.124   11.868  0.293   1      -6.600  -1.800  911     439     75.0372604    -61.2332052   -453800.0000000  -1571400.0000000  -455600.0000000  -1564800.0000000  
102     984     448     -36     -9      74.9144574    -61.0306446   0.000   0.171   16.591  0.321   2      -7.200  -1.800  948     439     74.9727333    -61.1607962   -453800.0000000  -1579400.0000000  -455600.0000000  -1572200.0000000  
103     1424    448     -47     -2      74.1457350    -60.2248755   0.000   0.171   17.174  0.320   2      -9.400  -0.400  1377    446     74.2269676    -60.3200129   -453800.0000000  -1667400.0000000  -454200.0000000  -1658000.0000000  
104     440     456     0       0       75.8663834    -62.0923248   0.000   0.254   25.525  0.515   3      0.000   0.000   440     456     75.8663834    -62.0923248   -452200.0000000  -1470600.0000000  -452200.0000000  -1470600.0000000  
105     472     456     -1      0       75.8107264    -62.0225523   0.000   0.215   21.325  0.421   3      -0.200  0.000   471     456     75.8124659    -62.0247244   -452200.0000000  -1477000.0000000  -452200.0000000  -1476800.0000000  
106     1168    456     -46     -8      74.5971147    -60.6312003   0.000   0.090   10.357  0.264   1      -9.200  -1.600  1122    448     74.6735420    -60.7691250   -452200.0000000  -1616200.0000000  -453800.0000000  -1607000.0000000  
107     1336    456     -46     -5      74.3034500    -60.3279707   0.000   0.148   13.785  0.358   2      -9.200  -1.000  1290    451     74.3814692    -60.4423032   -452200.0000000  -1649800.0000000  -453200.0000000  -1640600.0000000  
108     1528    456     -49     1       73.9675671    -59.9951922   0.000   0.122   11.677  0.301   2      -9.800  0.200   1479    457     74.0537834    -60.0724056   -452200.0000000  -1688200.0000000  -452000.0000000  -1678400.0000000  
109     1560    456     -51     3       73.9115617    -59.9410970   0.000   0.129   12.093  0.295   2      -10.200  0.600   1509    459     74.0022256    -60.0084538   -452200.0000000  -1694600.0000000  -451600.0000000  -1684400.0000000  
110     1880    456     -35     -1      73.3511725    -59.4204239   5.625   0.199   18.407  0.379   2      -7.000  -0.200  1845    455     73.4120397    -59.4817693   -452200.0000000  -1758600.0000000  -452400.0000000  -1751600.0000000  
111     848     464     -29     -11     75.1598232    -61.1878884   0.000   0.290   30.700  0.640   3      -5.800  -2.200  819     453     75.2048098    -61.3205112   -450600.0000000  -1552200.0000000  -452800.0000000  -1546400.0000000  
112     1104    464     -45     -8      74.7128579    -60.6968401   0.000   0.193   19.639  0.375   2      -9.000  -1.600  1059    456     74.7875165    -60.8342730   -450600.0000000  -1603400.0000000  -452200.0000000  -1594400.0000000  
113     1136    464     -45     -8      74.6569432    -60.6374937   0.000   0.212   22.658  0.460   3      -9.000  -1.600  1091    456     74.7316300    -60.7741241   -450600.0000000  -1609800.0000000  -452200.0000000  -1600800.0000000  
114     1464    464     -48     -2      74.0833289    -60.0535248   0.000   0.109   9.534   0.244   1      -9.600  -0.400  1416    462     74.1663768    -60.1491277   -450600.0000000  -1675400.0000000  -451000.0000000  -1665800.0000000  
115     360     472     0       1       76.0140782    -62.1541977   0.000   0.310   33.367  0.540   3      0.000   0.200   360     473     76.0146149    -62.1470049   -449000.0000000  -1454600.0000000  -448800.0000000  -1454600.0000000  
116     1496    472     -49     0       74.0310688    -59.9479552   0.000   0.159   13.162  0.324   2      -9.800  0.000   1447    472     74.1168455    -60.0316143   -449000.0000000  -1681800.0000000  -449000.0000000  -1672000.0000000  
117     544     480     -2      0       75.6980506    -61.6985393   0.000   0.194   19.758  0.378   2      -0.400  0.000   542     480     75.7015348    -61.7027697   -447400.0000000  -1491400.0000000  -447400.0000000  -1491000.0000000  
118     576     480     -4      -1      75.6422977    -61.6311361   0.000   0.146   13.914  0.344   2      -0.800  -0.200  572     479     75.6487467    -61.6465594   -447400.0000000  -1497800.0000000  -447600.0000000  -1497000.0000000  
119     912     480     -32     -10     75.0561578    -60.9540992   0.000   0.156   16.214  0.414   2      -6.400  -2.000  880     470     75.1070121    -61.0841592   -447400.0000000  -1565000.0000000  -449400.0000000  -1558600.0000000  
120     464     488     0       0       75.8415914    -61.8124726   0.000   0.244   25.404  0.631   3      0.000   0.000   464     488     75.8415914    -61.8124726   -445800.0000000  -1475400.0000000  -445800.0000000  -1475400.0000000  
121     504     488     -2      0       75.7719185    -61.7268799   0.000   0.145   13.738  0.311   2      -0.400  0.000   502     488     75.7754026    -61.7311394   -445800.0000000  -1483400.0000000  -445800.0000000  -1483000.0000000  
122     656     488     -11     0       75.5069746    -61.4092102   0.000   0.161   15.081  0.357   2      -2.200  0.000   645     488     75.5261577    -61.4318050   -445800.0000000  -1513800.0000000  -445800.0000000  -1511600.0000000  
123     880     488     -32     -11     75.1160372    -60.9619023   0.000   0.145   14.172  0.219   1      -6.400  -2.200  848     477     75.1663898    -61.0993353   -445800.0000000  -1558600.0000000  -448000.0000000  -1552200.0000000  
124     1280    488     -47     -6      74.4167012    -60.2196085   0.000   0.175   16.439  0.411   3      -9.400  -1.200  1233    482     74.4960684    -60.3425695   -445800.0000000  -1638600.0000000  -447000.0000000  -1629200.0000000  
125     624     504     -10     0       75.5709993    -61.3631963   0.000   0.137   12.255  0.245   1      -2.000  0.000   614     504     75.5884451    -61.3837705   -442600.0000000  -1507400.0000000  -442600.0000000  -1505400.0000000  
126     792     504     -26     -10     75.2777384    -61.0249174   0.000   0.126   13.219  0.223   1      -5.200  -2.000  766     494     75.3181016    -61.1452446   -442600.0000000  -1541000.0000000  -444600.0000000  -1535800.0000000  
127     1064    504     -42     -7      74.8023110    -60.5052163   0.000   0.088   8.325   0.262   1      -8.400  -1.400  1022    497     74.8723495    -60.6301935   -442600.0000000  -1595400.0000000  -444000.0000000  -1587000.0000000  
128     1128    504     -45     -8      74.6903459    -60.3876778   0.000   0.195   18.345  0.512   3      -9.000  -1.600  1083    496     74.7651953    -60.5233719   -442600.0000000  -1608200.0000000  -444200.0000000  -1599200.0000000  
129     1880    504     -36     -3      73.3725825    -59.1266660   5.625   0.097   8.707   0.207   1      -7.200  -0.600  1844    501     73.4344091    -59.2008507   -442600.0000000  -1758600.0000000  -443200.0000000  -1751400.0000000  
130     552     512     -3      0       75.7007104    -61.4560039   0.000   0.153   16.026  0.428   3      -0.600  0.000   549     512     75.7059432    -61.4622617   -441000.0000000  -1493000.0000000  -441000.0000000  -1492400.0000000  
131     584     512     -6      -1      75.6448871    -61.3895403   0.000   0.103   10.057  0.326   2      -1.200  -0.200  578     511     75.6548413    -61.4090009   -441000.0000000  -1499400.0000000  -441200.0000000  -1498200.0000000  
132     1096    512     -44     -8      74.7501936    -60.3930435   0.000   0.119   10.338  0.321   1      -8.800  -1.600  1052    504     74.8233005    -60.5274500   -441000.0000000  -1601800.0000000  -442600.0000000  -1593000.0000000  
133     504     520     0       0       75.7885617    -61.4998900   0.000   0.185   17.813  0.422   3      0.000   0.000   504     520     75.7885617    -61.4998900   -439400.0000000  -1483400.0000000  -439400.0000000  -1483400.0000000  
134     920     520     -33     -10     75.0619721    -60.6677469   0.000   0.151   12.928  0.339   2      -6.600  -2.000  887     510     75.1147420    -60.7987927   -439400.0000000  -1566600.0000000  -441400.0000000  -1560000.0000000  
135     1032    528     -40     -7      74.8699126    -60.4039037   0.000   0.101   9.938   0.219   1      -8.000  -1.400  992     521     74.9365203    -60.5252325   -437800.0000000  -1589000.0000000  -439200.0000000  -1581000.0000000  
136     2040    528     -35     -7      73.1021765    -58.7392206   0.000   0.157   15.443  0.425   3      -7.000  -1.400  2005    521     73.1606203    -58.8334970   -437800.0000000  -1790600.0000000  -439200.0000000  -1783600.0000000  
137     360     536     0       0       76.0479858    -61.6927393   0.000   0.207   20.434  0.320   2      0.000   0.000   360     536     76.0479858    -61.6927393   -436200.0000000  -1454600.0000000  -436200.0000000  -1454600.0000000  
138     616     536     -10     -1      75.6012557    -61.1552402   0.000   0.133   12.019  0.354   2      -2.000  -0.200  606     535     75.6182144    -61.1826317   -436200.0000000  -1505800.0000000  -436400.0000000  -1503800.0000000  
139     656     536     -11     0       75.5313828    -61.0742850   0.000   0.175   17.534  0.457   3      -2.200  0.000   645     536     75.5505997    -61.0964688   -436200.0000000  -1513800.0000000  -436200.0000000  -1511600.0000000  
140     840     536     -31     -12     75.2097437    -60.7118480   0.000   0.274   28.876  0.515   3      -6.200  -2.400  809     524     75.2580157    -60.8542169   -436200.0000000  -1550600.0000000  -438600.0000000  -1544400.0000000  
141     2088    536     -35     -6      73.0212852    -58.6206182   0.000   0.147   13.273  0.269   1      -7.000  -1.200  2053    530     73.0802025    -58.7079908   -436200.0000000  -1800200.0000000  -437400.0000000  -1793200.0000000  
142     408     544     0       0       75.9684369    -61.5318035   0.000   0.146   14.224  0.360   2      0.000   0.000   408     544     75.9684369    -61.5318035   -434600.0000000  -1464200.0000000  -434600.0000000  -1464200.0000000  
143     1208    544     -48     -7      74.5692604    -59.9801489   0.000   0.165   16.799  0.376   2      -9.600  -1.400  1160    537     74.6500713    -60.1114934   -434600.0000000  -1624200.0000000  -436000.0000000  -1614600.0000000  
144     496     552     0       0       75.8189541    -61.2890054   0.000   0.380   40.241  0.683   3      0.000   0.000   496     552     75.8189541    -61.2890054   -433000.0000000  -1481800.0000000  -433000.0000000  -1481800.0000000  
145     952     552     -38     -9      75.0215351    -60.3906423   0.000   0.174   17.845  0.387   2      -7.600  -1.800  914     543     75.0836999    -60.5229783   -433000.0000000  -1573000.0000000  -434800.0000000  -1565400.0000000  
146     1096    552     -45     -9      74.7693025    -60.1267101   0.000   0.115   8.692   0.180   1      -9.000  -1.800  1051    543     74.8438495    -60.2685104   -433000.0000000  -1601800.0000000  -434800.0000000  -1592800.0000000  
147     688     560     -12     0       75.4874439    -60.8427993   0.000   0.211   21.565  0.447   3      -2.400  0.000   676     560     75.5084300    -60.8665902   -431400.0000000  -1520200.0000000  -431400.0000000  -1517800.0000000  
148     1912    560     -32     -5      73.3407842    -58.7349069   0.000   0.092   7.897   0.288   1      -6.400  -1.000  1880    555     73.3948581    -58.8137158   -431400.0000000  -1765000.0000000  -432400.0000000  -1758600.0000000  
149     2032    560     -34     -7      73.1298842    -58.5574935   0.000   0.176   17.275  0.409   3      -6.800  -1.400  1998    553     73.1866614    -58.6498120   -431400.0000000  -1789000.0000000  -432800.0000000  -1782200.0000000  
150     328     568     0       -1      76.1204540    -61.5299520   0.000   0.100   9.001   0.250   1      0.000   -0.200  328     567     76.1199360    -61.5372239   -429800.0000000  -1448200.0000000  -430000.0000000  -1448200.0000000  
151     832     568     -31     -12     75.2393882    -60.5077032   0.000   0.193   19.832  0.418   3      -6.200  -2.400  801     556     75.2877924    -60.6496847   -429800.0000000  -1549000.0000000  -432200.0000000  -1542800.0000000  
152     1032    568     -41     -7      74.8890386    -60.1354499   0.000   0.101   9.160   0.243   1      -8.200  -1.400  991     561     74.9575487    -60.2575722   -429800.0000000  -1589000.0000000  -431200.0000000  -1580800.0000000  
153     1648    568     -34     -5      73.8081023    -59.0913461   0.000   0.084   7.283   0.133   1      -6.800  -1.000  1614    563     73.8656073    -59.1768677   -429800.0000000  -1712200.0000000  -430800.0000000  -1705400.0000000  
154     584     576     0       0       75.6772894    -60.9383299   0.000   0.091   8.149   0.204   1      0.000   0.000   584     576     75.6772894    -60.9383299   -428200.0000000  -1499400.0000000  -428200.0000000  -1499400.0000000  
155     1504    576     -52     -2      74.0645768    -59.2714478   0.000   0.152   14.914  0.385   2      -10.400  -0.400  1452    574     74.1549948    -59.3693641   -428200.0000000  -1683400.0000000  -428600.0000000  -1673000.0000000  
156     1880    576     -32     -4      73.4038884    -58.6846081   0.000   0.085   8.030   0.227   1      -6.400  -0.800  1848    572     73.4584209    -58.7573854   -428200.0000000  -1758600.0000000  -429000.0000000  -1752200.0000000  
157     2000    576     -34     -9      73.1929107    -58.5071598   0.000   0.131   10.930  0.365   2      -6.800  -1.800  1966    567     73.2488693    -58.6118493   -428200.0000000  -1782600.0000000  -430000.0000000  -1775800.0000000  
158     368     584     1       -1      76.0588537    -61.3281712   0.000   0.206   21.997  0.419   3      0.200   -0.200  369     583     76.0565952    -61.3332945   -426600.0000000  -1456200.0000000  -426800.0000000  -1456400.0000000  
159     752     584     -13     0       75.3872480    -60.5507091   0.000   0.133   12.924  0.296   1      -2.600  0.000   739     584     75.4100106    -60.5758467   -426600.0000000  -1533000.0000000  -426600.0000000  -1530400.0000000  
160     448     592     0       0       75.9231202    -61.1025616   0.000   0.412   42.304  0.790   3      0.000   0.000   448     592     75.9231202    -61.1025616   -425000.0000000  -1472200.0000000  -425000.0000000  -1472200.0000000  
161     920     592     -36     -11     75.0967519    -60.1783430   0.000   0.129   13.882  0.469   3      -7.200  -2.200  884     581     75.1545892    -60.3203864   -425000.0000000  -1566600.0000000  -427200.0000000  -1559400.0000000  
162     960     592     -39     -9      75.0266227    -60.1047591   0.000   0.178   18.856  0.483   3      -7.800  -1.800  921     583     75.0907107    -60.2377894   -425000.0000000  -1574600.0000000  -426800.0000000  -1566800.0000000  
163     1352    592     -49     -4      74.3387102    -59.4189153   0.000   0.103   9.825   0.268   1      -9.800  -0.800  1303    588     74.4229389    -59.5274364   -425000.0000000  -1653000.0000000  -425800.0000000  -1643200.0000000  
164     624     600     0       0       75.6191931    -60.6890429   0.000   0.099   8.575   0.232   1      0.000   0.000   624     600     75.6191931    -60.6890429   -423400.0000000  -1507400.0000000  -423400.0000000  -1507400.0000000  
165     1392    600     -50     -4      74.2720461    -59.3005315   0.000   0.156   15.220  0.317   2      -10.000  -0.800  1342    596     74.3580787    -59.4096121   -423400.0000000  -1661000.0000000  -424200.0000000  -1651000.0000000  
166     1448    600     -51     -3      74.1736526    -59.2086410   0.000   0.157   14.900  0.408   3      -10.200  -0.600  1397    597     74.2619180    -59.3117018   -423400.0000000  -1672200.0000000  -424000.0000000  -1662000.0000000  
167     480     608     0       0       75.8751844    -60.9218507   0.000   0.412   44.839  0.615   3      0.000   0.000   480     608     75.8751844    -60.9218507   -421800.0000000  -1478600.0000000  -421800.0000000  -1478600.0000000  
168     352     616     0       -4      76.1030954    -61.1295926   0.000   0.140   14.919  0.455   3      0.000   -0.800  352     612     76.1010708    -61.1586998   -420200.0000000  -1453000.0000000  -421000.0000000  -1453000.0000000  
169     392     616     0       0       76.0331397    -61.0458293   0.000   0.156   13.484  0.290   1      0.000   0.000   392     616     76.0331397    -61.0458293   -420200.0000000  -1461000.0000000  -420200.0000000  -1461000.0000000  
170     656     616     0       0       75.5709734    -60.5135691   0.000   0.099   9.610   0.220   1      0.000   0.000   656     616     75.5709734    -60.5135691   -420200.0000000  -1513800.0000000  -420200.0000000  -1513800.0000000  
171     744     616     -13     0       75.4167558    -60.3437236   0.000   0.124   12.329  0.252   1      -2.600  0.000   731     616     75.4395427    -60.3685856   -420200.0000000  -1531400.0000000  -420200.0000000  -1528800.0000000  
172     880     616     -36     -12     75.1782775    -60.0882612   0.000   0.121   11.752  0.254   1      -7.200  -2.400  844     604     75.2357047    -60.2376173   -420200.0000000  -1558600.0000000  -422600.0000000  -1551400.0000000  
173     1008    616     -43     -8      74.9536826    -59.8553045   0.000   0.196   19.316  0.393   2      -8.600  -1.600  965     608     75.0253966    -59.9870810   -420200.0000000  -1584200.0000000  -421800.0000000  -1575600.0000000  
174     1128    616     -46     -8      74.7430095    -59.6432065   0.000   0.121   11.748  0.205   1      -9.200  -1.600  1082    608     74.8200825    -59.7774218   -420200.0000000  -1608200.0000000  -421800.0000000  -1599000.0000000  
175     1896    616     -31     -7      73.3927014    -58.4147720   0.000   0.134   12.644  0.247   1      -6.200  -1.400  1865    609     73.4443034    -58.5036328   -420200.0000000  -1761800.0000000  -421600.0000000  -1755600.0000000  
176     1976    616     -33     -8      73.2519005    -58.2983483   0.000   0.184   17.028  0.324   2      -6.600  -1.600  1943    608     73.3066368    -58.3951217   -420200.0000000  -1777800.0000000  -421800.0000000  -1771200.0000000  
177     440     624     0       -1      75.9531602    -60.8887765   0.000   0.391   41.949  0.715   3      0.000   -0.200  440     623     75.9526619    -60.8959844   -418600.0000000  -1470600.0000000  -418800.0000000  -1470600.0000000  
178     552     624     0       1       75.7570654    -60.6621728   0.000   0.375   39.306  0.673   3      0.000   0.200   552     625     75.7575563    -60.6550567   -418600.0000000  -1493000.0000000  -418400.0000000  -1493000.0000000  
179     1040    624     -45     -8      74.9012169    -59.7442721   0.000   0.185   18.560  0.298   1      -9.000  -1.600  995     616     74.9764991    -59.8786429   -418600.0000000  -1590600.0000000  -420200.0000000  -1581600.0000000  
180     584     632     0       0       75.7049188    -60.5418471   0.000   0.315   32.090  0.547   3      0.000   0.000   584     632     75.7049188    -60.5418471   -417000.0000000  -1499400.0000000  -417000.0000000  -1499400.0000000  
181     1360    632     -51     -4      74.3425457    -59.1453719   0.000   0.160   14.932  0.275   1      -10.200  -0.800  1309    628     74.4304299    -59.2557476   -417000.0000000  -1654600.0000000  -417800.0000000  -1644400.0000000  
182     1392    632     -51     -4      74.2862753    -59.0930443   0.000   0.230   23.851  0.532   3      -10.200  -0.800  1341    628     74.3741754    -59.2027198   -417000.0000000  -1661000.0000000  -417800.0000000  -1650800.0000000  
183     1464    632     -52     -4      74.1596470    -58.9766828   0.000   0.178   17.255  0.422   3      -10.400  -0.800  1412    628     74.2493401    -59.0864333   -417000.0000000  -1675400.0000000  -417800.0000000  -1665000.0000000  
184     2040    632     -32     -8      73.1458323    -58.1095408   0.000   0.187   18.339  0.431   3      -6.400  -1.600  2008    624     73.1988854    -58.2036424   -417000.0000000  -1790600.0000000  -418600.0000000  -1784200.0000000  
185     688     640     0       0       75.5264663    -60.2831792   0.000   0.222   22.647  0.416   3      0.000   0.000   688     640     75.5264663    -60.2831792   -415400.0000000  -1520200.0000000  -415400.0000000  -1520200.0000000  
186     1096    640     -48     -9      74.8101948    -59.5384274   0.000   0.223   23.554  0.575   3      -9.600  -1.800  1048    631     74.8903963    -59.6829677   -415400.0000000  -1601800.0000000  -417200.0000000  -1592200.0000000  
187     1312    648     -51     -5      74.4340455    -59.1198056   0.000   0.182   16.925  0.354   2      -10.200  -1.000  1261    643     74.5215152    -59.2372805   -413800.0000000  -1645000.0000000  -414800.0000000  -1634800.0000000  
188     1896    648     -32     -8      73.4060366    -58.2176783   0.000   0.177   17.142  0.382   2      -6.400  -1.600  1864    640     73.4590717    -58.3136323   -413800.0000000  -1761800.0000000  -415400.0000000  -1755400.0000000  
189     1944    648     -32     -8      73.3214871    -58.1485409   0.000   0.225   21.808  0.379   2      -6.400  -1.600  1912    640     73.3745444    -58.2437767   -413800.0000000  -1771400.0000000  -415400.0000000  -1765000.0000000  
190     448     656     0       -2      75.9549712    -60.6416690   0.000   0.338   36.258  0.740   3      0.000   -0.400  448     654     75.9539895    -60.6561037   -412200.0000000  -1472200.0000000  -412600.0000000  -1472200.0000000  
191     552     656     0       1       75.7726682    -60.4342120   0.000   0.355   39.318  0.405   3      0.000   0.200   552     657     75.7731522    -60.4270802   -412200.0000000  -1493000.0000000  -412000.0000000  -1493000.0000000  
192     720     656     0       0       75.4779490    -60.1102048   0.000   0.241   24.284  0.520   3      0.000   0.000   720     656     75.4779490    -60.1102048   -412200.0000000  -1526600.0000000  -412200.0000000  -1526600.0000000  
193     1040    656     -47     -8      74.9158982    -59.5284544   0.000   0.295   32.241  0.556   3      -9.400  -1.600  993     648     74.9948279    -59.6654123   -412200.0000000  -1590600.0000000  -413800.0000000  -1581200.0000000  
194     1352    664     -51     -4      74.3707043    -58.9497606   0.000   0.215   21.236  0.468   3      -10.200  -0.800  1301    660     74.4586954    -59.0592189   -410600.0000000  -1653000.0000000  -411400.0000000  -1642800.0000000  
195     1384    664     -52     -4      74.3143823    -58.8980484   0.000   0.297   28.789  0.567   3      -10.400  -0.800  1332    660     74.4041484    -59.0084435   -410600.0000000  -1659400.0000000  -411400.0000000  -1649000.0000000  
196     1448    664     -52     -5      74.2017230    -58.7957437   0.000   0.153   13.559  0.420   3      -10.400  -1.000  1396    659     74.2910832    -58.9112430   -410600.0000000  -1672200.0000000  -411600.0000000  -1661800.0000000  
197     1752    664     -28     -17     73.6663464    -58.3293094   0.000   0.094   8.748   0.203   1      -5.600  -3.400  1724    647     73.7085261    -58.4776672   -410600.0000000  -1733000.0000000  -414000.0000000  -1727400.0000000  
198     944     672     -42     -11     75.0919454    -59.5891058   0.000   0.111   9.772   0.204   1      -8.400  -2.200  902     661     75.1606964    -59.7395931   -409000.0000000  -1571400.0000000  -411200.0000000  -1563000.0000000  
199     1096    672     -49     -8      74.8246717    -59.3237202   0.000   0.149   15.281  0.318   2      -9.800  -1.600  1047    664     74.9072288    -59.4622391   -409000.0000000  -1601800.0000000  -410600.0000000  -1592000.0000000  
200     1488    672     -53     -5      74.1347367    -58.6810524   0.000   0.078   8.815   0.233   1      -10.600  -1.000  1435    667     74.2259064    -58.7969870   -409000.0000000  -1680200.0000000  -410000.0000000  -1669600.0000000  
201     976     680     -45     -10     75.0393300    -59.4779817   354.375  0.105   8.511   0.232   1      -9.000  -2.000  931     670     75.1138798    -59.6259288   -407400.0000000  -1577800.0000000  -409400.0000000  -1568800.0000000  
202     1008    680     -47     -9      74.9830537    -59.4219362   0.000   0.175   16.662  0.343   2      -9.400  -1.800  961     671     75.0616044    -59.5657642   -407400.0000000  -1584200.0000000  -409200.0000000  -1574800.0000000  
203     1320    680     -51     -4      74.4340164    -58.8969735   0.000   0.210   19.127  0.396   3      -10.200  -0.800  1269    676     74.5220473    -59.0065813   -407400.0000000  -1646600.0000000  -408200.0000000  -1636400.0000000  
204     1416    688     -52     -6      74.2684113    -58.6909654   0.000   0.127   11.888  0.280   2      -10.400  -1.200  1364    682     74.3574098    -58.8128851   -405800.0000000  -1665800.0000000  -407000.0000000  -1655400.0000000  
205     1856    688     -32     -9      73.4929598    -58.0280159   0.000   0.143   12.386  0.286   1      -6.400  -1.800  1824    679     73.5456855    -58.1300834   -405800.0000000  -1753800.0000000  -407600.0000000  -1747400.0000000  
206     2064    688     -31     -13     73.1261810    -57.7361091   0.000   0.108   9.936   0.249   1      -6.200  -2.600  2033    675     73.1756355    -57.8579578   -405800.0000000  -1795400.0000000  -408400.0000000  -1789200.0000000  
207     456     696     1       -3      75.9603810    -60.3366672   354.375  0.256   27.923  0.576   3      0.200   -0.600  457     693     75.9571813    -60.3563734   -404200.0000000  -1473800.0000000  -404800.0000000  -1474000.0000000  
208     488     696     0       -1      75.9042170    -60.2734588   0.000   0.336   36.285  0.752   3      0.000   -0.200  488     695     75.9037375    -60.2806630   -404200.0000000  -1480200.0000000  -404400.0000000  -1480200.0000000  
209     1288    696     -50     -5      74.4973246    -58.8437501   0.000   0.208   21.776  0.450   3      -10.000  -1.000  1238    691     74.5831970    -58.9584814   -404200.0000000  -1640200.0000000  -405200.0000000  -1630200.0000000  
210     1688    696     -26     -12     73.7924425    -58.2230677   0.000   0.086   7.547   0.255   1      -5.200  -2.400  1662    684     73.8332792    -58.3376837   -404200.0000000  -1720200.0000000  -406600.0000000  -1715000.0000000  
211     1768    704     -29     -17     73.6546710    -58.0553380   5.625   0.154   14.696  0.418   2      -5.800  -3.400  1739    687     73.6988114    -58.2043418   -402600.0000000  -1736200.0000000  -406000.0000000  -1730400.0000000  
212     760     712     0       0       75.4338094    -59.6442775   0.000   0.202   19.869  0.369   2      0.000   0.000   760     712     75.4338094    -59.6442775   -401000.0000000  -1534600.0000000  -401000.0000000  -1534600.0000000  
213     1048    712     -48     -8      74.9269951    -59.1361119   0.000   0.125   13.646  0.269   1      -9.600  -1.600  1000    704     75.0079290    -59.2728117   -401000.0000000  -1592200.0000000  -402600.0000000  -1582600.0000000  
214     1080    712     -49     -8      74.8706476    -59.0817738   0.000   0.191   18.533  0.390   2      -9.800  -1.600  1031    704     74.9533655    -59.2193777   -401000.0000000  -1598600.0000000  -402600.0000000  -1588800.0000000  
215     1976    712     -30     -10     73.2909744    -57.7109020   0.000   0.158   14.801  0.373   2      -6.000  -2.000  1946    702     73.3399049    -57.8140496   -401000.0000000  -1777800.0000000  -403000.0000000  -1771800.0000000  
216     520     720     0       0       75.8594355    -60.0383524   0.000   0.355   38.089  0.668   3      0.000   0.000   520     720     75.8594355    -60.0383524   -399400.0000000  -1486600.0000000  -399400.0000000  -1486600.0000000  
217     592     720     0       0       75.7329017    -59.9005269   0.000   0.202   19.718  0.579   3      0.000   0.000   592     720     75.7329017    -59.9005269   -399400.0000000  -1501000.0000000  -399400.0000000  -1501000.0000000  
218     1320    720     -51     -4      74.4512800    -58.6343643   0.000   0.285   30.144  0.543   3      -10.200  -0.800  1269    716     74.5394483    -58.7425823   -399400.0000000  -1646600.0000000  -400200.0000000  -1636400.0000000  
219     1864    720     -32     -9      73.4918002    -57.8180907   0.000   0.106   9.660   0.254   1      -6.400  -1.800  1832    711     73.5446317    -57.9194689   -399400.0000000  -1755400.0000000  -401200.0000000  -1749000.0000000  
220     2064    720     -30     -14     73.1388408    -57.5416472   0.000   0.158   15.362  0.253   1      -6.000  -2.800  2034    706     73.1862559    -57.6677350   -399400.0000000  -1795400.0000000  -402200.0000000  -1789400.0000000  
221     656     752     0       0       75.6351221    -59.5533682   0.000   0.328   34.787  0.595   3      0.000   0.000   656     752     75.6351221    -59.5533682   -393000.0000000  -1513800.0000000  -393000.0000000  -1513800.0000000  
222     1528    752     -13     -16     74.0977959    -58.1046217   0.000   0.094   8.779   0.201   1      -2.600  -3.200  1515    736     74.1141323    -58.2272570   -393000.0000000  -1688200.0000000  -396200.0000000  -1685600.0000000  
223     2048    752     -27     -14     73.1795708    -57.3682588   5.625   0.215   22.593  0.447   3      -5.400  -2.800  2021    738     73.2218040    -57.4900962   -393000.0000000  -1792200.0000000  -395800.0000000  -1786800.0000000  
224     960     760     0       1       75.1031918    -58.9591617   0.000   0.185   13.009  0.287   2      0.000   0.200   960     761     75.1036298    -58.9523075   -391400.0000000  -1574600.0000000  -391200.0000000  -1574600.0000000  
225     1032    760     0       0       74.9762539    -58.8375424   0.000   0.152   17.594  0.359   2      0.000   0.000   1032    760     74.9762539    -58.8375424   -391400.0000000  -1589000.0000000  -391400.0000000  -1589000.0000000  
226     992     768     0       0       75.0502638    -58.8502022   0.000   0.115   10.729  0.432   3      0.000   0.000   992     768     75.0502638    -58.8502022   -389800.0000000  -1581000.0000000  -389800.0000000  -1581000.0000000  
227     584     776     0       0       75.7728392    -59.5153570   0.000   0.361   37.184  0.646   3      0.000   0.000   584     776     75.7728392    -59.5153570   -388200.0000000  -1499400.0000000  -388200.0000000  -1499400.0000000  
228     688     776     0       0       75.5896522    -59.3249785   0.000   0.345   37.361  0.620   3      0.000   0.000   688     776     75.5896522    -59.3249785   -388200.0000000  -1520200.0000000  -388200.0000000  -1520200.0000000  
229     1200    776     0       -6      74.6867342    -58.4548594   0.000   0.122   10.814  0.249   1      0.000   -1.200  1200    770     74.6841970    -58.4949320   -388200.0000000  -1622600.0000000  -389400.0000000  -1622600.0000000  
230     2008    776     -25     -11     73.2595060    -57.2749057   5.625   0.161   16.089  0.378   2      -5.000  -2.200  1983    765     73.2994353    -57.3759611   -388200.0000000  -1784200.0000000  -390400.0000000  -1779200.0000000  
231     720     784     0       1       75.5368477    -59.2109628   0.000   0.190   22.090  0.203   1      0.000   0.200   720     785     75.5372940    -59.2039087   -386600.0000000  -1526600.0000000  -386400.0000000  -1526600.0000000  
232     752     784     0       1       75.4804436    -59.1540237   0.000   0.388   39.225  0.635   3      0.000   0.200   752     785     75.4808880    -59.1469955   -386600.0000000  -1533000.0000000  -386400.0000000  -1533000.0000000  
233     792     784     0       1       75.4099281    -59.0834753   0.000   0.202   20.021  0.469   3      0.000   0.200   792     785     75.4103703    -59.0764793   -386600.0000000  -1541000.0000000  -386400.0000000  -1541000.0000000  
234     1272    784     0       0       74.5629876    -58.2877212   0.000   0.167   16.569  0.225   1      0.000   0.000   1272    784     74.5629876    -58.2877212   -386600.0000000  -1637000.0000000  -386600.0000000  -1637000.0000000  
235     1320    784     0       0       74.4782296    -58.2129763   0.000   0.260   26.276  0.511   3      0.000   0.000   1320    784     74.4782296    -58.2129763   -386600.0000000  -1646600.0000000  -386600.0000000  -1646600.0000000  
236     1352    784     0       0       74.4217191    -58.1636035   0.000   0.226   21.880  0.442   3      0.000   0.000   1352    784     74.4217191    -58.1636035   -386600.0000000  -1653000.0000000  -386600.0000000  -1653000.0000000  
237     1384    784     0       0       74.3652046    -58.1145919   0.000   0.208   21.195  0.455   3      0.000   0.000   1384    784     74.3652046    -58.1145919   -386600.0000000  -1659400.0000000  -386600.0000000  -1659400.0000000  
238     1584    784     1       2       74.0119070    -57.8162149   354.375  0.116   10.361  0.319   2      0.200   0.400   1585    786     74.0109435    -57.8019347   -386600.0000000  -1699400.0000000  -386200.0000000  -1699600.0000000  
239     1752    784     -19     -17     73.7150465    -57.5757078   11.250  0.145   12.436  0.342   2      -3.800  -3.400  1733    767     73.7418788    -57.7097101   -386600.0000000  -1733000.0000000  -390000.0000000  -1729200.0000000  
240     2048    784     -25     -14     73.1918691    -57.1728958   5.625   0.110   11.817  0.321   2      -5.000  -2.800  2023    770     73.2306895    -57.2916565   -386600.0000000  -1792200.0000000  -389400.0000000  -1787200.0000000  
241     1040    792     0       0       74.9759255    -58.6065799   0.000   0.320   33.347  0.479   3      0.000   0.000   1040    792     74.9759255    -58.6065799   -385000.0000000  -1590600.0000000  -385000.0000000  -1590600.0000000  
242     1848    792     -16     -4      73.5484967    -57.3923218   22.500  0.093   9.012   0.267   1      -3.200  -0.800  1832    788     73.5752228    -57.4392864   -385000.0000000  -1752200.0000000  -385800.0000000  -1749000.0000000  
243     624     800     -1      -2      75.7132160    -59.2703213   0.000   0.161   16.495  0.260   1      -0.200  -0.400  623     798     75.7140815    -59.2864184   -383400.0000000  -1507400.0000000  -383800.0000000  -1507200.0000000  
244     1072    800     0       0       74.9228412    -58.4998040   0.000   0.349   37.012  0.595   3      0.000   0.000   1072    800     74.9228412    -58.4998040   -383400.0000000  -1597000.0000000  -383400.0000000  -1597000.0000000  
245     984     808     0       1       75.0816111    -58.5898185   0.000   0.279   31.078  0.591   3      0.000   0.200   984     809     75.0820378    -58.5829635   -381800.0000000  -1579400.0000000  -381600.0000000  -1579400.0000000  
246     1200    808     0       0       74.7001412    -58.2409135   0.000   0.212   23.102  0.481   3      0.000   0.000   1200    808     74.7001412    -58.2409135   -381800.0000000  -1622600.0000000  -381800.0000000  -1622600.0000000  
247     1168    816     0       0       74.7600012    -58.2377535   0.000   0.267   25.083  0.592   3      0.000   0.000   1168    816     74.7600012    -58.2377535   -380200.0000000  -1616200.0000000  -380200.0000000  -1616200.0000000  
248     1464    816     0       -1      74.2368425    -57.7856404   0.000   0.182   19.342  0.518   3      0.000   -0.200  1464    815     74.2364412    -57.7921449   -380200.0000000  -1675400.0000000  -380400.0000000  -1675400.0000000  
249     1568    816     1       -1      74.0529600    -57.6339165   0.000   0.152   14.744  0.364   2      0.200   -0.200  1569    815     74.0507954    -57.6389065   -380200.0000000  -1696200.0000000  -380400.0000000  -1696400.0000000  
250     1640    816     0       -5      73.9256398    -57.5309356   5.625   0.116   10.049  0.248   1      0.000   -1.000  1640    811     73.9236721    -57.5628494   -380200.0000000  -1710600.0000000  -381200.0000000  -1710600.0000000  
251     1248    824     0       0       74.6219268    -58.0592060   0.000   0.347   36.294  0.599   3      0.000   0.000   1248    824     74.6219268    -58.0592060   -378600.0000000  -1632200.0000000  -378600.0000000  -1632200.0000000  
252     1432    824     0       0       74.2966306    -57.7808201   0.000   0.259   28.191  0.606   3      0.000   0.000   1432    824     74.2966306    -57.7808201   -378600.0000000  -1669000.0000000  -378600.0000000  -1669000.0000000  
253     1608    824     1       -4      73.9853779    -57.5252479   5.625   0.157   15.347  0.304   1      0.200   -0.800  1609    820     73.9820361    -57.5494505   -378600.0000000  -1704200.0000000  -379400.0000000  -1704400.0000000  
254     776     832     1       0       75.4591606    -58.7747009   0.000   0.235   20.556  0.566   3      0.200   0.000   777     832     75.4573950    -58.7729778   -377000.0000000  -1537800.0000000  -377000.0000000  -1538000.0000000  
255     872     832     0       -1      75.2896375    -58.6111955   0.000   0.294   30.577  0.337   2      0.000   -0.200  872     831     75.2892098    -58.6181475   -377000.0000000  -1557000.0000000  -377200.0000000  -1557000.0000000  
256     904     832     0       0       75.2331177    -58.5575368   0.000   0.513   59.668  0.798   3      0.000   0.000   904     832     75.2331177    -58.5575368   -377000.0000000  -1563400.0000000  -377000.0000000  -1563400.0000000  
257     936     832     0       0       75.1765921    -58.5042917   0.000   0.452   51.877  0.713   3      0.000   0.000   936     832     75.1765921    -58.5042917   -377000.0000000  -1569800.0000000  -377000.0000000  -1569800.0000000  
258     1288    832     0       0       74.5544785    -57.9446027   0.000   0.342   36.623  0.645   3      0.000   0.000   1288    832     74.5544785    -57.9446027   -377000.0000000  -1640200.0000000  -377000.0000000  -1640200.0000000  
259     1400    832     0       0       74.3564269    -57.7759624   0.000   0.303   31.448  0.601   3      0.000   0.000   1400    832     74.3564269    -57.7759624   -377000.0000000  -1662600.0000000  -377000.0000000  -1662600.0000000  
260     976     840     0       0       75.1092976    -58.3833333   0.000   0.283   29.497  0.587   3      0.000   0.000   976     840     75.1092976    -58.3833333   -375400.0000000  -1577800.0000000  -375400.0000000  -1577800.0000000  
261     1008    840     0       0       75.0527464    -58.3312000   0.000   0.283   29.226  0.478   3      0.000   0.000   1008    840     75.0527464    -58.3312000   -375400.0000000  -1584200.0000000  -375400.0000000  -1584200.0000000  
262     1040    840     0       0       74.9961900    -58.2794641   0.000   0.389   42.994  0.690   3      0.000   0.000   1040    840     74.9961900    -58.2794641   -375400.0000000  -1590600.0000000  -375400.0000000  -1590600.0000000  
263     1128    840     0       0       74.8406351    -58.1392030   0.000   0.260   27.448  0.488   3      0.000   0.000   1128    840     74.8406351    -58.1392030   -375400.0000000  -1608200.0000000  -375400.0000000  -1608200.0000000  
264     1504    840     0       -1      74.1756484    -57.5713254   0.000   0.288   30.392  0.527   3      0.000   -0.200  1504    839     74.1752538    -57.5778099   -375400.0000000  -1683400.0000000  -375600.0000000  -1683400.0000000  
265     1712    840     1       -10     73.8076066    -57.2774595   5.625   0.189   17.943  0.398   2      0.200   -2.000  1713    830     73.8019764    -57.3394835   -375400.0000000  -1725000.0000000  -377400.0000000  -1725200.0000000  
266     664     848     0       -3      75.6638600    -58.8563990   0.000   0.094   8.615   0.359   2      0.000   -0.600  664     845     75.6625524    -58.8777813   -373800.0000000  -1515400.0000000  -374400.0000000  -1515400.0000000  
267     1320    848     0       0       74.5043483    -57.7901279   0.000   0.318   34.493  0.641   3      0.000   0.000   1320    848     74.5043483    -57.7901279   -373800.0000000  -1646600.0000000  -373800.0000000  -1646600.0000000  
268     1352    848     0       0       74.4477383    -57.7422275   0.000   0.273   28.867  0.532   3      0.000   0.000   1352    848     74.4477383    -57.7422275   -373800.0000000  -1653000.0000000  -373800.0000000  -1653000.0000000  
269     1472    848     0       0       74.2354227    -57.5657013   0.000   0.276   28.467  0.531   3      0.000   0.000   1472    848     74.2354227    -57.5657013   -373800.0000000  -1677000.0000000  -373800.0000000  -1677000.0000000  
270     1656    848     1       -6      73.9097985    -57.3041862   0.000   0.098   9.852   0.236   1      0.200   -1.200  1657    842     73.9057091    -57.3410811   -373800.0000000  -1713800.0000000  -375000.0000000  -1714000.0000000  
271     744     856     0       -1      75.5260233    -58.6606140   0.000   0.093   10.906  0.325   2      0.000   -0.200  744     855     75.5255938    -58.6676792   -372200.0000000  -1531400.0000000  -372400.0000000  -1531400.0000000  
272     1232    856     0       0       74.6632475    -57.8702263   0.000   0.244   25.884  0.353   2      0.000   0.000   1232    856     74.6632475    -57.8702263   -372200.0000000  -1629000.0000000  -372200.0000000  -1629000.0000000  
273     1872    856     0       0       73.5304682    -56.9606232   0.000   0.166   15.332  0.417   3      0.000   0.000   1872    856     73.5304682    -56.9606232   -372200.0000000  -1757000.0000000  -372200.0000000  -1757000.0000000  
274     776     864     0       -1      75.4729006    -58.5495512   0.000   0.290   28.599  0.592   3      0.000   -0.200  776     863     75.4724746    -58.5565936   -370600.0000000  -1537800.0000000  -370800.0000000  -1537800.0000000  
275     1440    864     0       0       74.2983530    -57.5077439   0.000   0.333   35.247  0.594   3      0.000   0.000   1440    864     74.2983530    -57.5077439   -370600.0000000  -1670600.0000000  -370600.0000000  -1670600.0000000  
276     1128    872     0       0       74.8537339    -57.9227811   0.000   0.264   29.290  0.550   3      0.000   0.000   1128    872     74.8537339    -57.9227811   -369000.0000000  -1608200.0000000  -369000.0000000  -1608200.0000000  
277     1504    872     0       -1      74.1881710    -57.3636491   0.000   0.242   24.842  0.513   3      0.000   -0.200  1504    871     74.1877827    -57.3701440   -369000.0000000  -1683400.0000000  -369200.0000000  -1683400.0000000  
278     1272    880     0       0       74.6020765    -57.6495644   0.000   0.319   33.634  0.622   3      0.000   0.000   1272    880     74.6020765    -57.6495644   -367400.0000000  -1637000.0000000  -367400.0000000  -1637000.0000000  
279     1400    880     0       0       74.3754426    -57.4609209   0.000   0.287   29.974  0.576   3      0.000   0.000   1400    880     74.3754426    -57.4609209   -367400.0000000  -1662600.0000000  -367400.0000000  -1662600.0000000  
280     1624    880     0       0       73.9787321    -57.1437909   0.000   0.153   14.846  0.333   2      0.000   0.000   1624    880     73.9787321    -57.1437909   -367400.0000000  -1707400.0000000  -367400.0000000  -1707400.0000000  
281     1072    888     0       0       74.9593315    -57.9013013   0.000   0.386   41.441  0.717   3      0.000   0.000   1072    888     74.9593315    -57.9013013   -365800.0000000  -1597000.0000000  -365800.0000000  -1597000.0000000  
282     1304    888     0       0       74.5485826    -57.5487403   0.000   0.264   28.942  0.556   3      0.000   0.000   1304    888     74.5485826    -57.5487403   -365800.0000000  -1643400.0000000  -365800.0000000  -1643400.0000000  
283     1944    888     2       -6      73.4147921    -56.6677624   5.625   0.138   14.089  0.356   2      0.400   -1.200  1946    882     73.4090497    -56.7024142   -365800.0000000  -1771400.0000000  -367000.0000000  -1771800.0000000  
284     1688    896     0       0       73.8713960    -56.9541090   0.000   0.167   16.176  0.360   2      0.000   0.000   1688    896     73.8713960    -56.9541090   -364200.0000000  -1720200.0000000  -364200.0000000  -1720200.0000000  
285     1576    904     0       0       74.0728919    -57.0555718   0.000   0.155   13.598  0.503   3      0.000   0.000   1576    904     74.0728919    -57.0555718   -362600.0000000  -1697800.0000000  -362600.0000000  -1697800.0000000  
286     1656    904     0       0       73.9311075    -56.9462695   0.000   0.133   14.672  0.313   2      0.000   0.000   1656    904     73.9311075    -56.9462695   -362600.0000000  -1713800.0000000  -362600.0000000  -1713800.0000000  
287     1872    904     0       0       73.5482497    -56.6606828   0.000   0.169   15.215  0.267   1      0.000   0.000   1872    904     73.5482497    -56.6606828   -362600.0000000  -1757000.0000000  -362600.0000000  -1757000.0000000  
288     2024    904     0       0       73.2788117    -56.4676563   0.000   0.165   15.828  0.247   1      0.000   0.000   2024    904     73.2788117    -56.4676563   -362600.0000000  -1787400.0000000  -362600.0000000  -1787400.0000000  
289     1104    912     0       0       74.9123202    -57.6883761   0.000   0.390   42.036  0.674   3      0.000   0.000   1104    912     74.9123202    -57.6883761   -361000.0000000  -1603400.0000000  -361000.0000000  -1603400.0000000  
290     1384    912     1       4       74.4162159    -57.2733743   354.375  0.147   11.056  0.259   1      0.200   0.800   1385    916     74.4159840    -57.2455661   -361000.0000000  -1659400.0000000  -360200.0000000  -1659600.0000000  
291     1184    928     0       1       74.7768935    -57.4591094   0.000   0.364   40.099  0.629   3      0.000   0.200   1184    929     74.7772850    -57.4523624   -357800.0000000  -1619400.0000000  -357600.0000000  -1619400.0000000  
292     1216    928     0       0       74.7201755    -57.4115867   0.000   0.186   16.783  0.319   2      0.000   0.000   1216    928     74.7201755    -57.4115867   -357800.0000000  -1625800.0000000  -357800.0000000  -1625800.0000000  
293     1296    928     0       0       74.5783671    -57.2943267   0.000   0.172   16.155  0.449   3      0.000   0.000   1296    928     74.5783671    -57.2943267   -357800.0000000  -1641800.0000000  -357800.0000000  -1641800.0000000  
294     1416    928     0       -1      74.3656235    -57.1224718   0.000   0.198   19.385  0.543   3      0.000   -0.200  1416    927     74.3652426    -57.1290474   -357800.0000000  -1665800.0000000  -358000.0000000  -1665800.0000000  
295     1464    928     0       0       74.2805170    -57.0550478   0.000   0.281   28.903  0.545   3      0.000   0.000   1464    928     74.2805170    -57.0550478   -357800.0000000  -1675400.0000000  -357800.0000000  -1675400.0000000  
296     1608    928     0       0       74.0251722    -56.8571387   0.000   0.189   17.835  0.377   2      0.000   0.000   1608    928     74.0251722    -56.8571387   -357800.0000000  -1704200.0000000  -357800.0000000  -1704200.0000000  
297     1576    936     0       0       74.0849017    -56.8488540   0.000   0.158   14.451  0.250   1      0.000   0.000   1576    936     74.0849017    -56.8488540   -356200.0000000  -1697800.0000000  -356200.0000000  -1697800.0000000  
298     1896    936     0       0       73.5172831    -56.4299601   0.000   0.164   17.287  0.340   2      0.000   0.000   1896    936     73.5172831    -56.4299601   -356200.0000000  -1761800.0000000  -356200.0000000  -1761800.0000000  
299     1248    944     0       0       74.6696450    -57.2571952   0.000   0.311   31.935  0.662   3      0.000   0.000   1248    944     74.6696450    -57.2571952   -354600.0000000  -1632200.0000000  -354600.0000000  -1632200.0000000  
300     1408    960     0       -1      74.3919013    -56.9230091   0.000   0.127   11.260  0.260   1      0.000   -0.200  1408    959     74.3915265    -56.9296007   -351400.0000000  -1664200.0000000  -351600.0000000  -1664200.0000000  
301     1440    960     0       -1      74.3351188    -56.8786325   0.000   0.269   26.834  0.455   3      0.000   -0.200  1440    959     74.3347454    -56.8852011   -351400.0000000  -1670600.0000000  -351600.0000000  -1670600.0000000  
302     1480    960     0       -1      74.2641381    -56.8236177   0.000   0.245   25.427  0.595   3      0.000   -0.200  1480    959     74.2637665    -56.8301575   -351400.0000000  -1678600.0000000  -351600.0000000  -1678600.0000000  
303     1608    960     0       0       74.0369843    -56.6508979   0.000   0.245   24.354  0.676   3      0.000   0.000   1608    960     74.0369843    -56.6508979   -351400.0000000  -1704200.0000000  -351400.0000000  -1704200.0000000  
304     1640    960     0       0       73.9801928    -56.6084927   0.000   0.189   17.597  0.406   3      0.000   0.000   1640    960     73.9801928    -56.6084927   -351400.0000000  -1710600.0000000  -351400.0000000  -1710600.0000000  
305     1144    968     0       1       74.8633597    -57.2476490   0.000   0.214   21.299  0.394   2      0.000   0.200   1144    969     74.8637447    -57.2408576   -349800.0000000  -1611400.0000000  -349600.0000000  -1611400.0000000  
306     2024    968     0       0       73.3014364    -56.0730214   0.000   0.152   14.254  0.249   1      0.000   0.000   2024    968     73.3014364    -56.0730214   -349800.0000000  -1787400.0000000  -349800.0000000  -1787400.0000000  
307     1568    976     0       -1      74.1138290    -56.6006529   0.000   0.252   24.292  0.498   3      0.000   -0.200  1568    975     74.1134645    -56.6071354   -348200.0000000  -1696200.0000000  -348400.0000000  -1696200.0000000  
308     1824    976     0       -1      73.6593119    -56.2695709   0.000   0.142   13.221  0.211   1      0.000   -0.200  1824    975     73.6589580    -56.2758781   -348200.0000000  -1747400.0000000  -348400.0000000  -1747400.0000000  
309     1296    992     0       -2      74.6026701    -56.8671991   0.000   0.237   23.444  0.334   2      0.000   -0.400  1296    990     74.6019234    -56.8805674   -345000.0000000  -1641800.0000000  -345400.0000000  -1641800.0000000  
