CP      startX  startY  dispX   dispY   sLat          sLon          theta   pCorr   pkStr   cCorr   conf   velX    velY    endX    endY    eLat          eLon          nps_startX    nps_startY    nps_endX      nps_endY      
0       1512    296     56      118     69.0614055    -173.6824440  0.000   0.118   11.649  0.258   1      11.200  23.600  1568    414     69.2886460    -173.8342421  -1789800.0000000  1433000.0000000  -1766200.0000000  1421800.0000000  
1       1440    320     55      107     69.0140619    -174.0375018  0.000   0.142   13.612  0.276   1      11.000  21.400  1495    427     69.2245470    -174.1617964  -1785000.0000000  1447400.0000000  -1763600.0000000  1436400.0000000  
2       1472    320     55      108     69.0500393    -173.9133450  0.000   0.166   16.301  0.337   2      11.000  21.600  1527    428     69.2620332    -174.0397513  -1785000.0000000  1441000.0000000  -1763400.0000000  1430000.0000000  
3       1544    320     56      118     69.1306490    -173.6323966  0.000   0.133   12.341  0.283   1      11.200  23.600  1600    438     69.3579852    -173.7841523  -1785000.0000000  1426600.0000000  -1761400.0000000  1415400.0000000  
4       1512    352     56      118     69.1394649    -173.8580411  0.000   0.139   11.038  0.339   2      11.200  23.600  1568    470     69.3665922    -174.0124005  -1778600.0000000  1433000.0000000  -1755000.0000000  1421800.0000000  
5       1544    352     55      118     69.1753163    -173.7328045  0.000   0.206   21.151  0.433   3      11.000  23.600  1599    470     69.4014649    -173.8899839  -1778600.0000000  1426600.0000000  -1755000.0000000  1415600.0000000  
6       1440    360     54      106     69.0695495    -174.1634653  0.000   0.120   11.205  0.224   1      10.800  21.200  1494    466     69.2774548    -174.2901177  -1777000.0000000  1447400.0000000  -1755800.0000000  1436600.0000000  
7       1440    392     53      106     69.1138748    -174.2647280  0.000   0.114   11.128  0.223   1      10.600  21.200  1493    498     69.3205926    -174.3966095  -1770600.0000000  1447400.0000000  -1749400.0000000  1436800.0000000  
8       1656    408     62      119     69.3785975    -173.4671555  0.000   0.116   9.930   0.238   1      12.400  23.800  1718    527     69.6143640    -173.5980412  -1767400.0000000  1404200.0000000  -1743600.0000000  1391800.0000000  
9       1712    440     62      120     69.4857361    -173.3449776  0.000   0.154   14.376  0.204   1      12.400  24.000  1774    560     69.7230791    -173.4783323  -1761000.0000000  1393000.0000000  -1737000.0000000  1380600.0000000  
10      1744    448     62      120     69.5324732    -173.2419832  0.000   0.125   10.109  0.237   1      12.400  24.000  1806    568     69.7699334    -173.3744191  -1759400.0000000  1386600.0000000  -1735400.0000000  1374200.0000000  
11      1624    456     62      118     69.4099890    -173.7463589  0.000   0.078   8.314   0.259   1      12.400  23.600  1686    574     69.6441559    -173.8775214  -1757800.0000000  1410600.0000000  -1734200.0000000  1398200.0000000  
12      1656    464     62      119     69.4569674    -173.6446862  0.000   0.171   17.682  0.376   2      12.400  23.800  1718    583     69.6926455    -173.7781911  -1756200.0000000  1404200.0000000  -1732400.0000000  1391800.0000000  
13      1784    472     61      122     69.6105300    -173.1569382  0.000   0.116   10.590  0.281   1      12.200  24.400  1845    594     69.8498166    -173.2993958  -1754600.0000000  1378600.0000000  -1730200.0000000  1366400.0000000  
14      1696    488     61      120     69.5352136    -173.5615309  0.000   0.194   18.566  0.303   2      12.200  24.000  1757    608     69.7712932    -173.7018513  -1751400.0000000  1396200.0000000  -1727400.0000000  1384000.0000000  
15      1624    496     62      119     69.4657723    -173.8739986  0.000   0.131   11.906  0.224   1      12.400  23.800  1686    615     69.7012670    -174.0102787  -1749800.0000000  1410600.0000000  -1726000.0000000  1398200.0000000  
16      1728    496     61      120     69.5820939    -173.4587881  0.000   0.182   18.622  0.312   2      12.200  24.000  1789    616     69.8182944    -173.5982147  -1749800.0000000  1389800.0000000  -1725800.0000000  1377600.0000000  
17      1320    504     42      25      69.1310233    -175.0861693  0.000   0.110   9.760   0.222   1      8.400   5.000   1362    529     69.2135705    -175.0054295  -1748200.0000000  1471400.0000000  -1743200.0000000  1463000.0000000  
18      1824    504     61      122     69.6998390    -173.0966734  0.000   0.178   16.852  0.330   2      12.200  24.400  1885    626     69.9392416    -173.2390450  -1748200.0000000  1370600.0000000  -1723800.0000000  1358400.0000000  
19      1760    512     61      121     69.6401484    -173.3810946  0.000   0.159   15.437  0.306   2      12.200  24.200  1821    633     69.8778579    -173.5232429  -1746600.0000000  1383400.0000000  -1722400.0000000  1371200.0000000  
20      1856    520     61      122     69.7577414    -173.0174605  0.000   0.119   13.178  0.447   2      12.200  24.400  1917    642     69.9972533    -173.1592854  -1745000.0000000  1364200.0000000  -1720600.0000000  1352000.0000000  
21      1648    528     61      119     69.5373302    -173.8811560  0.000   0.212   22.412  0.395   2      12.200  23.800  1709    647     69.7717417    -174.0220358  -1743400.0000000  1405800.0000000  -1719600.0000000  1393600.0000000  
22      1720    528     61      120     69.6179977    -173.5932161  0.000   0.227   21.128  0.380   2      12.200  24.000  1781    648     69.8541086    -173.7345041  -1743400.0000000  1391400.0000000  -1719400.0000000  1379200.0000000  
23      1680    536     61      120     69.5844106    -173.7791526  0.000   0.218   21.400  0.293   1      12.200  24.000  1741    656     69.8203367    -173.9224192  -1741800.0000000  1399400.0000000  -1717800.0000000  1387200.0000000  
24      1816    536     61      122     69.7360513    -173.2312420  0.000   0.161   15.689  0.290   1      12.200  24.400  1877    658     69.9753628    -173.3755170  -1741800.0000000  1372200.0000000  -1717400.0000000  1360000.0000000  
25      1296    552     39      23      69.1688647    -175.3337197  354.375  0.125   13.255  0.394   3      7.800   4.600   1335    575     69.2453475    -175.2588653  -1738600.0000000  1476200.0000000  -1734000.0000000  1468400.0000000  
26      1872    552     60      123     69.8205593    -173.0543283  0.000   0.173   16.429  0.293   1      12.000  24.600  1932    675     70.0603844    -173.2044382  -1738600.0000000  1361000.0000000  -1714000.0000000  1349000.0000000  
27      1920    552     70      109     69.8734613    -172.8576401  0.000   0.151   11.851  0.183   1      14.000  21.800  1990    661     70.1047378    -172.9188566  -1738600.0000000  1351400.0000000  -1716800.0000000  1337400.0000000  
28      1712    560     61      120     69.6537950    -173.7281275  0.000   0.165   17.104  0.306   2      12.200  24.000  1773    680     69.8898145    -173.8712879  -1737000.0000000  1393000.0000000  -1713000.0000000  1380800.0000000  
29      1744    560     61      121     69.6896000    -173.5994181  0.000   0.194   19.322  0.367   2      12.200  24.200  1805    681     69.9271540    -173.7445604  -1737000.0000000  1386600.0000000  -1712800.0000000  1374400.0000000  
30      1584    568     61      118     69.5207069    -174.2642273  0.000   0.184   17.279  0.361   2      12.200  23.600  1645    686     69.7533874    -174.4062277  -1735400.0000000  1418600.0000000  -1711800.0000000  1406400.0000000  
31      1624    568     61      119     69.5659525    -174.1055407  0.000   0.195   18.411  0.349   2      12.200  23.800  1685    687     69.8001891    -174.2492802  -1735400.0000000  1410600.0000000  -1711600.0000000  1398400.0000000  
32      1656    568     61      119     69.6020424    -173.9780748  0.000   0.197   17.635  0.297   1      12.200  23.800  1717    687     69.8364155    -174.1205657  -1735400.0000000  1404200.0000000  -1711600.0000000  1392000.0000000  
33      1248    576     39      16      69.1458126    -175.5953069  354.375  0.077   7.007   0.268   1      7.800   3.200   1287    592     69.2128924    -175.4986210  -1733800.0000000  1485800.0000000  -1730600.0000000  1478000.0000000  
34      1816    576     61      122     69.7922909    -173.3595280  0.000   0.182   18.141  0.244   1      12.200  24.400  1877    698     70.0315297    -173.5057855  -1733800.0000000  1372200.0000000  -1709400.0000000  1360000.0000000  
35      1784    584     61      122     69.7678779    -173.5151080  0.000   0.241   23.646  0.401   3      12.200  24.400  1845    706     70.0069610    -173.6630812  -1732200.0000000  1378600.0000000  -1707800.0000000  1366400.0000000  
36      1912    584     70      108     69.9098867    -172.9929551  0.000   0.209   20.520  0.358   2      14.000  21.600  1982    692     70.1397253    -173.0526415  -1732200.0000000  1353000.0000000  -1710600.0000000  1339000.0000000  
37      1648    600     60      119     69.6375214    -174.1135647  0.000   0.181   17.554  0.316   2      12.000  23.800  1708    719     69.8706670    -174.2619501  -1729000.0000000  1405800.0000000  -1705200.0000000  1393800.0000000  
38      1872    600     60      123     69.8882173    -173.2084136  0.000   0.180   17.657  0.362   2      12.000  24.600  1932    723     70.1279500    -173.3609409  -1729000.0000000  1361000.0000000  -1704400.0000000  1349000.0000000  
39      1616    608     60      118     69.6124149    -174.2670026  0.000   0.145   15.336  0.286   1      12.000  23.600  1676    726     69.8440194    -174.4137100  -1727400.0000000  1412200.0000000  -1703800.0000000  1400200.0000000  
40      1704    608     60      120     69.7117914    -173.9153430  0.000   0.185   17.087  0.226   1      12.000  24.000  1764    728     69.9465579    -174.0652289  -1727400.0000000  1394600.0000000  -1703400.0000000  1382600.0000000  
41      1344    624     43      19      69.3225949    -175.3844014  354.375  0.183   18.555  0.337   2      8.600   3.800   1387    643     69.3983068    -175.2805201  -1724200.0000000  1466600.0000000  -1720400.0000000  1458000.0000000  
42      1656    632     60      119     69.6910106    -174.1856497  0.000   0.167   15.982  0.366   2      12.000  23.800  1716    751     69.9241282    -174.3352925  -1722600.0000000  1404200.0000000  -1698800.0000000  1392200.0000000  
43      1768    632     61      121     69.8171694    -173.7351750  0.000   0.145   13.260  0.294   1      12.200  24.200  1829    753     70.0546932    -173.8829139  -1722600.0000000  1381800.0000000  -1698400.0000000  1369600.0000000  
44      1368    664     39      21      69.4049309    -175.4232125  354.375  0.177   17.111  0.383   2      7.800   4.200   1407    685     69.4787819    -175.3412132  -1716200.0000000  1461800.0000000  -1712000.0000000  1454000.0000000  
45      1624    664     60      117     69.6990586    -174.4178855  0.000   0.214   20.353  0.411   3      12.000  23.400  1684    781     69.9292056    -174.5636913  -1716200.0000000  1410600.0000000  -1692800.0000000  1398600.0000000  
46      1776    664     60      122     69.8708521    -173.8068890  0.000   0.145   13.232  0.319   2      12.000  24.400  1836    786     70.1086163    -173.9633145  -1716200.0000000  1380200.0000000  -1691800.0000000  1368200.0000000  
47      1408    672     38      25      69.4621986    -175.2944300  354.375  0.133   13.247  0.288   2      7.600   5.000   1446    697     69.5403092    -175.2288457  -1714600.0000000  1453800.0000000  -1709600.0000000  1446200.0000000  
48      1696    672     60      120     69.7918203    -174.1559508  0.000   0.251   26.359  0.435   3      12.000  24.000  1756    792     70.0264218    -174.3093330  -1714600.0000000  1396200.0000000  -1690600.0000000  1384200.0000000  
49      1928    672     69      107     70.0517216    -173.2112010  0.000   0.102   9.092   0.223   1      13.800  21.400  1997    779     70.2790565    -173.2747997  -1714600.0000000  1349800.0000000  -1693200.0000000  1336000.0000000  
50      1664    688     60      119     69.7777491    -174.3367756  0.000   0.245   22.337  0.440   3      12.000  23.800  1724    807     70.0107887    -174.4888785  -1711400.0000000  1402600.0000000  -1687600.0000000  1390600.0000000  
51      1352    696     37      19      69.4298738    -175.5908063  354.375  0.189   18.849  0.437   3      7.400   3.800   1389    715     69.4987671    -175.5104528  -1709800.0000000  1465000.0000000  -1706000.0000000  1457600.0000000  
52      1736    696     60      121     69.8704030    -174.0734157  0.000   0.247   24.547  0.424   3      12.000  24.200  1796    817     70.1065243    -174.2297535  -1709800.0000000  1388200.0000000  -1685600.0000000  1376200.0000000  
53      1848    696     68      107     69.9963167    -173.6181005  0.000   0.100   8.213   0.175   1      13.600  21.400  1916    803     70.2223331    -173.6904194  -1709800.0000000  1365800.0000000  -1688400.0000000  1352200.0000000  
54      1928    704     68      107     70.0967747    -173.3153850  0.000   0.133   12.234  0.260   1      13.600  21.400  1996    811     70.3229855    -173.3845338  -1708200.0000000  1349800.0000000  -1686800.0000000  1336200.0000000  
55      1352    728     34      19      69.4733308    -175.6970005  354.375  0.234   24.563  0.439   3      6.800   3.800   1386    747     69.5387887    -175.6284906  -1703400.0000000  1465000.0000000  -1699600.0000000  1458200.0000000  
56      1384    728     34      23      69.5106336    -175.5730284  354.375  0.204   19.616  0.502   3      6.800   4.600   1418    751     69.5814917    -175.5173078  -1703400.0000000  1458600.0000000  -1698800.0000000  1451800.0000000  
57      1592    728     59      117     69.7508802    -174.7559082  0.000   0.110   8.922   0.181   1      11.800  23.400  1651    845     69.9796096    -174.9100740  -1703400.0000000  1417000.0000000  -1680000.0000000  1405200.0000000  
58      1792    728     59      121     69.9781497    -173.9514933  0.000   0.161   14.840  0.323   2      11.800  24.200  1851    849     70.2133285    -174.1113244  -1703400.0000000  1377000.0000000  -1679200.0000000  1365200.0000000  
59      1864    728     67      107     70.0590418    -173.6573470  0.000   0.205   20.469  0.378   2      13.400  21.400  1931    835     70.2839602    -173.7345050  -1703400.0000000  1362600.0000000  -1682000.0000000  1349200.0000000  
60      1896    736     67      107     70.1060548    -173.5520740  0.000   0.205   20.374  0.422   3      13.400  21.400  1963    843     70.3310523    -173.6281927  -1701800.0000000  1356200.0000000  -1680400.0000000  1342800.0000000  
61      1728    744     59      121     69.9280419    -174.2637058  0.000   0.209   21.297  0.409   3      11.800  24.200  1787    865     70.1628840    -174.4268957  -1700200.0000000  1389800.0000000  -1676000.0000000  1378000.0000000  
62      1320    752     32      16      69.4684253    -175.9005111  354.375  0.297   29.983  0.564   3      6.400   3.200   1352    768     69.5275626    -175.8303900  -1698600.0000000  1471400.0000000  -1695400.0000000  1465000.0000000  
63      1400    760     36      16      69.5727733    -175.6174175  354.375  0.175   18.594  0.407   3      7.200   3.200   1436    776     69.6364625    -175.5304621  -1697000.0000000  1455400.0000000  -1693800.0000000  1448200.0000000  
64      1632    768     59      116     69.8518057    -174.7290321  0.000   0.158   15.424  0.305   2      11.800  23.200  1691    884     70.0792525    -174.8803082  -1695400.0000000  1409000.0000000  -1672200.0000000  1397200.0000000  
65      1680    776     59      120     69.9177305    -174.5631645  0.000   0.180   18.367  0.325   2      11.800  24.000  1739    896     70.1508898    -174.7265043  -1693800.0000000  1399400.0000000  -1669800.0000000  1387600.0000000  
66      1728    784     58      121     69.9835022    -174.3961837  0.000   0.143   11.990  0.268   1      11.600  24.200  1786    905     70.2171096    -174.5655263  -1692200.0000000  1389800.0000000  -1668000.0000000  1378200.0000000  
67      1832    792     65      105     70.1124680    -173.9995725  0.000   0.112   10.178  0.217   1      13.000  21.000  1897    897     70.3322116    -174.0824880  -1690600.0000000  1369000.0000000  -1669600.0000000  1356000.0000000  
68      1800    800     62      106     70.0874307    -174.1568911  0.000   0.126   12.099  0.269   1      12.400  21.200  1862    906     70.3050636    -174.2572149  -1689000.0000000  1375400.0000000  -1667800.0000000  1363000.0000000  
69      1440    808     32      20      69.6846508    -175.6219809  354.375  0.088   8.048   0.248   1      6.400   4.000   1472    828     69.7491501    -175.5637141  -1687400.0000000  1447400.0000000  -1683400.0000000  1441000.0000000  
70      1368    816     31      12      69.6112888    -175.9293894  354.375  0.187   18.414  0.250   1      6.200   2.400   1399    828     69.6638740    -175.8492712  -1685800.0000000  1461800.0000000  -1683400.0000000  1455600.0000000  
71      1760    824     58      121     70.0753349    -174.3996450  0.000   0.149   15.911  0.321   2      11.600  24.200  1818    945     70.3090014    -174.5698350  -1684200.0000000  1383400.0000000  -1660000.0000000  1371800.0000000  
72      1800    832     62      106     70.1318951    -174.2634369  0.000   0.172   16.802  0.252   1      12.400  21.200  1862    938     70.3494922    -174.3651949  -1682600.0000000  1375400.0000000  -1661400.0000000  1363000.0000000  
73      1832    832     63      103     70.1681674    -174.1325527  0.000   0.177   17.021  0.257   1      12.600  20.600  1895    935     70.3828300    -174.2187493  -1682600.0000000  1369000.0000000  -1662000.0000000  1356400.0000000  
74      1688    848     57      120     70.0262347    -174.7713254  0.000   0.198   20.647  0.493   3      11.400  24.000  1745    968     70.2569588    -174.9462248  -1679400.0000000  1397800.0000000  -1655400.0000000  1386400.0000000  
75      1720    848     57      121     70.0628891    -174.6420942  0.000   0.078   8.289   0.259   1      11.400  24.200  1777    969     70.2951503    -174.8191877  -1679400.0000000  1391400.0000000  -1655200.0000000  1380000.0000000  
76      1344    856     27      10      69.6370919    -176.1573844  354.375  0.199   19.499  0.450   3      5.400   2.000   1371    866     69.6823839    -176.0865325  -1677800.0000000  1466600.0000000  -1675800.0000000  1461200.0000000  
77      1392    856     27      14      69.6935626    -175.9710191  354.375  0.165   16.498  0.399   3      5.400   2.800   1419    870     69.7441972    -175.9130809  -1677800.0000000  1457000.0000000  -1675000.0000000  1451600.0000000  
78      1840    864     63      103     70.2217323    -174.2066634  0.000   0.243   24.755  0.441   3      12.600  20.600  1903    967     70.4363904    -174.2939295  -1676200.0000000  1367400.0000000  -1655600.0000000  1354800.0000000  
79      1784    872     63      103     70.1691610    -174.4626244  0.000   0.208   20.526  0.360   2      12.600  20.600  1847    975     70.3836519    -174.5525055  -1674600.0000000  1378600.0000000  -1654000.0000000  1366000.0000000  
80      1872    880     63      99      70.2802466    -174.1286531  0.000   0.113   10.720  0.221   1      12.600  19.800  1935    979     70.4894168    -174.2017270  -1673000.0000000  1361000.0000000  -1653200.0000000  1348400.0000000  
81      1344    888     24      9       69.6802042    -176.2659153  354.375  0.178   16.990  0.314   2      4.800   1.800   1368    897     69.7206614    -176.2034131  -1671400.0000000  1466600.0000000  -1669600.0000000  1461800.0000000  
82      1376    888     24      12      69.7179603    -176.1417256  354.375  0.172   16.970  0.413   3      4.800   2.400   1400    900     69.7624258    -176.0890522  -1671400.0000000  1460200.0000000  -1669000.0000000  1455400.0000000  
83      1160    920     19      -26     69.5039475    -177.0802355  354.375  0.144   12.905  0.424   2      3.800   -5.200  1179    894     69.4921183    -176.9192888  -1665000.0000000  1503400.0000000  -1670200.0000000  1499600.0000000  
84      1544    920     22      51      69.9582894    -175.5905240  354.375  0.159   15.897  0.322   2      4.400   10.200  1566    971     70.0533595    -175.6770555  -1665000.0000000  1426600.0000000  -1654800.0000000  1422200.0000000  
85      1576    928     21      53      70.0064737    -175.4904822  354.375  0.125   11.836  0.280   1      4.200   10.600  1597    981     70.1031663    -175.5875886  -1663400.0000000  1420200.0000000  -1652800.0000000  1416000.0000000  
86      1848    928     63      102     70.3196826    -174.3890529  0.000   0.163   16.836  0.270   1      12.600  20.400  1911    1030    70.5329204    -174.4753933  -1663400.0000000  1365800.0000000  -1643000.0000000  1353200.0000000  
87      872     936     -11     -76     69.1759149    -178.2085353  354.375  0.191   19.051  0.422   3      -2.200  -15.200  861     860     69.0632569    -177.9885252  -1661800.0000000  1561000.0000000  -1677000.0000000  1563200.0000000  
88      1296    936     19      4       69.6877524    -176.6151299  354.375  0.211   21.523  0.463   3      3.800   0.800   1315    940     69.7156991    -176.5555107  -1661800.0000000  1476200.0000000  -1661000.0000000  1472400.0000000  
89      1344    944     18      9       69.7554911    -176.4569782  354.375  0.166   17.575  0.394   2      3.600   1.800   1362    953     69.7889199    -176.4179518  -1660200.0000000  1466600.0000000  -1658400.0000000  1463000.0000000  
90      1376    952     17      12      69.8041598    -176.3600789  354.375  0.176   16.395  0.207   1      3.400   2.400   1393    964     69.8404239    -176.3349850  -1658600.0000000  1460200.0000000  -1656200.0000000  1456800.0000000  
91      1792    960     63      102     70.2999573    -174.7272564  0.000   0.179   17.161  0.288   1      12.600  20.400  1855    1062    70.5130074    -174.8172770  -1657000.0000000  1377000.0000000  -1636600.0000000  1364400.0000000  
92      1824    960     63      102     70.3366063    -174.5961073  0.000   0.243   24.003  0.476   3      12.600  20.400  1887    1062    70.5497480    -174.6848367  -1657000.0000000  1370600.0000000  -1636600.0000000  1358000.0000000  
93      864     968     -14     -76     69.2077702    -178.3481743  354.375  0.201   20.305  0.444   3      -2.800  -15.200  850     892     69.0916250    -178.1380118  -1655400.0000000  1562600.0000000  -1670600.0000000  1565400.0000000  
94      1408    968     15      15      69.8635524    -176.2901446  354.375  0.162   16.440  0.299   1      3.000   3.000   1423    983     69.9014887    -176.2829917  -1655400.0000000  1453800.0000000  -1652400.0000000  1450800.0000000  
95      1304    992     13      5       69.7721860    -176.7767129  354.375  0.187   19.676  0.441   3      2.600   1.000   1317    997     69.7943798    -176.7437300  -1650600.0000000  1474600.0000000  -1649600.0000000  1472000.0000000  
96      1448    992     11      23      69.9431601    -176.2158929  354.375  0.160   15.910  0.369   2      2.200   4.600   1459    1015    69.9871617    -176.2519035  -1650600.0000000  1445800.0000000  -1646000.0000000  1443600.0000000  
97      1344    1000    12      9       69.8305727    -176.6494945  354.375  0.161   15.681  0.297   1      2.400   1.800   1356    1009    69.8569126    -176.6339711  -1649000.0000000  1466600.0000000  -1647200.0000000  1464200.0000000  
98      1824    1000    64      101     70.3918669    -174.7323562  0.000   0.140   12.993  0.242   1      12.800  20.200  1888    1101    70.6047414    -174.8152577  -1649000.0000000  1370600.0000000  -1628800.0000000  1357800.0000000  
99      1728    1008    63      102     70.2922702    -175.1520631  0.000   0.179   16.213  0.308   2      12.600  20.400  1791    1110    70.5050844    -175.2467757  -1647400.0000000  1389800.0000000  -1627000.0000000  1377200.0000000  
100     1288    1024    10      3       69.7957527    -176.9490695  354.375  0.183   17.560  0.344   2      2.000   0.600   1298    1027    69.8117248    -176.9208904  -1644200.0000000  1477800.0000000  -1643600.0000000  1475800.0000000  
101     1440    1024    8       22      69.9767997    -176.3576737  354.375  0.129   11.898  0.291   1      1.600   4.400   1448    1046    70.0158733    -176.4023951  -1644200.0000000  1447400.0000000  -1639800.0000000  1445800.0000000  
102     1760    1024    64      102     70.3512246    -175.0766471  0.000   0.187   19.254  0.460   3      12.800  20.400  1824    1126    70.5652752    -175.1666901  -1644200.0000000  1383400.0000000  -1623800.0000000  1370600.0000000  
103     1792    1024    64      102     70.3881482    -174.9458155  0.000   0.140   13.789  0.359   2      12.800  20.400  1856    1126    70.6022902    -175.0345620  -1644200.0000000  1377000.0000000  -1623800.0000000  1364200.0000000  
104     816     1032    -19     -81     69.2315905    -178.7454964  354.375  0.100   9.290   0.277   1      -3.800  -16.200  797     951     69.1033188    -178.5337409  -1642600.0000000  1572200.0000000  -1658800.0000000  1576000.0000000  
105     1216    1032    10      -10     69.7199103    -177.2531956  354.375  0.120   13.260  0.336   2      2.000   -2.000  1226    1022    69.7186802    -177.1802587  -1642600.0000000  1492200.0000000  -1644600.0000000  1490200.0000000  
106     1608    1040    12      48      70.1962864    -175.7464719  354.375  0.202   18.970  0.436   3      2.400   9.600   1620    1088    70.2755345    -175.8646064  -1641000.0000000  1413800.0000000  -1631400.0000000  1411400.0000000  
107     1320    1048    8       6       69.8660604    -176.9087215  354.375  0.239   21.524  0.458   3      1.600   1.200   1328    1054    69.8836380    -176.8985895  -1639400.0000000  1471400.0000000  -1638200.0000000  1469800.0000000  
108     1728    1048    63      102     70.3470759    -175.2895839  0.000   0.200   19.189  0.303   2      12.600  20.400  1791    1150    70.5598464    -175.3861024  -1639400.0000000  1389800.0000000  -1619000.0000000  1377200.0000000  
109     1288    1056    7       3       69.8383586    -177.0601879  354.375  0.130   13.276  0.272   1      1.400   0.600   1295    1059    69.8507518    -177.0436204  -1637800.0000000  1477800.0000000  -1637200.0000000  1476400.0000000  
110     1792    1056    64      101     70.4321463    -175.0558473  0.000   0.161   15.550  0.332   2      12.800  20.200  1856    1157    70.6448848    -175.1425482  -1637800.0000000  1377000.0000000  -1617600.0000000  1364200.0000000  
111     592     1064    0       0       68.9933696    -179.6618510  0.000   0.255   26.443  0.506   3      0.000   0.000   592     1064    68.9933696    -179.6618510  -1636200.0000000  1617000.0000000  -1636200.0000000  1617000.0000000  
112     1416    1064    4       20      70.0020324    -176.5904752  354.375  0.118   11.010  0.313   2      0.800   4.000   1420    1084    70.0336013    -176.6444317  -1636200.0000000  1452200.0000000  -1632200.0000000  1451400.0000000  
113     1208    1080    5       -11     69.7738010    -177.4509691  354.375  0.095   9.446   0.253   1      1.000   -2.200  1213    1069    69.7652965    -177.3934496  -1633000.0000000  1493800.0000000  -1635200.0000000  1492800.0000000  
114     1776    1096    62      101     70.4685015    -175.2596739  354.375  0.090   7.451   0.250   1      12.400  20.200  1838    1197    70.6788313    -175.3570962  -1629800.0000000  1380200.0000000  -1609600.0000000  1367800.0000000  
115     1584    1104    7       46      70.2548670    -176.0646238  354.375  0.180   17.887  0.359   2      1.400   9.200   1591    1150    70.3252952    -176.1974482  -1628200.0000000  1418600.0000000  -1619000.0000000  1417200.0000000  
116     568     1112    0       0       69.0240373    -179.9153369  0.000   0.255   26.847  0.534   3      0.000   0.000   568     1112    69.0240373    -179.9153369  -1626600.0000000  1621800.0000000  -1626600.0000000  1621800.0000000  
117     1680    1112    10      29      70.3784740    -175.7061396  0.000   0.131   13.358  0.341   2      2.000   5.800   1690    1141    70.4296266    -175.7668218  -1626600.0000000  1399400.0000000  -1620800.0000000  1397400.0000000  
118     600     1120    0       0       69.0745297    -179.8302562  0.000   0.235   24.039  0.411   3      0.000   0.000   600     1120    69.0745297    -179.8302562  -1625000.0000000  1615400.0000000  -1625000.0000000  1615400.0000000  
119     1256    1128    0       0       69.8953142    -177.4352411  354.375  0.140   14.328  0.284   1      0.000   0.000   1256    1128    69.8953142    -177.4352411  -1623400.0000000  1484200.0000000  -1623400.0000000  1484200.0000000  
120     1464    1136    3       20      70.1557143    -176.6532685  354.375  0.133   14.639  0.352   2      0.600   4.000   1467    1156    70.1860838    -176.7117012  -1621800.0000000  1442600.0000000  -1617800.0000000  1442000.0000000  
121     1496    1136    3       22      70.1938141    -176.5267927  0.000   0.106   9.871   0.274   1      0.600   4.400   1499    1158    70.2269141    -176.5921760  -1621800.0000000  1436200.0000000  -1617400.0000000  1435600.0000000  
122     1608    1136    7       42      70.3264443    -176.0802070  354.375  0.166   15.091  0.389   2      1.400   8.400   1615    1178    70.3914735    -176.1994988  -1621800.0000000  1413800.0000000  -1613400.0000000  1412400.0000000  
123     1416    1144    3       15      70.1090811    -176.8701619  354.375  0.123   11.087  0.264   1      0.600   3.000   1419    1159    70.1326987    -176.9111746  -1620200.0000000  1452200.0000000  -1617200.0000000  1451600.0000000  
124     600     1152    0       0       69.1150632    -179.9433066  0.000   0.242   23.490  0.366   2      0.000   0.000   600     1152    69.1150632    -179.9433066  -1618600.0000000  1615400.0000000  -1618600.0000000  1615400.0000000  
125     1376    1152    4       9       70.0717877    -177.0548082  354.375  0.113   11.932  0.330   2      0.800   1.800   1380    1161    70.0885742    -177.0708999  -1618600.0000000  1460200.0000000  -1616800.0000000  1459400.0000000  
126     568     1160    0       0       69.0847100    179.9150860   0.000   0.240   25.299  0.427   3      0.000   0.000   568     1160    69.0847100    179.9150860   -1617000.0000000  1621800.0000000  -1617000.0000000  1621800.0000000  
127     1280    1160    -3      2       69.9666694    -177.4555239  354.375  0.174   17.306  0.369   2      -0.600  0.400   1277    1162    69.9656834    -177.4741547  -1617000.0000000  1479400.0000000  -1616600.0000000  1480000.0000000  
128     1600    1168    4       41      70.3602359    -176.2245724  354.375  0.167   17.895  0.343   2      0.800   8.200   1604    1209    70.4202650    -176.3530808  -1615400.0000000  1415400.0000000  -1607200.0000000  1414600.0000000  
129     632     1184    0       0       69.1959855    -179.9430813  0.000   0.201   19.388  0.290   1      0.000   0.000   632     1184    69.1959855    -179.9430813  -1612200.0000000  1609000.0000000  -1612200.0000000  1609000.0000000  
130     1320    1184    5       -2      70.0468054    -177.3856381  354.375  0.122   12.440  0.285   2      1.000   -0.400  1325    1182    70.0501981    -177.3591665  -1612200.0000000  1471400.0000000  -1612600.0000000  1470400.0000000  
131     1456    1192    -1      19      70.2210755    -176.8820856  354.375  0.170   17.463  0.414   3      -0.200  3.800   1455    1211    70.2452400    -176.9533092  -1610600.0000000  1444200.0000000  -1606800.0000000  1444400.0000000  
132     1712    1192    5       30      70.5247354    -175.8563663  0.000   0.103   9.440   0.260   1      1.000   6.000   1717    1222    70.5713303    -175.9418319  -1610600.0000000  1393000.0000000  -1604600.0000000  1392000.0000000  
133     568     1200    0       0       69.1351416    179.7730029   0.000   0.277   27.881  0.506   3      0.000   0.000   568     1200    69.1351416    179.7730029   -1609000.0000000  1621800.0000000  -1609000.0000000  1621800.0000000  
134     704     1200    9       -90     69.3070922    -179.7424605  5.625   0.143   13.327  0.324   2      1.800   -18.000  713     1110    69.2036993    -179.3914398  -1609000.0000000  1594600.0000000  -1627000.0000000  1592800.0000000  
135     1632    1200    1       44      70.4412837    -176.2086066  354.375  0.132   9.617   0.284   1      0.200   8.800   1633    1244    70.5018238    -176.3603664  -1609000.0000000  1409000.0000000  -1600200.0000000  1408800.0000000  
136     1312    1216    3       -3      70.0794541    -177.5301527  354.375  0.167   15.776  0.389   2      0.600   -0.600  1315    1213    70.0791248    -177.5078628  -1605800.0000000  1473000.0000000  -1606400.0000000  1472400.0000000  
137     1368    1216    -1      9       70.1471994    -177.3123810  354.375  0.165   15.752  0.344   2      -0.200  1.800   1367    1225    70.1579249    -177.3482743  -1605800.0000000  1461800.0000000  -1604000.0000000  1462000.0000000  
138     1496    1216    -3      21      70.3010273    -176.8089038  354.375  0.152   14.403  0.370   2      -0.600  4.200   1493    1237    70.3255037    -176.8953721  -1605800.0000000  1436200.0000000  -1601600.0000000  1436800.0000000  
139     1760    1216    4       27      70.6136808    -175.7449663  0.000   0.118   11.513  0.278   1      0.800   5.400   1764    1243    70.6550913    -175.8240308  -1605800.0000000  1383400.0000000  -1600400.0000000  1382600.0000000  
140     1432    1224    -3      17      70.2349445    -177.0900505  354.375  0.136   13.975  0.297   1      -0.600  3.400   1429    1241    70.2539540    -177.1623271  -1604200.0000000  1449000.0000000  -1600800.0000000  1449600.0000000  
141     1464    1224    -4      19      70.2733795    -176.9639194  354.375  0.151   14.967  0.397   2      -0.800  3.800   1460    1243    70.2939084    -177.0472854  -1604200.0000000  1442600.0000000  -1600400.0000000  1443400.0000000  
142     1528    1224    -4      23      70.3499792    -176.7101515  354.375  0.098   11.246  0.347   2      -0.800  4.600   1524    1247    70.3759887    -176.8078128  -1604200.0000000  1429800.0000000  -1599600.0000000  1430600.0000000  
143     1696    1232    1       31      70.5601413    -176.0626824  354.375  0.098   9.415   0.220   1      0.200   6.200   1697    1263    70.6032622    -176.1686423  -1602600.0000000  1396200.0000000  -1596400.0000000  1396000.0000000  
144     744     1240    13      -94     69.4083070    -179.7411678  5.625   0.164   15.554  0.381   2      2.600   -18.800  757     1146    69.3047668    -179.3597904  -1601000.0000000  1586600.0000000  -1619800.0000000  1584000.0000000  
145     1112    1240    3       -43     69.8666305    -178.3812823  354.375  0.178   16.995  0.352   2      0.600   -8.600  1115    1197    69.8142408    -178.2167356  -1601000.0000000  1513000.0000000  -1609600.0000000  1512400.0000000  
146     1664    1240    0       28      70.5331555    -176.2208706  354.375  0.097   10.251  0.260   1      0.000   5.600   1664    1268    70.5709441    -176.3204018  -1601000.0000000  1402600.0000000  -1595400.0000000  1402600.0000000  
147     584     1248    0       0       69.2158672    179.6581523   0.000   0.238   24.153  0.467   3      0.000   0.000   584     1248    69.2158672    179.6581523   -1599400.0000000  1618600.0000000  -1599400.0000000  1618600.0000000  
148     704     1248    14      -90     69.3679999    -179.9138949  5.625   0.168   18.342  0.391   2      2.800   -18.000  718     1158    69.2712329    -179.5429575  -1599400.0000000  1594600.0000000  -1617400.0000000  1591800.0000000  
149     1288    1248    1       -6      70.0925211    -177.7370520  354.375  0.145   14.154  0.318   2      0.200   -1.200  1289    1242    70.0858338    -177.7117687  -1599400.0000000  1477800.0000000  -1600600.0000000  1477600.0000000  
150     1448    1264    -6      18      70.3074249    -177.1695351  0.000   0.102   8.804   0.205   1      -1.200  3.600   1442    1282    70.3241132    -177.2575688  -1596200.0000000  1445800.0000000  -1592600.0000000  1447000.0000000  
151     1256    1272    0       -9      70.0850586    -177.9463606  354.375  0.137   13.056  0.283   1      0.000   -1.800  1256    1263    70.0732424    -177.9141251  -1594600.0000000  1484200.0000000  -1596400.0000000  1484200.0000000  
152     1408    1272    -6      15      70.2697806    -177.3554926  354.375  0.143   13.240  0.291   1      -1.200  3.000   1402    1287    70.2823982    -177.4327562  -1594600.0000000  1453800.0000000  -1591600.0000000  1455000.0000000  
153     576     1280    0       0       69.2458543    179.5149981   0.000   0.258   26.244  0.500   3      0.000   0.000   576     1280    69.2458543    179.5149981   -1593000.0000000  1620200.0000000  -1593000.0000000  1620200.0000000  
154     704     1280    16      -90     69.4085103    179.9712407   5.625   0.164   15.658  0.324   2      3.200   -18.000  720     1190    69.3145076    -179.6493307  -1593000.0000000  1594600.0000000  -1611000.0000000  1591400.0000000  
155     1288    1280    -2      -5      70.1346311    -177.8515761  354.375  0.119   9.697   0.321   2      -0.400  -1.000  1286    1275    70.1256175    -177.8413802  -1593000.0000000  1477800.0000000  -1594000.0000000  1478200.0000000  
156     1368    1280    -6      9       70.2319373    -177.5407263  354.375  0.149   12.211  0.299   2      -1.200  1.800   1362    1289    70.2365466    -177.5964215  -1593000.0000000  1461800.0000000  -1591200.0000000  1463000.0000000  
157     1080    1288    26      -12     69.8895036    -178.6741161  337.500  0.076   7.655   0.196   1      5.200   -2.400  1106    1276    69.9060664    -178.5328999  -1591400.0000000  1519400.0000000  -1593800.0000000  1514200.0000000  
158     1320    1296    -7      5       70.1946912    -177.7850384  354.375  0.139   14.223  0.355   2      -1.400  1.000   1313    1301    70.1927386    -177.8301761  -1589800.0000000  1471400.0000000  -1588800.0000000  1472800.0000000  
159     1408    1304    -8      14      70.3121713    -177.4702340  354.375  0.098   10.524  0.256   1      -1.600  2.800   1400    1318    70.3209892    -177.5519868  -1588200.0000000  1453800.0000000  -1585400.0000000  1455400.0000000  
160     576     1312    0       0       69.2859442    179.3996920   0.000   0.245   24.965  0.450   3      0.000   0.000   576     1312    69.2859442    179.3996920   -1586600.0000000  1620200.0000000  -1586600.0000000  1620200.0000000  
161     624     1320    20      -84     69.3572523    179.5410125   0.000   0.197   19.139  0.256   1      4.000   -16.800  644     1236    69.2769155    179.9142814   -1585000.0000000  1610600.0000000  -1601800.0000000  1606600.0000000  
162     1712    1320    -4      27      70.6980073    -176.3110863  0.000   0.167   16.747  0.386   2      -0.800  5.400   1708    1347    70.7296599    -176.4243854  -1585000.0000000  1393000.0000000  -1579600.0000000  1393800.0000000  
163     1376    1328    -10     9       70.3050349    -177.6820251  354.375  0.124   11.879  0.334   2      -2.000  1.800   1366    1337    70.3047271    -177.7535941  -1583400.0000000  1460200.0000000  -1581600.0000000  1462200.0000000  
164     1416    1336    -11     15      70.3642016    -177.5540469  354.375  0.135   12.968  0.274   1      -2.200  3.000   1405    1351    70.3706533    -177.6514563  -1581800.0000000  1452200.0000000  -1578800.0000000  1454400.0000000  
165     1464    1336    -12     19      70.4223589    -177.3647838  354.375  0.148   15.383  0.335   2      -2.400  3.800   1452    1355    70.4330037    -177.4808377  -1581800.0000000  1442600.0000000  -1578000.0000000  1445000.0000000  
166     1568    1336    -13     23      70.5476733    -176.9507696  0.000   0.103   9.323   0.177   1      -2.600  4.600   1555    1359    70.5627309    -177.0858061  -1581800.0000000  1421800.0000000  -1577200.0000000  1424400.0000000  
167     576     1344    0       0       69.3259564    179.2839296   0.000   0.201   19.928  0.313   2      0.000   0.000   576     1344    69.3259564    179.2839296   -1580200.0000000  1620200.0000000  -1580200.0000000  1620200.0000000  
168     664     1344    20      -85     69.4383850    179.5967688   0.000   0.244   26.330  0.527   3      4.000   -17.000  684     1259    69.3566338    179.9749002   -1580200.0000000  1602600.0000000  -1597200.0000000  1598600.0000000  
169     744     1344    19      -86     69.5400994    179.8842072   0.000   0.173   18.206  0.401   3      3.800   -17.200  763     1258    69.4551237    -179.7369623  -1580200.0000000  1586600.0000000  -1597400.0000000  1582800.0000000  
170     1296    1344    -10     3       70.2284314    -178.0511507  354.375  0.105   9.939   0.266   1      -2.000  0.600   1286    1347    70.2201107    -178.1007051  -1580200.0000000  1476200.0000000  -1579600.0000000  1478200.0000000  
171     1536    1344    -13     23      70.5198753    -177.1075791  354.375  0.154   14.595  0.335   2      -2.600  4.600   1523    1367    70.5348085    -177.2425417  -1580200.0000000  1428200.0000000  -1575600.0000000  1430800.0000000  
172     1256    1352    -7      -8      70.1898361    -178.2346187  354.375  0.089   7.498   0.286   1      -1.400  -1.600  1249    1344    70.1707812    -178.2326109  -1578600.0000000  1484200.0000000  -1580200.0000000  1485600.0000000  
173     696     1360    21      -85     69.4992663    179.6533261   0.000   0.116   12.204  0.266   1      4.200   -17.000  717     1275    69.4186322    -179.9640328  -1577000.0000000  1596200.0000000  -1594000.0000000  1592000.0000000  
174     1344    1360    -12     7       70.3081488    -177.9226304  354.375  0.149   15.440  0.356   2      -2.400  1.400   1332    1367    70.3026676    -177.9947329  -1577000.0000000  1466600.0000000  -1575600.0000000  1469000.0000000  
175     1424    1376    -15     16      70.4267595    -177.6673259  354.375  0.107   10.152  0.304   1      -3.000  3.200   1409    1392    70.4295890    -177.7844505  -1573800.0000000  1450600.0000000  -1570600.0000000  1453600.0000000  
176     1472    1376    -15     18      70.4850527    -177.4777883  354.375  0.182   18.773  0.383   2      -3.000  3.600   1457    1394    70.4906555    -177.6025125  -1573800.0000000  1441000.0000000  -1570200.0000000  1444000.0000000  
177     1000    1384    6       -53     69.9136783    -179.3215388  0.000   0.154   15.229  0.386   2      1.200   -10.600  1006    1331    69.8530996    -179.1067214  -1572200.0000000  1535400.0000000  -1582800.0000000  1534200.0000000  
178     608     1392    22      -84     69.4269058    179.2227654   0.000   0.222   23.332  0.495   3      4.400   -16.800  630     1308    69.3498309    179.6057034   -1570600.0000000  1613800.0000000  -1587400.0000000  1609400.0000000  
179     696     1392    21      -85     69.5394854    179.5368384   0.000   0.204   18.909  0.277   1      4.200   -17.000  717     1307    69.4591133    179.9207129   -1570600.0000000  1596200.0000000  -1587600.0000000  1592000.0000000  
180     1560    1392    -16     21      70.6127007    -177.1853196  0.000   0.119   11.220  0.224   1      -3.200  4.200   1544    1413    70.6212929    -177.3257159  -1570600.0000000  1423400.0000000  -1566400.0000000  1426600.0000000  
181     648     1400    22      -84     69.4881584    179.3358982   0.000   0.197   20.577  0.417   3      4.400   -16.800  670     1316    69.4108021    179.7195636   -1569000.0000000  1605800.0000000  -1585800.0000000  1601400.0000000  
182     1392    1416    -18     12      70.4404095    -177.9386361  0.000   0.115   10.080  0.251   1      -3.600  2.400   1374    1428    70.4341302    -178.0529964  -1565800.0000000  1457000.0000000  -1563400.0000000  1460600.0000000  
183     792     1424    18      -85     69.7020503    179.7665281   0.000   0.160   16.054  0.321   2      3.600   -17.000  810     1339    69.6173083    -179.8583319  -1564200.0000000  1577000.0000000  -1581200.0000000  1573400.0000000  
184     832     1424    16      -80     69.7528569    179.9122241   0.000   0.100   9.124   0.270   1      3.200   -16.000  848     1344    69.6716117    -179.7377452  -1564200.0000000  1569000.0000000  -1580200.0000000  1565800.0000000  
185     968     1424    5       -54     69.9246859    -179.5867987  354.375  0.189   19.123  0.413   3      1.000   -10.800  973     1370    69.8619134    -179.3711288  -1564200.0000000  1541800.0000000  -1575000.0000000  1540800.0000000  
186     1000    1424    4       -52     69.9649080    -179.4676504  354.375  0.115   10.722  0.348   2      0.800   -10.400  1004    1372    69.9032902    -179.2629278  -1564200.0000000  1535400.0000000  -1574600.0000000  1534600.0000000  
187     1200    1424    -8      -14     70.2144494    -178.7118298  354.375  0.136   11.362  0.286   1      -1.600  -2.800  1192    1410    70.1863793    -178.6912510  -1564200.0000000  1495400.0000000  -1567000.0000000  1497000.0000000  
188     664     1432    22      -84     69.5486679    179.2759670   0.000   0.260   26.698  0.410   3      4.400   -16.800  686     1348    69.4714368    179.6610184   -1562600.0000000  1602600.0000000  -1579400.0000000  1598200.0000000  
189     752     1432    19      -85     69.6611846    179.5922596   0.000   0.140   12.346  0.230   1      3.800   -17.000  771     1347    69.5781170    179.9709968   -1562600.0000000  1585000.0000000  -1579600.0000000  1581200.0000000  
190     1064    1432    2       -46     70.0553859    -179.2571947  0.000   0.111   9.803   0.220   1      0.400   -9.200  1066    1386    69.9987286    -179.0815684  -1562600.0000000  1522600.0000000  -1571800.0000000  1522200.0000000  
191     1272    1440    -16     2       70.3243253    -178.4935549  0.000   0.119   10.286  0.280   1      -3.200  0.400   1256    1442    70.3071543    -178.5626382  -1561000.0000000  1481000.0000000  -1560600.0000000  1484200.0000000  
192     696     1448    20      -85     69.6096800    179.3318579   0.000   0.164   16.912  0.341   2      4.000   -17.000  716     1363    69.5284981    179.7143010   -1559400.0000000  1596200.0000000  -1576400.0000000  1592200.0000000  
193     1320    1448    -18     7       70.3939575    -178.3368707  354.375  0.109   9.015   0.252   1      -3.600  1.400   1302    1455    70.3808975    -178.4324553  -1559400.0000000  1471400.0000000  -1558000.0000000  1475000.0000000  
194     1384    1448    -20     12      70.4726160    -178.0870549  354.375  0.137   11.974  0.267   1      -4.000  2.400   1364    1460    70.4637789    -178.2093785  -1559400.0000000  1458600.0000000  -1557000.0000000  1462600.0000000  
195     1472    1448    -21     18      70.5801997    -177.7402005  354.375  0.117   11.144  0.279   1      -4.200  3.600   1451    1466    70.5782814    -177.8893547  -1559400.0000000  1441000.0000000  -1555800.0000000  1445200.0000000  
196     1512    1448    -21     19      70.6288795    -177.5812445  354.375  0.162   14.412  0.305   2      -4.200  3.800   1491    1467    70.6284177    -177.7344679  -1559400.0000000  1433000.0000000  -1555600.0000000  1437200.0000000  
197     1160    1456    -7      -27     70.2061418    -178.9819148  0.000   0.111   10.790  0.209   1      -1.400  -5.400  1153    1429    70.1625589    -178.9094950  -1557800.0000000  1503400.0000000  -1563200.0000000  1504800.0000000  
198     936     1464    3       -56     69.9352715    -179.8523498  354.375  0.167   14.332  0.375   2      0.600   -11.200  939     1408    69.8677724    -179.6358134  -1556200.0000000  1548200.0000000  -1567400.0000000  1547600.0000000  
199     1416    1472    -23     15      70.5433270    -178.0494808  354.375  0.148   13.322  0.274   1      -4.600  3.000   1393    1487    70.5347562    -178.1951060  -1554600.0000000  1452200.0000000  -1551600.0000000  1456800.0000000  
200     1544    1472    -22     18      70.6995084    -177.5414739  354.375  0.116   11.886  0.211   1      -4.400  3.600   1522    1490    70.6965432    -177.6955782  -1554600.0000000  1426600.0000000  -1551000.0000000  1431000.0000000  
201     1368    1488    -22     13      70.5053110    -178.2967644  0.000   0.140   13.039  0.294   1      -4.400  2.600   1346    1501    70.4951589    -178.4306972  -1551400.0000000  1461800.0000000  -1548800.0000000  1466200.0000000  
202     616     1496    21      -84     69.5666263    178.8694520   0.000   0.238   23.301  0.487   3      4.200   -16.800  637     1412    69.4890655    179.2528473   -1549800.0000000  1612200.0000000  -1566600.0000000  1608000.0000000  
203     768     1496    19      -84     69.7619786    179.4145481   0.000   0.090   8.137   0.211   1      3.800   -16.800  787     1412    69.6805545    179.7922887   -1549800.0000000  1581800.0000000  -1566600.0000000  1578000.0000000  
204     896     1496    5       -62     69.9251560    179.8819406   0.000   0.151   13.456  0.369   2      1.000   -12.400  901     1434    69.8529159    -179.8713448  -1549800.0000000  1556200.0000000  -1562200.0000000  1555200.0000000  
205     936     1496    2       -56     69.9758936    -179.9704089  0.000   0.084   7.647   0.269   1      0.400   -11.200  938     1440    69.9072775    -179.7567229  -1549800.0000000  1548200.0000000  -1561000.0000000  1547800.0000000  
206     1000    1496    0       -49     70.0568166    -179.7325771  0.000   0.117   9.870   0.261   1      0.000   -9.800  1000    1447    69.9943105    -179.5520098  -1549800.0000000  1535400.0000000  -1559600.0000000  1535400.0000000  
207     1584    1496    -24     21      70.7798507    -177.4692370  0.000   0.149   14.061  0.332   2      -4.800  4.200   1560    1517    70.7784805    -177.6431140  -1549800.0000000  1418600.0000000  -1545600.0000000  1423400.0000000  
208     576     1504    22      -85     69.5248361    178.6982116   0.000   0.105   9.864   0.257   1      4.400   -17.000  598     1419    69.4477271    179.0886759   -1548200.0000000  1620200.0000000  -1565200.0000000  1615800.0000000  
209     712     1504    21      -84     69.7001925    179.1828992   0.000   0.234   25.033  0.480   3      4.200   -16.800  733     1420    69.6218657    179.5676284   -1548200.0000000  1593000.0000000  -1565000.0000000  1588800.0000000  
210     1464    1512    -26     18      70.6546594    -178.0073737  0.000   0.192   17.979  0.370   2      -5.200  3.600   1438    1530    70.6463651    -178.1768366  -1546600.0000000  1442600.0000000  -1543000.0000000  1447800.0000000  
211     912     1528    2       -57     69.9859425    179.8223622   0.000   0.148   13.726  0.311   2      0.400   -11.400  914     1471    69.9163214    -179.9594353  -1543400.0000000  1553000.0000000  -1554800.0000000  1552600.0000000  
212     1240    1528    -20     2       70.3987800    -178.9414681  354.375  0.095   8.137   0.290   1      -4.000  0.400   1220    1530    70.3764352    -179.0257786  -1543400.0000000  1487400.0000000  -1543000.0000000  1491400.0000000  
213     1320    1528    -23     11      70.4981525    -178.6319119  0.000   0.109   10.674  0.236   1      -4.600  2.200   1297    1539    70.4839043    -178.7620630  -1543400.0000000  1471400.0000000  -1541200.0000000  1476000.0000000  
214     1552    1528    -25     18      70.7832663    -177.7158651  354.375  0.099   9.273   0.297   1      -5.000  3.600   1527    1546    70.7764772    -177.8826142  -1543400.0000000  1425000.0000000  -1539800.0000000  1430000.0000000  
215     704     1536    21      -84     69.7297989    179.0355403   0.000   0.190   16.775  0.299   1      4.200   -16.800  725     1452    69.6518082    179.4214214   -1541800.0000000  1594600.0000000  -1558600.0000000  1590400.0000000  
216     744     1536    17      -82     69.7812510    179.1795565   0.000   0.233   23.642  0.508   3      3.400   -16.400  761     1454    69.7003190    179.5440363   -1541800.0000000  1586600.0000000  -1558200.0000000  1583200.0000000  
217     856     1536    5       -63     69.9246859    179.5867987   0.000   0.184   17.297  0.322   2      1.000   -12.600  861     1473    69.8516199    179.8382725   -1541800.0000000  1564200.0000000  -1554400.0000000  1563200.0000000  
218     1104    1536    -11     -31     70.2388832    -179.4901178  354.375  0.136   13.820  0.377   2      -2.200  -6.200  1093    1505    70.1853691    -179.4167428  -1541800.0000000  1514600.0000000  -1548000.0000000  1516800.0000000  
219     1592    1536    -25     20      70.8425388    -177.5847380  0.000   0.136   13.856  0.283   1      -5.000  4.000   1567    1556    70.8385130    -177.7594875  -1541800.0000000  1417000.0000000  -1537800.0000000  1422000.0000000  
220     584     1544    22      -84     69.5846222    178.5782363   0.000   0.157   14.893  0.308   2      4.400   -16.800  606     1460    69.5090270    178.9666488   -1540200.0000000  1618600.0000000  -1557000.0000000  1614200.0000000  
221     616     1544    21      -84     69.6260928    178.6916067   0.000   0.224   22.557  0.391   2      4.200   -16.800  637     1460    69.5489329    179.0768304   -1540200.0000000  1612200.0000000  -1557000.0000000  1608000.0000000  
222     1040    1544    -10     -37     70.1684505    -179.7609265  0.000   0.103   8.390   0.207   1      -2.000  -7.400  1030    1507    70.1086747    -179.6611079  -1540200.0000000  1527400.0000000  -1547600.0000000  1529400.0000000  
223     912     1560    1       -57     70.0263398    179.7033255   0.000   0.163   15.322  0.335   2      0.200   -11.400  913     1503    69.9555962    179.9187085   -1537000.0000000  1553000.0000000  -1548400.0000000  1552800.0000000  
224     1304    1560    -17     12      70.5198187    -178.8130080  354.375  0.168   15.586  0.362   2      -3.400  2.400   1287    1572    70.5141992    -178.9236674  -1537000.0000000  1474600.0000000  -1534600.0000000  1478000.0000000  
225     1272    1568    -17     9       70.4903397    -178.9667973  354.375  0.167   15.253  0.345   2      -3.400  1.800   1255    1577    70.4807521    -179.0660362  -1535400.0000000  1481000.0000000  -1533600.0000000  1484400.0000000  
226     640     1576    20      -83     69.6967560    178.6577748   0.000   0.196   20.721  0.330   2      4.000   -16.600  660     1493    69.6196150    179.0372279   -1533800.0000000  1607400.0000000  -1550400.0000000  1603400.0000000  
227     1128    1576    -14     -29     70.3202468    -179.5482093  354.375  0.155   16.455  0.434   3      -2.800  -5.800  1114    1547    70.2655337    -179.4931703  -1533800.0000000  1509800.0000000  -1539600.0000000  1512600.0000000  
228     680     1584    19      -82     69.7584479    178.7706969   0.000   0.234   23.253  0.418   3      3.800   -16.400  699     1502    69.6809939    179.1435974   -1532200.0000000  1599400.0000000  -1548600.0000000  1595600.0000000  
229     720     1584    19      -82     69.8101346    178.9142323   0.000   0.168   16.249  0.370   2      3.800   -16.400  739     1502    69.7323444    179.2875390   -1532200.0000000  1591400.0000000  -1548600.0000000  1587600.0000000  
230     1280    1600    -21     10      70.5416404    -179.0554404  354.375  0.200   22.109  0.434   3      -4.200  2.000   1259    1610    70.5282842    -179.1740967  -1529000.0000000  1479400.0000000  -1527000.0000000  1483600.0000000  
231     1072    1608    -15     -33     70.2903537    -179.8797099  354.375  0.223   22.465  0.471   3      -3.000  -6.600  1057    1575    70.2293989    -179.8126371  -1527400.0000000  1521000.0000000  -1534000.0000000  1524000.0000000  
232     1224    1608    -21     2       70.4818734    -179.3013982  348.750  0.111   8.878   0.292   1      -4.200  0.400   1203    1610    70.4580900    -179.3894850  -1527400.0000000  1490600.0000000  -1527000.0000000  1494800.0000000  
233     640     1616    20      -83     69.7461515    178.5081454   0.000   0.259   26.832  0.475   3      4.000   -16.600  660     1533    69.6693422    178.8891205   -1525800.0000000  1607400.0000000  -1542400.0000000  1603400.0000000  
234     848     1624    0       -59     70.0248274    179.2286859   0.000   0.172   17.915  0.368   2      0.000   -11.800  848     1565    69.9509064    179.4495578   -1524200.0000000  1565800.0000000  -1536000.0000000  1565800.0000000  
235     960     1624    -5      -51     70.1682388    179.6413924   0.000   0.112   10.580  0.223   1      -1.000  -10.200  955     1573    70.0975007    179.8139029   -1524200.0000000  1543400.0000000  -1534400.0000000  1544400.0000000  
236     696     1632    3       -71     69.8385951    178.6481381   354.375  0.168   18.169  0.339   2      0.600   -14.200  699     1561    69.7544520    178.9245958   -1522600.0000000  1596200.0000000  -1536800.0000000  1595600.0000000  
237     816     1632    -1      -60     69.9936587    179.0818058   0.000   0.162   15.345  0.304   2      -0.200  -12.000  815     1572    69.9174040    179.3029695   -1522600.0000000  1572200.0000000  -1534600.0000000  1572400.0000000  
238     928     1640    -5      -53     70.1474716    179.4626579   0.000   0.147   12.979  0.307   2      -1.000  -10.600  923     1587    70.0744011    179.6431142   -1521000.0000000  1549800.0000000  -1531600.0000000  1550800.0000000  
239     752     1656    1       -67     69.9408652    178.7592901   354.375  0.133   14.571  0.343   2      0.200   -13.400  753     1589    69.8589149    179.0145215   -1517800.0000000  1585000.0000000  -1531200.0000000  1584800.0000000  
240     784     1656    -1      -61     69.9822539    178.8751015   0.000   0.092   8.257   0.229   1      -0.200  -12.200  783     1595    69.9050283    179.1006805   -1517800.0000000  1578600.0000000  -1530000.0000000  1578800.0000000  
241     1128    1656    -16     -26     70.4223025    -179.8486044  0.000   0.104   8.127   0.223   1      -3.200  -5.200  1112    1630    70.3689621    -179.8112794  -1517800.0000000  1509800.0000000  -1523000.0000000  1513000.0000000  
242     1032    1672    -12     -38     70.3206310    179.7289220   354.375  0.123   10.598  0.270   1      -2.400  -7.600  1020    1634    70.2573230    179.8273777   -1514600.0000000  1529000.0000000  -1522200.0000000  1531400.0000000  
243     1096    1672    -13     -32     70.4020600    179.9697528   354.375  0.112   10.341  0.246   1      -2.600  -6.400  1083    1640    70.3449510    -179.9585332  -1514600.0000000  1516200.0000000  -1521000.0000000  1518800.0000000  
244     752     1688    -1      -64     69.9804937    178.6383621   0.000   0.122   11.122  0.204   1      -0.200  -12.800  751     1624    69.8998622    178.8761194   -1511400.0000000  1585000.0000000  -1524200.0000000  1585200.0000000  
245     784     1688    -2      -62     70.0219711    178.7541522   0.000   0.157   13.814  0.365   2      -0.400  -12.400  782     1626    69.9423648    178.9807937   -1511400.0000000  1578600.0000000  -1523800.0000000  1579000.0000000  
246     824     1696    -2      -59     70.0836560    178.8692601   354.375  0.134   13.653  0.245   2      -0.400  -11.800  822     1637    70.0076214    179.0848571   -1509800.0000000  1570600.0000000  -1521600.0000000  1571000.0000000  
247     1456    1696    1       -1      70.8851273    -178.7278316  0.000   0.117   10.883  0.260   1      0.200   -0.200  1457    1695    70.8850707    -178.7200770  -1509800.0000000  1444200.0000000  -1510000.0000000  1444000.0000000  
248     624     1704    3       -73     69.8334492    178.1194751   354.375  0.089   9.115   0.261   1      0.600   -14.600  627     1631    69.7477288    178.4056109   -1508200.0000000  1610600.0000000  -1522800.0000000  1610000.0000000  
249     904     1704    -10     -49     70.1968310    179.1320619   0.000   0.149   13.599  0.397   2      -2.000  -9.800  894     1655    70.1226967    179.2807191   -1508200.0000000  1554600.0000000  -1518000.0000000  1556600.0000000  
250     1008    1704    -12     -40     70.3303147    179.5178378   354.375  0.170   15.000  0.309   2      -2.400  -8.000  996     1664    70.2646070    179.6245908   -1508200.0000000  1533800.0000000  -1516200.0000000  1536200.0000000  
251     1200    1704    -65     39      70.5745360    -179.7558325  5.625   0.090   7.895   0.218   1      -13.000  7.800   1135    1743    70.5416291    179.8476585   -1508200.0000000  1495400.0000000  -1500400.0000000  1508400.0000000  
252     792     1720    -4      -61     70.0719851    178.6617307   354.375  0.163   15.679  0.416   2      -0.800  -12.200  788     1659    69.9911503    178.8782938   -1505000.0000000  1577000.0000000  -1517200.0000000  1577800.0000000  
253     936     1720    -11     -45     70.2580096    179.1893710   354.375  0.103   9.308   0.340   2      -2.200  -9.000  925     1675    70.1875419    179.3194530   -1505000.0000000  1548200.0000000  -1514000.0000000  1550400.0000000  
254     976     1720    -12     -43     70.3094060    179.3377375   0.000   0.129   11.229  0.274   1      -2.400  -8.600  964     1677    70.2400467    179.4563419   -1505000.0000000  1540200.0000000  -1513600.0000000  1542600.0000000  
255     1360    1720    0       0       70.7964094    -179.1970932  0.000   0.178   16.716  0.260   1      0.000   0.000   1360    1720    70.7964094    -179.1970932  -1505000.0000000  1463400.0000000  -1505000.0000000  1463400.0000000  
256     1392    1720    0       0       70.8364514    -179.0715879  0.000   0.155   14.111  0.315   2      0.000   0.000   1392    1720    70.8364514    -179.0715879  -1505000.0000000  1457000.0000000  -1505000.0000000  1457000.0000000  
257     664     1728    -3      -68     69.9151621    178.1706987   0.000   0.115   10.762  0.248   1      -0.600  -13.600  661     1660    69.8276851    178.4175244   -1503400.0000000  1602600.0000000  -1517000.0000000  1603200.0000000  
258     1320    1728    0       0       70.7565115    -179.3836916  0.000   0.215   21.535  0.378   2      0.000   0.000   1320    1728    70.7565115    -179.3836916  -1503400.0000000  1471400.0000000  -1503400.0000000  1471400.0000000  
259     1448    1728    0       -1      70.9166843    -178.8811144  0.000   0.148   14.607  0.352   2      0.000   -0.200  1448    1727    70.9153887    -178.8773065  -1503400.0000000  1445800.0000000  -1503600.0000000  1445800.0000000  
260     704     1736    -3      -66     69.9772252    178.2833428   354.375  0.130   12.147  0.292   2      -0.600  -13.200  701     1670    69.8920334    178.5228913   -1501800.0000000  1594600.0000000  -1515000.0000000  1595200.0000000  
261     896     1736    -11     -49     70.2264339    178.9808497   354.375  0.101   10.568  0.342   2      -2.200  -9.800  885     1687    70.1511390    179.1266336   -1501800.0000000  1556200.0000000  -1511600.0000000  1558400.0000000  
262     1128    1744    -26     -15     70.5339816    179.8172632   0.000   0.104   8.459   0.219   1      -5.200  -3.000  1102    1729    70.4818815    179.7759967   -1500200.0000000  1509800.0000000  -1503200.0000000  1515000.0000000  
263     1280    1744    0       0       70.7266544    -179.6000360  0.000   0.197   19.446  0.256   1      0.000   0.000   1280    1744    70.7266544    -179.6000360  -1500200.0000000  1479400.0000000  -1500200.0000000  1479400.0000000  
264     1368    1752    0       0       70.8476351    -179.2878070  0.000   0.175   17.005  0.441   3      0.000   0.000   1368    1752    70.8476351    -179.2878070  -1498600.0000000  1461800.0000000  -1498600.0000000  1461800.0000000  
265     960     1760    -14     -44     70.3389030    179.1256684   354.375  0.180   16.050  0.396   3      -2.800  -8.800  946     1716    70.2658638    179.2416074   -1497000.0000000  1543400.0000000  -1505800.0000000  1546200.0000000  
266     760     1768    -7      -62     70.0896319    178.3627854   354.375  0.196   17.175  0.445   3      -1.400  -12.400  753     1706    70.0040471    178.5737361   -1495400.0000000  1583400.0000000  -1507800.0000000  1584800.0000000  
267     928     1768    -14     -45     70.3076142    178.9765668   0.000   0.145   14.812  0.365   2      -2.800  -9.000  914     1723    70.2334352    179.0966870   -1495400.0000000  1549800.0000000  -1504400.0000000  1552600.0000000  
268     1336    1768    0       0       70.8279636    -179.4741526  0.000   0.239   25.079  0.463   3      0.000   0.000   1336    1768    70.8279636    -179.4741526  -1495400.0000000  1468200.0000000  -1495400.0000000  1468200.0000000  
269     1256    1784    0       0       70.7473731    -179.8460002  0.000   0.312   33.347  0.545   3      0.000   0.000   1256    1784    70.7473731    -179.8460002  -1492200.0000000  1484200.0000000  -1492200.0000000  1484200.0000000  
270     1016    1792    -19     -36     70.4510155    179.2115410   0.000   0.126   11.799  0.301   2      -3.800  -7.200  997     1756    70.3815001    179.2786001   -1490600.0000000  1532200.0000000  -1497800.0000000  1536000.0000000  
271     1216    1792    0       0       70.7067881    179.9692660   0.000   0.112   10.546  0.226   1      0.000   0.000   1216    1792    70.7067881    179.9692660   -1490600.0000000  1492200.0000000  -1490600.0000000  1492200.0000000  
272     1304    1792    0       0       70.8183169    -179.6908392  0.000   0.280   29.411  0.501   3      0.000   0.000   1304    1792    70.8183169    -179.6908392  -1490600.0000000  1474600.0000000  -1490600.0000000  1474600.0000000  
273     984     1800    -17     -41     70.4197914    179.0614294   354.375  0.130   13.264  0.378   2      -3.400  -8.200  967     1759    70.3466680    179.1554801   -1489000.0000000  1538600.0000000  -1497200.0000000  1542000.0000000  
274     1336    1824    0       0       70.8996473    -179.6894989  0.000   0.179   17.874  0.256   1      0.000   0.000   1336    1824    70.8996473    -179.6894989  -1484200.0000000  1468200.0000000  -1484200.0000000  1468200.0000000  
275     952     1832    -18     -44     70.4182892    178.8192791   354.375  0.146   14.820  0.426   3      -3.600  -8.800  934     1788    70.3402732    178.9220619   -1482600.0000000  1545000.0000000  -1491400.0000000  1548600.0000000  
276     984     1832    -19     -41     70.4596932    178.9381053   354.375  0.198   20.080  0.463   3      -3.800  -8.200  965     1791    70.3840485    179.0253933   -1482600.0000000  1538600.0000000  -1490800.0000000  1542400.0000000  
277     1056    1840    -24     -33     70.5625800    179.1764251   0.000   0.081   7.672   0.238   1      -4.800  -6.600  1032    1807    70.4903805    179.2137186   -1481000.0000000  1524200.0000000  -1487600.0000000  1529000.0000000  
278     1088    1840    -25     -14     70.6037515    179.2969258   0.000   0.232   24.345  0.486   3      -5.000  -2.800  1063    1826    70.5540573    179.2568316   -1481000.0000000  1517800.0000000  -1483800.0000000  1522800.0000000  
279     1224    1848    0       0       70.7879625    179.7839361   0.000   0.295   31.382  0.562   3      0.000   0.000   1224    1848    70.7879625    179.7839361   -1479400.0000000  1490600.0000000  -1479400.0000000  1490600.0000000  
280     1256    1848    0       0       70.8287319    179.9072009   0.000   0.300   31.220  0.519   3      0.000   0.000   1256    1848    70.8287319    179.9072009   -1479400.0000000  1484200.0000000  -1479400.0000000  1484200.0000000  
281     1176    1864    0       0       70.7468268    179.5380094   0.000   0.220   21.444  0.325   2      0.000   0.000   1176    1864    70.7468268    179.5380094   -1476200.0000000  1500200.0000000  -1476200.0000000  1500200.0000000  
282     1144    1888    0       0       70.7359570    179.3227947   0.000   0.181   16.773  0.296   1      0.000   0.000   1144    1888    70.7359570    179.3227947   -1471400.0000000  1506600.0000000  -1471400.0000000  1506600.0000000  
283     1176    1896    0       0       70.7871083    179.4135586   0.000   0.270   28.253  0.545   3      0.000   0.000   1176    1896    70.7871083    179.4135586   -1469800.0000000  1500200.0000000  -1469800.0000000  1500200.0000000  
284     1104    1936    0       0       70.7444669    178.9837052   0.000   0.249   24.844  0.493   3      0.000   0.000   1104    1936    70.7444669    178.9837052   -1461800.0000000  1514600.0000000  -1461800.0000000  1514600.0000000  
285     1152    1944    0       0       70.8164412    179.1344072   0.000   0.277   28.800  0.446   3      0.000   0.000   1152    1944    70.8164412    179.1344072   -1460200.0000000  1505000.0000000  -1460200.0000000  1505000.0000000  
