CP      startX  startY  dispX   dispY   sLat          sLon          theta   pCorr   pkStr   cCorr   conf   velX    velY    endX    endY    eLat          eLon          nps_startX    nps_startY    nps_endX      nps_endY      
0       984     160     -34     -50     74.6648315    -66.4575396   0.000   0.128   12.542  0.222   1      -3.400  -5.000  950     110     74.6886850    -66.8626379   -611200.0000000  -1555000.0000000  -621200.0000000  -1548200.0000000  
1       1448    168     -14     -34     73.8839501    -65.3018434   0.000   0.101   10.112  0.356   2      -1.400  -3.400  1434    134     73.8862263    -65.5415392   -609600.0000000  -1647800.0000000  -616400.0000000  -1645000.0000000  
2       408     176     -34     -33     75.6448677    -67.8934036   11.250  0.127   15.944  0.486   3      -3.400  -3.300  374     143     75.6782617    -68.2140305   -608000.0000000  -1439800.0000000  -614600.0000000  -1433000.0000000  
3       680     176     -32     -42     75.1881408    -67.1417373   5.625   0.100   9.062   0.386   2      -3.200  -4.200  648     134     75.2129390    -67.5043737   -608000.0000000  -1494200.0000000  -616400.0000000  -1487800.0000000  
4       1040    176     -34     -52     74.5807472    -66.2162491   0.000   0.086   8.123   0.296   1      -3.400  -5.200  1006    124     74.6037119    -66.6314342   -608000.0000000  -1566200.0000000  -618400.0000000  -1559400.0000000  
5       984     192     -34     -50     74.6859781    -66.2529948   0.000   0.221   22.011  0.373   2      -3.400  -5.000  950     142     74.7102147    -66.6583396   -604800.0000000  -1555000.0000000  -614800.0000000  -1548200.0000000  
6       1368    192     -15     -36     74.0349676    -65.3364012   0.000   0.102   8.827   0.209   1      -1.500  -3.600  1353    156     74.0376252    -65.5930440   -604800.0000000  -1631800.0000000  -612000.0000000  -1628800.0000000  
7       1416    192     -15     -36     73.9533900    -65.2271241   0.000   0.101   9.857   0.239   1      -1.500  -3.600  1401    156     73.9561825    -65.4824279   -604800.0000000  -1641400.0000000  -612000.0000000  -1638400.0000000  
8       1704    192     -13     -33     73.4630905    -64.5944126   348.750  0.170   17.902  0.416   3      -1.300  -3.300  1691    159     73.4651002    -64.8196840   -604800.0000000  -1699000.0000000  -611400.0000000  -1696400.0000000  
9       1816    200     -16     -13     73.2768515    -64.3110965   348.750  0.205   21.597  0.469   3      -1.600  -1.300  1800    187     73.2963570    -64.4215434   -603200.0000000  -1721400.0000000  -605800.0000000  -1718200.0000000  
10      552     208     -28     -36     75.4254735    -67.2760589   5.625   0.155   16.179  0.318   2      -2.800  -3.600  524     172     75.4475448    -67.5937203   -601600.0000000  -1468600.0000000  -608800.0000000  -1463000.0000000  
11      640     208     -30     -40     75.2773496    -67.0376466   0.000   0.094   8.357   0.229   1      -3.000  -4.000  610     168     75.3003434    -67.3836393   -601600.0000000  -1486200.0000000  -609600.0000000  -1480200.0000000  
12      1040    208     -33     -51     74.6016622    -66.0125024   0.000   0.115   10.950  0.203   1      -3.300  -5.100  1007    157     74.6239938    -66.4190876   -601600.0000000  -1566200.0000000  -611800.0000000  -1559600.0000000  
13      1568    216     -20     -35     73.7095238    -64.7427885   0.000   0.205   19.688  0.469   3      -2.000  -3.500  1548    181     73.7220403    -64.9991034   -600000.0000000  -1671800.0000000  -607000.0000000  -1667800.0000000  
14      1704    232     -20     -34     73.4872227    -64.3546131   348.750  0.193   19.331  0.450   3      -2.000  -3.400  1684    198     73.5008287    -64.6011294   -596800.0000000  -1699000.0000000  -603600.0000000  -1695000.0000000  
15      1736    232     -21     -28     73.4325783    -64.2873525   348.750  0.215   20.893  0.384   3      -2.100  -2.800  1715    204     73.4515979    -64.4992065   -596800.0000000  -1705400.0000000  -602400.0000000  -1701200.0000000  
16      560     240     -26     -37     75.4339443    -67.0402132   5.625   0.101   9.639   0.329   2      -2.600  -3.700  534     203     75.4522911    -67.3588876   -595200.0000000  -1470200.0000000  -602600.0000000  -1465000.0000000  
17      1152    248     -23     -37     74.4373727    -65.4888227   0.000   0.140   13.848  0.258   1      -2.300  -3.700  1129    211     74.4527652    -65.7777065   -593600.0000000  -1588600.0000000  -601000.0000000  -1584000.0000000  
18      1464    248     -15     -35     73.9063778    -64.7755241   0.000   0.233   23.572  0.434   3      -1.500  -3.500  1449    213     73.9103472    -65.0238519   -593600.0000000  -1651000.0000000  -600600.0000000  -1648000.0000000  
19      528     256     -24     -45     75.4987791    -67.0197294   11.250  0.127   11.849  0.219   1      -2.400  -4.500  504     211     75.5082595    -67.3880352   -592000.0000000  -1463800.0000000  -601000.0000000  -1459000.0000000  
20      896     256     -30     -54     74.8768733    -66.0599837   0.000   0.140   13.483  0.255   1      -3.000  -5.400  866     202     74.8920589    -66.4859258   -592000.0000000  -1537400.0000000  -602800.0000000  -1531400.0000000  
21      1496    256     -18     -35     73.8567000    -64.6560140   0.000   0.229   23.644  0.408   3      -1.800  -3.500  1478    221     73.8659223    -64.9101920   -592000.0000000  -1657400.0000000  -599000.0000000  -1653800.0000000  
22      1320    264     -15     -42     74.1616134    -64.9989859   5.625   0.090   9.524   0.262   1      -1.500  -4.200  1305    222     74.1609176    -65.2950113   -590400.0000000  -1622200.0000000  -598800.0000000  -1619200.0000000  
23      1696    264     -26     -36     73.5199988    -64.1790080   348.750  0.102   10.401  0.296   2      -2.600  -3.600  1670    228     73.5428561    -64.4506606   -590400.0000000  -1697400.0000000  -597600.0000000  -1692200.0000000  
24      1824    264     -23     -30     73.3010830    -63.9144418   0.000   0.093   7.900   0.233   1      -2.300  -3.000  1801    234     73.3227224    -64.1402024   -590400.0000000  -1723000.0000000  -596400.0000000  -1718400.0000000  
25      472     272     -21     -40     75.6040742    -67.0647866   5.625   0.185   18.294  0.455   3      -2.100  -4.000  451     232     75.6119057    -67.3936630   -588800.0000000  -1452600.0000000  -596800.0000000  -1448400.0000000  
26      600     272     -23     -40     75.3881500    -66.7184943   5.625   0.115   9.650   0.250   1      -2.300  -4.000  577     232     75.3998449    -67.0476802   -588800.0000000  -1478200.0000000  -596800.0000000  -1473600.0000000  
27      720     272     -26     -41     75.1853462    -66.4031164   5.625   0.101   8.526   0.267   1      -2.600  -4.100  694     231     75.2018864    -66.7419946   -588800.0000000  -1502200.0000000  -597000.0000000  -1497000.0000000  
28      768     272     -26     -44     75.1041278    -66.2793966   5.625   0.087   9.821   0.217   1      -2.600  -4.400  742     228     75.1188452    -66.6359860   -588800.0000000  -1511800.0000000  -597600.0000000  -1506600.0000000  
29      1424    272     -15     -35     73.9892734    -64.7160973   0.000   0.221   22.966  0.407   3      -1.500  -3.500  1409    237     73.9933143    -64.9657129   -588800.0000000  -1643000.0000000  -595800.0000000  -1640000.0000000  
30      1568    272     -20     -35     73.7434928    -64.4020210   0.000   0.145   13.894  0.214   1      -2.000  -3.500  1548    237     73.7564377    -64.6586117   -588800.0000000  -1671800.0000000  -595800.0000000  -1667800.0000000  
31      1664    272     -19     -36     73.5794583    -64.1979299   0.000   0.160   13.941  0.240   1      -1.900  -3.600  1645    236     73.5903459    -64.4556650   -588800.0000000  -1691000.0000000  -596000.0000000  -1687200.0000000  
32      664     280     -22     -41     75.2853651    -66.4959907   11.250  0.092   8.213   0.286   1      -2.200  -4.100  642     239     75.2950189    -66.8266564   -587200.0000000  -1491000.0000000  -595400.0000000  -1486600.0000000  
33      944     280     -30     -55     74.8110383    -65.7854281   0.000   0.115   9.851   0.222   1      -3.000  -5.500  914     225     74.8260993    -66.2156888   -587200.0000000  -1547000.0000000  -598200.0000000  -1541000.0000000  
34      1152    280     -23     -38     74.4575922    -65.2860082   0.000   0.107   11.280  0.354   2      -2.300  -3.800  1129    242     74.4726220    -65.5814107   -587200.0000000  -1588600.0000000  -594800.0000000  -1584000.0000000  
35      1368    280     -15     -36     74.0896771    -64.7911673   0.000   0.166   16.221  0.302   2      -1.500  -3.600  1353    244     74.0930065    -65.0486055   -587200.0000000  -1631800.0000000  -594400.0000000  -1628800.0000000  
36      1608    280     -20     -35     73.6799474    -64.2678612   0.000   0.140   11.852  0.226   1      -2.000  -3.500  1588    245     73.6930592    -64.5233317   -587200.0000000  -1679800.0000000  -594200.0000000  -1675800.0000000  
37      272     288     0       0       75.9517446    -67.5166824   0.000   0.110   10.066  0.330   2      0.000   0.000   272     288     75.9517446    -67.5166824   -585600.0000000  -1412600.0000000  -585600.0000000  -1412600.0000000  
38      552     288     -20     -35     75.4799700    -66.7394987   11.250  0.089   8.661   0.232   1      -2.000  -3.500  532     253     75.4899926    -67.0290237   -585600.0000000  -1468600.0000000  -592600.0000000  -1464600.0000000  
39      832     288     -28     -51     75.0061970    -66.0118199   5.625   0.132   12.234  0.320   2      -2.800  -5.100  804     237     75.0200863    -66.4166873   -585600.0000000  -1524600.0000000  -595800.0000000  -1519000.0000000  
40      632     296     -17     -38     75.3501273    -66.4732845   0.000   0.104   9.780   0.284   1      -1.700  -3.800  615     258     75.3534005    -66.7720585   -584000.0000000  -1484600.0000000  -591600.0000000  -1481200.0000000  
41      912     296     -30     -54     74.8756567    -65.7603698   0.000   0.133   12.296  0.310   2      -3.000  -5.400  882     242     74.8914235    -66.1859751   -584000.0000000  -1540600.0000000  -594800.0000000  -1534600.0000000  
42      1456    296     -15     -35     73.9492495    -64.4974327   0.000   0.173   17.006  0.376   2      -1.500  -3.500  1441    261     73.9535532    -64.7463623   -584000.0000000  -1649400.0000000  -591000.0000000  -1646400.0000000  
43      1488    296     -18     -35     73.8945920    -64.4277258   0.000   0.139   13.643  0.311   2      -1.800  -3.500  1470    261     73.9040964    -64.6823777   -584000.0000000  -1655800.0000000  -591000.0000000  -1652200.0000000  
44      1824    296     -25     -30     73.3197554    -63.7237657   0.000   0.092   8.369   0.275   1      -2.500  -3.000  1799    266     73.3450336    -63.9536290   -584000.0000000  -1723000.0000000  -590000.0000000  -1718000.0000000  
45      512     304     -18     -44     75.5582954    -66.7391594   5.625   0.123   11.701  0.271   1      -1.800  -4.400  494     260     75.5588032    -67.0856057   -582400.0000000  -1460600.0000000  -591200.0000000  -1457000.0000000  
46      424     312     -16     -35     75.7122592    -66.9245289   5.625   0.134   10.092  0.466   3      -1.600  -3.500  408     277     75.7153136    -67.2077945   -580800.0000000  -1443000.0000000  -587800.0000000  -1439800.0000000  
47      760     312     -23     -43     75.1439067    -66.0359856   5.625   0.135   12.202  0.305   2      -2.300  -4.300  737     269     75.1546018    -66.3789440   -580800.0000000  -1510200.0000000  -589400.0000000  -1505600.0000000  
48      944     312     -30     -54     74.8315544    -65.5779597   0.000   0.117   11.713  0.453   3      -3.000  -5.400  914     258     74.8476745    -66.0021233   -580800.0000000  -1547000.0000000  -591600.0000000  -1541000.0000000  
49      832     320     -25     -51     75.0269355    -65.8019307   5.625   0.139   12.641  0.316   2      -2.500  -5.100  807     269     75.0361290    -66.1995413   -579200.0000000  -1524600.0000000  -589400.0000000  -1519600.0000000  
50      1360    320     -16     -36     74.1277378    -64.5598119   0.000   0.149   12.093  0.231   1      -1.600  -3.600  1344    284     74.1330574    -64.8200727   -579200.0000000  -1630200.0000000  -586400.0000000  -1627000.0000000  
51      1752    320     -30     -27     73.4570648    -63.7261957   5.625   0.163   12.066  0.327   2      -3.000  -2.700  1722    293     73.4926687    -63.9502789   -579200.0000000  -1708600.0000000  -584600.0000000  -1702600.0000000  
52      632     328     -18     -35     75.3713162    -66.2590721   5.625   0.112   11.441  0.279   1      -1.800  -3.500  614     293     75.3785652    -66.5407998   -577600.0000000  -1484600.0000000  -584600.0000000  -1481000.0000000  
53      1392    328     -16     -36     74.0779091    -64.4393023   0.000   0.220   22.034  0.424   3      -1.600  -3.600  1376    292     74.0833783    -64.6986981   -577600.0000000  -1636600.0000000  -584800.0000000  -1633400.0000000  
54      1632    328     -19     -36     73.6673184    -63.9253400   0.000   0.162   16.939  0.306   2      -1.900  -3.600  1613    292     73.6785541    -64.1842964   -577600.0000000  -1684600.0000000  -584800.0000000  -1680800.0000000  
55      1832    328     -26     -30     73.3245240    -63.5166376   0.000   0.190   17.482  0.340   2      -2.600  -3.000  1806    298     73.3517540    -63.7482773   -577600.0000000  -1724600.0000000  -583600.0000000  -1719400.0000000  
56      1472    336     -17     -35     73.9459200    -64.2155760   0.000   0.154   13.900  0.204   1      -1.700  -3.500  1455    301     73.9539787    -64.4687423   -576000.0000000  -1652600.0000000  -583000.0000000  -1649200.0000000  
57      1536    336     -17     -36     73.8364018    -64.0786021   0.000   0.107   10.194  0.220   1      -1.700  -3.600  1519    300     73.8440273    -64.3361009   -576000.0000000  -1665400.0000000  -583200.0000000  -1662000.0000000  
58      1936    336     -10     -20     73.1506034    -63.2634228   0.000   0.148   14.604  0.261   1      -1.000  -2.000  1926    316     73.1563930    -63.4014206   -576000.0000000  -1745400.0000000  -580000.0000000  -1743400.0000000  
59      496     344     -10     -39     75.6121457    -66.5107153   11.250  0.132   13.288  0.234   1      -1.000  -3.900  486     305     75.6028741    -66.8027670   -574400.0000000  -1457400.0000000  -582200.0000000  -1455400.0000000  
60      528     344     -15     -38     75.5579957    -66.4252079   354.375  0.086   7.881   0.220   1      -1.500  -3.800  513     306     75.5579528    -66.7229222   -574400.0000000  -1463800.0000000  -582000.0000000  -1460800.0000000  
61      1152    344     -23     -37     74.4974545    -64.8787860   0.000   0.129   11.077  0.272   1      -2.300  -3.700  1129    307     74.5136732    -65.1681818   -574400.0000000  -1588600.0000000  -581800.0000000  -1584000.0000000  
62      1968    344     -11     -19     73.1001625    -63.1538678   354.375  0.131   12.668  0.320   1      -1.100  -1.900  1957    325     73.1083121    -63.2874570   -574400.0000000  -1751800.0000000  -578200.0000000  -1749600.0000000  
63      592     352     -12     -38     75.4548858    -66.2021790   5.625   0.189   18.518  0.390   3      -1.200  -3.800  580     314     75.4500592    -66.4898108   -572800.0000000  -1476600.0000000  -580400.0000000  -1474200.0000000  
64      920     352     -27     -53     74.8977777    -65.3758755   0.000   0.118   10.612  0.255   1      -2.700  -5.300  893     299     74.9098423    -65.7877629   -572800.0000000  -1542200.0000000  -583400.0000000  -1536800.0000000  
65      464     360     -6      -33     75.6769546    -66.4875529   11.250  0.109   8.638   0.259   1      -0.600  -3.300  458     327     75.6649982    -66.7291473   -571200.0000000  -1451000.0000000  -577800.0000000  -1449800.0000000  
66      656     360     -14     -38     75.3515837    -65.9823252   5.625   0.114   11.265  0.234   1      -1.400  -3.800  642     322     75.3504239    -66.2731929   -571200.0000000  -1489400.0000000  -578800.0000000  -1486600.0000000  
67      1304    360     -19     -50     74.2476277    -64.4333704   0.000   0.091   9.413   0.337   2      -1.900  -5.000  1285    310     74.2496500    -64.7903343   -571200.0000000  -1619000.0000000  -581200.0000000  -1615200.0000000  
68      1368    360     -19     -49     74.1381758    -64.2922358   0.000   0.115   10.578  0.223   1      -1.900  -4.900  1349    311     74.1410477    -64.6404461   -571200.0000000  -1631800.0000000  -581000.0000000  -1628000.0000000  
69      2040    368     -6      -37     72.9898051    -62.8745261   354.375  0.121   10.697  0.267   1      -0.600  -3.700  2034    331     72.9794665    -63.1031990   -569600.0000000  -1766200.0000000  -577000.0000000  -1765000.0000000  
70      384     376     0       -24     75.8229945    -66.5945913   5.625   0.157   15.695  0.297   1      0.000   -2.400  384     352     75.8068670    -66.7600934   -568000.0000000  -1435000.0000000  -572800.0000000  -1435000.0000000  
71      528     376     -8      -33     75.5791470    -66.2078044   5.625   0.134   11.889  0.341   2      -0.800  -3.300  520     343     75.5708706    -66.4533129   -568000.0000000  -1463800.0000000  -574600.0000000  -1462200.0000000  
72      1080    376     -25     -52     74.6400371    -64.8403661   5.625   0.109   9.423   0.263   1      -2.500  -5.200  1055    324     74.6503262    -65.2336576   -568000.0000000  -1574200.0000000  -578400.0000000  -1569200.0000000  
73      2008    376     -8      -35     73.0492937    -62.8882088   354.375  0.137   13.426  0.321   2      -0.800  -3.500  2000    341     73.0434972    -63.1097643   -568000.0000000  -1759800.0000000  -575000.0000000  -1758200.0000000  
74      424     384     1       -28     75.7606350    -66.4307814   5.625   0.255   27.245  0.529   3      0.100   -2.800  425     356     75.7402553    -66.6204760   -566400.0000000  -1443000.0000000  -572000.0000000  -1443200.0000000  
75      600     384     -12     -33     75.4622426    -65.9652696   0.000   0.106   10.898  0.251   1      -1.200  -3.300  588     351     75.4610069    -66.2193985   -566400.0000000  -1478200.0000000  -573000.0000000  -1475800.0000000  
76      1480    384     -14     -34     73.9606166    -63.9012634   0.000   0.089   8.695   0.227   1      -1.400  -3.400  1466    350     73.9645193    -64.1418587   -566400.0000000  -1654200.0000000  -573200.0000000  -1651400.0000000  
77      1304    392     -16     -56     74.2668338    -64.2316996   5.625   0.162   18.112  0.453   3      -1.600  -5.600  1288    336     74.2604234    -64.6201222   -564800.0000000  -1619000.0000000  -576000.0000000  -1615800.0000000  
78      1520    392     -15     -36     73.8967116    -63.7672800   0.000   0.142   13.821  0.403   3      -1.500  -3.600  1505    356     73.9013021    -64.0213490   -564800.0000000  -1662200.0000000  -572000.0000000  -1659200.0000000  
79      752     400     -11     -38     75.2141507    -65.4719240   5.625   0.109   9.926   0.381   2      -1.100  -3.800  741     362     75.2085515    -65.7525309   -563200.0000000  -1508600.0000000  -570800.0000000  -1506400.0000000  
80      1344    400     -16     -59     74.2030968    -64.0937339   5.625   0.082   8.787   0.281   1      -1.600  -5.900  1328    341     74.1951281    -64.4994439   -563200.0000000  -1627000.0000000  -575000.0000000  -1623800.0000000  
81      1376    400     -19     -43     74.1482719    -64.0243088   0.000   0.161   15.553  0.295   1      -1.900  -4.300  1357    357     74.1551931    -64.3351381   -563200.0000000  -1633400.0000000  -571800.0000000  -1629600.0000000  
82      232     408     0       1       76.1015350    -66.7929694   0.000   0.212   22.422  0.510   3      0.000   0.100   232     409     76.1022107    -66.7859352   -561600.0000000  -1404600.0000000  -561400.0000000  -1404600.0000000  
83      528     408     -4      -32     75.6000932    -65.9897589   5.625   0.173   17.882  0.391   3      -0.400  -3.200  524     376     75.5859275    -66.2183700   -561600.0000000  -1463800.0000000  -568000.0000000  -1463000.0000000  
84      1272    408     -14     -53     74.3311706    -64.2010541   5.625   0.173   16.836  0.428   3      -1.400  -5.300  1258    355     74.3232202    -64.5676488   -561600.0000000  -1612600.0000000  -572200.0000000  -1609800.0000000  
85      2008    408     -11     -35     73.0669716    -62.6992961   354.375  0.110   10.936  0.258   1      -1.100  -3.500  1997    373     73.0665480    -62.9268782   -561600.0000000  -1759800.0000000  -568600.0000000  -1757600.0000000  
86      1088    416     -22     -53     74.6508404    -64.5639437   5.625   0.121   10.922  0.242   1      -2.200  -5.300  1066    363     74.6558959    -64.9567539   -560000.0000000  -1575800.0000000  -570600.0000000  -1571400.0000000  
87      1464    416     -13     -34     74.0067587    -63.7363387   0.000   0.141   13.200  0.333   2      -1.300  -3.400  1451    382     74.0091394    -63.9754590   -560000.0000000  -1651000.0000000  -566800.0000000  -1648400.0000000  
88      1896    416     -21     -46     73.2642368    -62.8652060   5.625   0.171   17.735  0.414   3      -2.100  -4.600  1875    370     73.2746139    -63.1806910   -560000.0000000  -1737400.0000000  -569200.0000000  -1733200.0000000  
89      408     424     3       -28     75.8141989    -66.1978687   0.000   0.153   15.146  0.413   3      0.300   -2.800  411     396     75.7906188    -66.3832196   -558400.0000000  -1439800.0000000  -564000.0000000  -1440400.0000000  
90      944     424     -14     -52     74.9018096    -64.8473870   5.625   0.117   10.715  0.247   1      -1.400  -5.200  930     372     74.8933462    -65.2210766   -558400.0000000  -1547000.0000000  -568800.0000000  -1544200.0000000  
91      1016    424     -18     -51     74.7787999    -64.6784608   0.000   0.124   10.364  0.383   2      -1.800  -5.100  998     373     74.7780712    -65.0521795   -558400.0000000  -1561400.0000000  -568600.0000000  -1557800.0000000  
92      1504    424     -12     -36     73.9427403    -63.6026312   0.000   0.097   8.855   0.237   1      -1.200  -3.600  1492    388     73.9423900    -63.8510434   -558400.0000000  -1659000.0000000  -565600.0000000  -1656600.0000000  
93      1568    424     -13     -38     73.8328238    -63.4698991   0.000   0.133   12.845  0.286   1      -1.300  -3.800  1555    386     73.8331865    -63.7310059   -558400.0000000  -1671800.0000000  -566000.0000000  -1669200.0000000  
94      704     432     -2      -32     75.3161796    -65.3773949   0.000   0.156   14.386  0.283   1      -0.200  -3.200  702     400     75.2992310    -65.5970952   -556800.0000000  -1499000.0000000  -563200.0000000  -1498600.0000000  
95      336     440     0       0       75.9468483    -66.2811474   0.000   0.213   23.611  0.528   3      0.000   0.000   336     440     75.9468483    -66.2811474   -555200.0000000  -1425400.0000000  -555200.0000000  -1425400.0000000  
96      584     440     -2      -28     75.5255814    -65.6266778   5.625   0.136   12.917  0.356   2      -0.200  -2.800  582     412     75.5109679    -65.8221359   -555200.0000000  -1475000.0000000  -560800.0000000  -1474600.0000000  
97      1680    448     -19     -39     73.6538854    -63.0954192   0.000   0.198   19.916  0.306   2      -1.900  -3.900  1661    409     73.6644640    -63.3718814   -553600.0000000  -1694200.0000000  -561400.0000000  -1690400.0000000  
98      392     456     7       -28     75.8623208    -66.0188007   0.000   0.151   14.329  0.287   1      0.700   -2.800  399     428     75.8320956    -66.1943392   -552000.0000000  -1436600.0000000  -557600.0000000  -1438000.0000000  
99      424     456     4       -28     75.8079615    -65.9336710   0.000   0.216   21.768  0.332   2      0.400   -2.800  428     428     75.7828946    -66.1167141   -552000.0000000  -1443000.0000000  -557600.0000000  -1443800.0000000  
100     496     456     4       -29     75.6855636    -65.7445175   0.000   0.264   25.992  0.393   2      0.400   -2.900  500     427     75.6600024    -65.9331722   -552000.0000000  -1457400.0000000  -557800.0000000  -1458200.0000000  
101     776     456     -7      -38     75.2084671    -65.0390185   5.625   0.129   14.368  0.342   2      -0.700  -3.800  769     418     75.1965942    -65.3098065   -552000.0000000  -1513400.0000000  -559600.0000000  -1512000.0000000  
102     960     456     -12     -52     74.8940718    -64.5999544   5.625   0.087   7.621   0.201   1      -1.200  -5.200  948     404     74.8826165    -64.9688386   -552000.0000000  -1550200.0000000  -562400.0000000  -1547800.0000000  
103     1008    456     -16     -50     74.8119511    -64.4884398   0.000   0.122   12.256  0.406   3      -1.600  -5.000  992     406     74.8087492    -64.8517772   -552000.0000000  -1559800.0000000  -562000.0000000  -1556600.0000000  
104     1056    456     -19     -50     74.7297893    -64.3781385   5.625   0.125   12.525  0.365   2      -1.900  -5.000  1037    406     74.7318977    -64.7465041   -552000.0000000  -1569400.0000000  -562000.0000000  -1565600.0000000  
105     1504    456     -11     -36     73.9611389    -63.4038605   0.000   0.089   8.584   0.252   1      -1.100  -3.600  1493    420     73.9593104    -63.6504701   -552000.0000000  -1659000.0000000  -559200.0000000  -1656800.0000000  
106     1848    456     -17     -53     73.3690210    -62.7177151   0.000   0.117   9.859   0.273   1      -1.700  -5.300  1831    403     73.3688283    -63.0693508   -552000.0000000  -1727800.0000000  -562600.0000000  -1724400.0000000  
107     616     464     -1      -31     75.4863737    -65.3820673   0.000   0.126   11.687  0.213   1      -0.100  -3.100  615     433     75.4683510    -65.5950352   -550400.0000000  -1481400.0000000  -556600.0000000  -1481200.0000000  
108     672     464     -1      -31     75.3909083    -65.2415792   0.000   0.227   23.694  0.439   3      -0.100  -3.100  671     433     75.3730209    -65.4533179   -550400.0000000  -1492600.0000000  -556600.0000000  -1492400.0000000  
109     904     464     -8      -49     74.9947243    -64.6788193   0.000   0.103   8.761   0.245   1      -0.800  -4.900  896     415     74.9781742    -65.0208007   -550400.0000000  -1539000.0000000  -560200.0000000  -1537400.0000000  
110     2024    464     -13     -39     73.0698624    -62.3381091   354.375  0.098   13.334  0.377   2      -1.300  -3.900  2011    425     73.0711196    -62.5931459   -550400.0000000  -1763000.0000000  -558200.0000000  -1760400.0000000  
111     736     472     -2      -32     75.2867096    -65.0295429   0.000   0.142   13.953  0.422   3      -0.200  -3.200  734     440     75.2701008    -65.2492020   -548800.0000000  -1505400.0000000  -555200.0000000  -1505000.0000000  
112     1200    472     -19     -43     74.4925173    -63.9517699   0.000   0.105   9.507   0.323   2      -1.900  -4.300  1181    429     74.4995464    -64.2695547   -548800.0000000  -1598200.0000000  -557400.0000000  -1594400.0000000  
113     704     480     -2      -31     75.3463237    -65.0542745   0.000   0.180   13.496  0.419   3      -0.200  -3.100  702     449     75.3303179    -65.2680785   -547200.0000000  -1499000.0000000  -553400.0000000  -1498600.0000000  
114     848     480     -10     -42     75.1002769    -64.7055976   0.000   0.104   9.526   0.247   1      -1.000  -4.200  838     438     75.0914475    -65.0084290   -547200.0000000  -1527800.0000000  -555600.0000000  -1525800.0000000  
115     1288    480     -11     -57     74.3461399    -63.7089673   0.000   0.107   10.007  0.311   2      -1.100  -5.700  1277    423     74.3315274    -64.0949555   -547200.0000000  -1615800.0000000  -558600.0000000  -1613600.0000000  
116     1568    480     -11     -38     73.8646670    -63.1238865   0.000   0.181   18.284  0.280   1      -1.100  -3.800  1557    442     73.8620308    -63.3813975   -547200.0000000  -1671800.0000000  -554800.0000000  -1669600.0000000  
117     248     488     0       1       76.1277799    -66.1840918   0.000   0.214   22.744  0.506   3      0.000   0.100   248     489     76.1284376    -66.1770147   -545600.0000000  -1407800.0000000  -545400.0000000  -1407800.0000000  
118     288     488     0       -1      76.0598643    -66.0749249   0.000   0.134   10.797  0.206   1      0.000   -0.100  288     487     76.0592097    -66.0819717   -545600.0000000  -1415800.0000000  -545800.0000000  -1415800.0000000  
119     480     488     4       -29     75.7333244    -65.5655439   0.000   0.212   22.148  0.473   3      0.400   -2.900  484     459     75.7079062    -65.7551587   -545600.0000000  -1454200.0000000  -551400.0000000  -1455000.0000000  
120     512     488     4       -28     75.6788171    -65.4829288   0.000   0.170   16.752  0.360   2      0.400   -2.800  516     460     75.6541114    -65.6650998   -545600.0000000  -1460600.0000000  -551200.0000000  -1461400.0000000  
121     1840    488     -15     -53     73.4003486    -62.5401816   5.625   0.139   12.219  0.272   1      -1.500  -5.300  1825    435     73.3970238    -62.8886051   -545600.0000000  -1726200.0000000  -556200.0000000  -1723200.0000000  
122     576     496     2       -28     75.5747786    -65.2648551   0.000   0.226   23.289  0.451   3      0.200   -2.800  578     468     75.5536579    -65.4511674   -544000.0000000  -1473400.0000000  -549600.0000000  -1473800.0000000  
123     944     496     -11     -47     74.9456876    -64.3741398   354.375  0.115   10.602  0.342   2      -1.100  -4.700  933     449     74.9359643    -64.7092544   -544000.0000000  -1547000.0000000  -553400.0000000  -1544800.0000000  
124     632     504     0       -29     75.4842204    -65.0698235   0.000   0.184   18.387  0.427   3      0.000   -2.900  632     475     75.4660436    -65.2670560   -542400.0000000  -1484600.0000000  -548200.0000000  -1484600.0000000  
125     880     504     -8      -38     75.0601318    -64.4705032   0.000   0.160   15.416  0.368   2      -0.800  -3.800  872     466     75.0506605    -64.7414018   -542400.0000000  -1534200.0000000  -550000.0000000  -1532600.0000000  
126     1192    504     -16     -46     74.5250133    -63.7637496   0.000   0.109   9.224   0.203   1      -1.600  -4.600  1176    458     74.5253985    -64.0947270   -542400.0000000  -1596600.0000000  -551600.0000000  -1593400.0000000  
127     344     512     0       0       75.9802531    -65.7555496   0.000   0.158   14.997  0.288   1      0.000   0.000   344     512     75.9802531    -65.7555496   -540800.0000000  -1427000.0000000  -540800.0000000  -1427000.0000000  
128     416     512     5       -28     75.8576666    -65.5656282   0.000   0.145   14.520  0.353   2      0.500   -2.800  421     484     75.8311845    -65.7473435   -540800.0000000  -1441400.0000000  -546400.0000000  -1442400.0000000  
129     824     512     -8      -36     75.1608673    -64.5493725   0.000   0.108   10.968  0.300   2      -0.800  -3.600  816     476     75.1525282    -64.8087441   -540800.0000000  -1523000.0000000  -548000.0000000  -1521400.0000000  
130     1008    512     -13     -46     74.8455599    -64.1219999   0.000   0.135   13.029  0.363   2      -1.300  -4.600  995     466     74.8402519    -64.4531212   -540800.0000000  -1559800.0000000  -550000.0000000  -1557200.0000000  
131     1272    512     -14     -61     74.3921684    -63.5393437   0.000   0.121   9.768   0.313   2      -1.400  -6.100  1258    451     74.3806529    -63.9586694   -540800.0000000  -1612600.0000000  -553000.0000000  -1609800.0000000  
132     1744    512     -13     -43     73.5790863    -62.5788850   5.625   0.135   12.172  0.250   1      -1.300  -4.300  1731    469     73.5778074    -62.8663201   -540800.0000000  -1707000.0000000  -549400.0000000  -1704400.0000000  
133     480     520     5       -28     75.7536657    -65.3441791   0.000   0.128   12.347  0.251   1      0.500   -2.800  485     492     75.7273617    -65.5249719   -539200.0000000  -1454200.0000000  -544800.0000000  -1455200.0000000  
134     512     520     4       -28     75.6990778    -65.2622984   0.000   0.212   21.030  0.410   3      0.400   -2.800  516     492     75.6745448    -65.4451137   -539200.0000000  -1460600.0000000  -544800.0000000  -1461400.0000000  
135     1608    520     -9      -40     73.8180882    -62.7961416   0.000   0.123   11.856  0.269   1      -0.900  -4.000  1599    480     73.8112959    -63.0612771   -539200.0000000  -1679800.0000000  -547200.0000000  -1678000.0000000  
136     1872    520     -14     -53     73.3624331    -62.2865904   0.000   0.091   8.127   0.251   1      -1.400  -5.300  1858    467     73.3578259    -62.6323493   -539200.0000000  -1732600.0000000  -549800.0000000  -1729800.0000000  
137     560     528     2       -28     75.6221565    -65.0856738   0.000   0.175   16.635  0.365   2      0.200   -2.800  562     500     75.6011788    -65.2728709   -537600.0000000  -1470200.0000000  -543200.0000000  -1470600.0000000  
138     720     528     0       -32     75.3486309    -64.6910247   0.000   0.150   14.500  0.244   1      0.000   -3.200  720     496     75.3289320    -64.9071215   -537600.0000000  -1502200.0000000  -544000.0000000  -1502200.0000000  
139     1576    528     -8      -38     73.8777027    -62.8102436   5.625   0.141   13.245  0.352   2      -0.800  -3.800  1568    490     73.8702922    -63.0619535   -537600.0000000  -1673400.0000000  -545200.0000000  -1671800.0000000  
140     600     536     1       -28     75.5587894    -64.9308049   0.000   0.114   16.809  0.330   2      0.100   -2.800  601     508     75.5396478    -65.1199038   -536000.0000000  -1478200.0000000  -541600.0000000  -1478400.0000000  
141     888     536     -7      -39     75.0656851    -64.2391802   0.000   0.155   15.052  0.263   1      -0.700  -3.900  881     497     75.0541772    -64.5146132   -536000.0000000  -1535800.0000000  -543800.0000000  -1534400.0000000  
142     1488    536     -7      -38     74.0338865    -62.9373166   0.000   0.151   13.952  0.343   2      -0.700  -3.800  1481    498     74.0245951    -63.1894029   -536000.0000000  -1655800.0000000  -543600.0000000  -1654400.0000000  
143     992     544     -12     -46     74.8919676    -63.9479791   0.000   0.163   15.862  0.320   2      -1.200  -4.600  980     498     74.8852075    -64.2778938   -534400.0000000  -1556600.0000000  -543600.0000000  -1554200.0000000  
144     1712    544     -9      -42     73.6517598    -62.4449106   0.000   0.138   13.108  0.303   2      -0.900  -4.200  1703    502     73.6443234    -62.7197032   -534400.0000000  -1700600.0000000  -542800.0000000  -1698800.0000000  
145     1824    544     -11     -50     73.4582540    -62.2316271   0.000   0.101   9.258   0.210   1      -1.100  -5.000  1813    494     73.4502022    -62.5555215   -534400.0000000  -1723000.0000000  -544400.0000000  -1720800.0000000  
146     1920    544     -16     -50     73.2922886    -62.0527984   0.000   0.197   20.040  0.306   2      -1.600  -5.000  1904    494     73.2931617    -62.3829107   -534400.0000000  -1742200.0000000  -544400.0000000  -1739000.0000000  
147     656     552     0       -30     75.4728576    -64.6835494   0.000   0.236   24.461  0.415   3      0.000   -3.000  656     522     75.4543969    -64.8879155   -532800.0000000  -1489400.0000000  -538800.0000000  -1489400.0000000  
148     792     552     -5      -31     75.2398901    -64.3569947   0.000   0.127   13.766  0.303   2      -0.500  -3.100  787     521     75.2296841    -64.5771531   -532800.0000000  -1516600.0000000  -539000.0000000  -1515600.0000000  
149     1608    552     -8      -40     73.8357062    -62.5980182   0.000   0.083   8.184   0.209   1      -0.800  -4.000  1600    512     73.8274453    -62.8615375   -532800.0000000  -1679800.0000000  -540800.0000000  -1678200.0000000  
150     760     560     -5      -31     75.2995679    -64.3788889   0.000   0.155   16.889  0.277   1      -0.500  -3.100  755     529     75.2893386    -64.5999344   -531200.0000000  -1510200.0000000  -537400.0000000  -1509200.0000000  
151     1088    560     -13     -52     74.7363399    -63.6288904   0.000   0.213   22.613  0.484   3      -1.300  -5.200  1075    508     74.7282390    -63.9968677   -531200.0000000  -1575800.0000000  -541600.0000000  -1573200.0000000  
152     592     568     0       -29     75.5922124    -64.7309705   0.000   0.196   19.754  0.312   2      0.000   -2.900  592     539     75.5743237    -64.9301247   -529600.0000000  -1476600.0000000  -535400.0000000  -1476600.0000000  
153     1464    568     -5      -37     74.0930683    -62.7849571   5.625   0.097   8.458   0.283   1      -0.500  -3.700  1459    531     74.0810741    -63.0277139   -529600.0000000  -1651000.0000000  -537000.0000000  -1650000.0000000  
154     1536    568     -6      -38     73.9687872    -62.6407515   0.000   0.136   13.653  0.303   2      -0.600  -3.800  1530    530     73.9581329    -62.8899622   -529600.0000000  -1665400.0000000  -537200.0000000  -1664200.0000000  
155     960     576     -11     -43     74.9657464    -63.8089051   0.000   0.161   16.661  0.352   2      -1.100  -4.300  949     533     74.9592624    -64.1184046   -528000.0000000  -1550200.0000000  -536600.0000000  -1548000.0000000  
156     1840    576     -14     -53     73.4476297    -62.0075185   0.000   0.146   14.526  0.283   1      -1.400  -5.300  1826    523     73.4435026    -62.3551604   -528000.0000000  -1726200.0000000  -538600.0000000  -1723400.0000000  
157     1904    576     -15     -51     73.3368668    -61.8894846   5.625   0.147   13.662  0.266   1      -1.500  -5.100  1889    525     73.3357464    -62.2246406   -528000.0000000  -1739000.0000000  -538200.0000000  -1736000.0000000  
158     624     584     0       -29     75.5471880    -64.5426321   0.000   0.160   15.773  0.246   1      0.000   -2.900  624     555     75.5294644    -64.7413956   -526400.0000000  -1483000.0000000  -532200.0000000  -1483000.0000000  
159     656     584     -1      -30     75.4923476    -64.4649826   0.000   0.120   10.992  0.231   1      -0.100  -3.000  655     554     75.4757936    -64.6723452   -526400.0000000  -1489400.0000000  -532400.0000000  -1489200.0000000  
160     728     584     -5      -30     75.3688849    -64.2924222   0.000   0.152   14.747  0.283   1      -0.500  -3.000  723     554     75.3593453    -64.5078121   -526400.0000000  -1503800.0000000  -532400.0000000  -1502800.0000000  
161     840     584     -6      -32     75.1766417    -64.0297710   0.000   0.196   18.969  0.482   3      -0.600  -3.200  834     552     75.1678742    -64.2582428   -526400.0000000  -1526200.0000000  -532800.0000000  -1525000.0000000  
162     1424    584     -4      -42     74.1709586    -62.7649147   5.625   0.150   14.870  0.408   3      -0.400  -4.200  1420    542     74.1544571    -63.0383937   -526400.0000000  -1643000.0000000  -534800.0000000  -1642200.0000000  
163     1808    584     -10     -50     73.5072394    -62.0184120   0.000   0.125   12.023  0.359   2      -1.000  -5.000  1798    534     73.4978019    -62.3414893   -526400.0000000  -1719800.0000000  -536400.0000000  -1717800.0000000  
164     384     592     0       0       75.9628344    -65.0881881   0.000   0.291   27.719  0.495   3      0.000   0.000   384     592     75.9628344    -65.0881881   -524800.0000000  -1435000.0000000  -524800.0000000  -1435000.0000000  
165     440     592     -1      -29     75.8670921    -64.9449250   354.375  0.115   17.392  0.449   3      -0.100  -2.900  439     563     75.8507143    -65.1502733   -524800.0000000  -1446200.0000000  -530600.0000000  -1446000.0000000  
166     920     592     -10     -36     75.0438772    -63.7930845   5.625   0.083   8.850   0.228   1      -1.000  -3.600  910     556     75.0398526    -64.0554083   -524800.0000000  -1542200.0000000  -532000.0000000  -1540200.0000000  
167     1024    592     -10     -51     74.8649726    -63.5602261   0.000   0.132   12.468  0.214   1      -1.000  -5.100  1014    541     74.8524198    -63.9180754   -524800.0000000  -1563000.0000000  -535000.0000000  -1561000.0000000  
168     1088    592     -10     -50     74.7547924    -63.4196763   0.000   0.123   11.488  0.302   2      -1.000  -5.000  1078    542     74.7430581    -63.7685037   -524800.0000000  -1575800.0000000  -534800.0000000  -1573800.0000000  
169     1568    592     -5      -39     73.9266067    -62.4277588   0.000   0.105   9.945   0.311   1      -0.500  -3.900  1563    553     73.9139338    -62.6806927   -524800.0000000  -1671800.0000000  -532600.0000000  -1670800.0000000  
170     1776    592     -9      -51     73.5668572    -62.0293856   0.000   0.160   15.256  0.439   3      -0.900  -5.100  1767    541     73.5551323    -62.3578367   -524800.0000000  -1713400.0000000  -535000.0000000  -1711600.0000000  
171     592     600     -2      -28     75.6117519    -64.5106366   0.000   0.145   17.224  0.448   3      -0.200  -2.800  590     572     75.5980901    -64.7083896   -523200.0000000  -1476600.0000000  -528800.0000000  -1476200.0000000  
172     800     600     -5      -32     75.2548240    -64.0149052   0.000   0.211   20.554  0.420   3      -0.500  -3.200  795     568     75.2443540    -64.2422594   -523200.0000000  -1518200.0000000  -529600.0000000  -1517200.0000000  
173     992     600     -10     -46     74.9246731    -63.5783811   0.000   0.146   15.951  0.368   2      -1.000  -4.600  982     554     74.9150316    -63.9046662   -523200.0000000  -1556600.0000000  -532400.0000000  -1554600.0000000  
174     1464    600     -3      -38     74.1106853    -62.5833486   0.000   0.165   16.041  0.459   3      -0.300  -3.800  1461    562     74.0949194    -62.8287775   -523200.0000000  -1651000.0000000  -530800.0000000  -1650400.0000000  
175     344     608     0       1       76.0412039    -65.0784737   0.000   0.244   25.242  0.434   3      0.000   0.100   344     609     76.0418286    -65.0713896   -521600.0000000  -1427000.0000000  -521400.0000000  -1427000.0000000  
176     1264    608     -3      -64     74.4604473    -62.9406076   5.625   0.246   26.714  0.619   3      -0.300  -6.400  1261    544     74.4294589    -63.3580647   -521600.0000000  -1611000.0000000  -534400.0000000  -1610400.0000000  
177     1632    608     -8      -39     73.8245595    -62.2040096   0.000   0.104   11.039  0.275   1      -0.800  -3.900  1624    569     73.8173473    -62.4613512   -521600.0000000  -1684600.0000000  -529400.0000000  -1683000.0000000  
178     640     616     -2      -30     75.5390897    -64.2842074   0.000   0.132   12.593  0.310   2      -0.200  -3.000  638     586     75.5244117    -64.4948814   -520000.0000000  -1486200.0000000  -526000.0000000  -1485800.0000000  
179     1512    616     -3      -39     74.0364304    -62.3874165   0.000   0.152   15.274  0.339   2      -0.300  -3.900  1509    577     74.0203490    -62.6381563   -520000.0000000  -1660600.0000000  -527800.0000000  -1660000.0000000  
180     1600    616     -5      -38     73.8842124    -62.2158981   0.000   0.116   10.163  0.257   1      -0.500  -3.800  1595    578     73.8723439    -62.4621107   -520000.0000000  -1678200.0000000  -527600.0000000  -1677200.0000000  
181     1688    616     -7      -41     73.7319094    -62.0476310   0.000   0.119   9.928   0.267   1      -0.700  -4.100  1681    575     73.7220894    -62.3139676   -520000.0000000  -1695800.0000000  -528200.0000000  -1694400.0000000  
182     400     624     0       0       75.9553399    -64.8217266   0.000   0.468   53.286  0.729   3      0.000   0.000   400     624     75.9553399    -64.8217266   -518400.0000000  -1438200.0000000  -518400.0000000  -1438200.0000000  
183     504     624     -6      -25     75.7771856    -64.5607291   0.000   0.095   11.232  0.289   1      -0.600  -2.500  498     599     75.7721674    -64.7498718   -518400.0000000  -1459000.0000000  -523400.0000000  -1457800.0000000  
184     728     624     -5      -30     75.3927419    -64.0204394   0.000   0.218   20.514  0.390   2      -0.500  -3.000  723     594     75.3834602    -64.2363635   -518400.0000000  -1503800.0000000  -524400.0000000  -1502800.0000000  
185     864     624     -7      -33     75.1588837    -63.7062145   0.000   0.192   19.465  0.431   3      -0.700  -3.300  857     591     75.1515756    -63.9436038   -518400.0000000  -1531000.0000000  -525000.0000000  -1529600.0000000  
186     904     624     -8      -35     75.0900422    -63.6156920   0.000   0.190   19.961  0.474   3      -0.800  -3.500  896     589     75.0833765    -63.8676477   -518400.0000000  -1539000.0000000  -525400.0000000  -1537400.0000000  
187     1224    624     -1      -63     74.5384184    -62.9208773   0.000   0.098   8.007   0.203   1      -0.100  -6.300  1223    561     74.5045878    -63.3297876   -518400.0000000  -1603000.0000000  -531000.0000000  -1602800.0000000  
188     1416    624     0       -42     74.2067579    -62.5275731   5.625   0.099   10.571  0.264   1      0.000   -4.200  1416    582     74.1836602    -62.7938010   -518400.0000000  -1641400.0000000  -526800.0000000  -1641400.0000000  
189     1544    624     -3      -39     73.9853988    -62.2745342   0.000   0.204   20.007  0.408   3      -0.300  -3.900  1541    585     73.9694557    -62.5245810   -518400.0000000  -1667000.0000000  -526200.0000000  -1666400.0000000  
190     1848    624     -12     -53     73.4589586    -61.7010696   0.000   0.106   9.930   0.226   1      -1.200  -5.300  1836    571     73.4519013    -62.0453076   -518400.0000000  -1727800.0000000  -529000.0000000  -1725400.0000000  
191     1056    632     -10     -50     74.8327603    -63.2266015   0.000   0.203   20.256  0.503   3      -1.000  -5.000  1046    582     74.8213318    -63.5773936   -516800.0000000  -1569400.0000000  -526800.0000000  -1567400.0000000  
192     1896    632     -15     -51     73.3798862    -61.5654239   0.000   0.144   14.183  0.313   2      -1.500  -5.100  1881    581     73.3793089    -61.9014816   -516800.0000000  -1737400.0000000  -527000.0000000  -1734400.0000000  
193     560     640     -3      -30     75.6908152    -64.3119159   0.000   0.106   9.936   0.207   1      -0.300  -3.000  557     610     75.6778201    -64.5272715   -515200.0000000  -1470200.0000000  -521200.0000000  -1469600.0000000  
194     344     648     0       1       76.0660288    -64.7946109   0.000   0.368   41.652  0.631   3      0.000   0.100   344     649     76.0666451    -64.7875013   -513600.0000000  -1427000.0000000  -513400.0000000  -1427000.0000000  
195     648     648     -7      -29     75.5444505    -64.0450677   0.000   0.146   14.930  0.316   2      -0.700  -2.900  641     619     75.5391738    -64.2611955   -513600.0000000  -1487800.0000000  -519400.0000000  -1486400.0000000  
196     1256    648     -1      -64     74.4964666    -62.6991904   0.000   0.102   9.446   0.287   1      -0.100  -6.400  1255    584     74.4624986    -63.1139075   -513600.0000000  -1609400.0000000  -526400.0000000  -1609200.0000000  
197     1688    648     -6      -41     73.7488013    -61.8497712   0.000   0.234   22.972  0.452   3      -0.600  -4.100  1682    607     73.7375079    -62.1146077   -513600.0000000  -1695800.0000000  -521800.0000000  -1694600.0000000  
198     1728    648     -6      -53     73.6794705    -61.7751089   0.000   0.168   15.962  0.479   3      -0.600  -5.300  1722    595     73.6618970    -62.1126603   -513600.0000000  -1703800.0000000  -524200.0000000  -1702600.0000000  
199     712     656     -5      -29     75.4391217    -63.8394797   0.000   0.184   15.888  0.289   1      -0.500  -2.900  707     627     75.4306042    -64.0493878   -512000.0000000  -1500600.0000000  -517800.0000000  -1499600.0000000  
200     776     656     -5      -29     75.3289812    -63.6912483   0.000   0.145   14.769  0.267   1      -0.500  -2.900  771     627     75.3206030    -63.8996522   -512000.0000000  -1513400.0000000  -517800.0000000  -1512400.0000000  
201     808     656     -6      -31     75.2738847    -63.6179729   0.000   0.175   17.507  0.511   3      -0.600  -3.100  802     625     75.2661220    -63.8414552   -512000.0000000  -1519800.0000000  -518200.0000000  -1518600.0000000  
202     1864    656     -12     -53     73.4477436    -61.4773101   0.000   0.124   12.586  0.320   2      -1.200  -5.300  1852    603     73.4410696    -61.8214099   -512000.0000000  -1731000.0000000  -522600.0000000  -1728600.0000000  
203     1024    664     -9      -50     74.9060670    -63.0845270   0.000   0.146   13.879  0.411   3      -0.900  -5.000  1015    614     74.8931407    -63.4349488   -510400.0000000  -1563000.0000000  -520400.0000000  -1561200.0000000  
204     1064    664     -9      -52     74.8370168    -62.9983887   0.000   0.166   15.895  0.343   2      -0.900  -5.200  1055    612     74.8230877    -63.3604306   -510400.0000000  -1571000.0000000  -520800.0000000  -1569200.0000000  
205     936     672     -5      -37     75.0624446    -63.2233619   0.000   0.215   21.462  0.396   2      -0.500  -3.700  931     635     75.0499047    -63.4816809   -508800.0000000  -1545400.0000000  -516200.0000000  -1544400.0000000  
206     1424    672     1       -39     74.2188898    -62.2065726   0.000   0.094   9.621   0.306   2      0.100   -3.900  1425    633     74.1961006    -62.4524470   -508800.0000000  -1643000.0000000  -516600.0000000  -1643200.0000000  
207     1632    672     -5      -40     73.8584604    -61.8058995   0.000   0.159   13.325  0.228   1      -0.500  -4.000  1627    632     73.8460198    -62.0644584   -508800.0000000  -1684600.0000000  -516800.0000000  -1683600.0000000  
208     904     680     -5      -36     75.1221980    -63.2403930   0.000   0.133   13.710  0.317   2      -0.500  -3.600  899     644     75.1102123    -63.4930445   -507200.0000000  -1539000.0000000  -514400.0000000  -1538000.0000000  
209     1232    680     0       -63     74.5555351    -62.5412890   0.000   0.140   13.510  0.293   1      0.000   -6.300  1232    617     74.5207002    -62.9494030   -507200.0000000  -1604600.0000000  -519800.0000000  -1604600.0000000  
210     1264    680     0       -65     74.5001728    -62.4758529   0.000   0.173   17.431  0.304   2      0.000   -6.500  1264    615     74.4643535    -62.8955290   -507200.0000000  -1611000.0000000  -520200.0000000  -1611000.0000000  
211     1688    680     -5      -41     73.7655021    -61.6514967   0.000   0.236   23.296  0.439   3      -0.500  -4.100  1683    639     73.7527323    -61.9148668   -507200.0000000  -1695800.0000000  -515400.0000000  -1694800.0000000  
212     1728    680     -6      -53     73.6960966    -61.5776117   0.000   0.173   18.865  0.458   3      -0.600  -5.300  1722    627     73.6788494    -61.9157283   -507200.0000000  -1703800.0000000  -517800.0000000  -1702600.0000000  
213     784     688     -5      -29     75.3337231    -63.4553687   0.000   0.220   20.705  0.296   1      -0.500  -2.900  779     659     75.3255623    -63.6639765   -505600.0000000  -1515000.0000000  -511400.0000000  -1514000.0000000  
214     816     688     -5      -31     75.2785501    -63.3829625   0.000   0.097   9.152   0.268   1      -0.500  -3.100  811     657     75.2692983    -63.6043622   -505600.0000000  -1521400.0000000  -511800.0000000  -1520400.0000000  
215     344     696     0       0       76.0953715    -64.4526352   0.000   0.339   35.445  0.601   3      0.000   0.000   344     696     76.0953715    -64.4526352   -504000.0000000  -1427000.0000000  -504000.0000000  -1427000.0000000  
216     720     696     -5      -29     75.4486507    -63.5470108   0.000   0.243   26.458  0.536   3      -0.500  -2.900  715     667     75.4404026    -63.7572299   -504000.0000000  -1502200.0000000  -509800.0000000  -1501200.0000000  
217     1064    696     -7      -53     74.8548651    -62.7870081   0.000   0.141   13.692  0.494   3      -0.700  -5.300  1057    643     74.8372691    -63.1519494   -504000.0000000  -1571000.0000000  -514600.0000000  -1569600.0000000  
218     1312    696     0       -65     74.4257480    -62.2754810   0.000   0.106   9.590   0.343   2      0.000   -6.500  1312    631     74.3903293    -62.6936006   -504000.0000000  -1620600.0000000  -517000.0000000  -1620600.0000000  
219     1352    696     2       -51     74.3564636    -62.1956364   0.000   0.139   14.437  0.380   2      0.200   -5.100  1354    645     74.3254127    -62.5184982   -504000.0000000  -1628600.0000000  -514200.0000000  -1629000.0000000  
220     1384    696     0       -48     74.3010226    -62.1322743   0.000   0.128   12.543  0.356   2      0.000   -4.800  1384    648     74.2751629    -62.4389870   -504000.0000000  -1635000.0000000  -513600.0000000  -1635000.0000000  
221     1512    696     -1      -40     74.0791438    -61.8832934   0.000   0.240   23.495  0.500   3      -0.100  -4.000  1511    656     74.0596706    -62.1376400   -504000.0000000  -1660600.0000000  -512000.0000000  -1660400.0000000  
222     648     704     -5      -28     75.5773517    -63.6587864   0.000   0.240   24.536  0.464   3      -0.500  -2.800  643     676     75.5695853    -63.8639326   -502400.0000000  -1487800.0000000  -508000.0000000  -1486800.0000000  
223     864     704     -5      -32     75.2048494    -63.1673291   0.000   0.133   12.713  0.342   2      -0.500  -3.200  859     672     75.1952384    -63.3944952   -502400.0000000  -1531000.0000000  -508800.0000000  -1530000.0000000  
224     1032    704     -7      -53     74.9146228    -62.8020548   0.000   0.132   12.028  0.351   2      -0.700  -5.300  1025    651     74.8969981    -63.1684383   -502400.0000000  -1564600.0000000  -513000.0000000  -1563200.0000000  
225     904     712     -4      -37     75.1402892    -63.0252044   0.000   0.120   10.656  0.218   1      -0.400  -3.700  900     675     75.1262520    -63.2828405   -500800.0000000  -1539000.0000000  -508200.0000000  -1538200.0000000  
226     1272    712     0       -65     74.5036462    -62.2524106   0.000   0.188   17.686  0.248   1      0.000   -6.500  1272    647     74.4682644    -62.6727060   -500800.0000000  -1612600.0000000  -513800.0000000  -1612600.0000000  
227     1480    712     0       -38     74.1430577    -61.8434010   0.000   0.115   11.784  0.373   2      0.000   -3.800  1480    674     74.1229626    -62.0842293   -500800.0000000  -1654200.0000000  -508400.0000000  -1654200.0000000  
228     1560    712     -2      -39     74.0042446    -61.6910611   0.000   0.152   14.952  0.424   3      -0.200  -3.900  1558    673     73.9872711    -61.9400739   -500800.0000000  -1670200.0000000  -508600.0000000  -1669800.0000000  
229     296     720     0       1       76.1923101    -64.4019660   0.000   0.230   24.470  0.575   3      0.000   0.100   296     721     76.1929148    -64.3947732   -499200.0000000  -1417400.0000000  -499000.0000000  -1417400.0000000  
230     552     720     -5      -27     75.7520464    -63.7736967   0.000   0.320   33.955  0.530   3      -0.500  -2.700  547     693     75.7447650    -63.9743356   -499200.0000000  -1468600.0000000  -504600.0000000  -1467600.0000000  
231     584     720     -5      -27     75.6969267    -63.6979104   0.000   0.245   25.843  0.479   3      -0.500  -2.700  579     693     75.6897118    -63.8978081   -499200.0000000  -1475000.0000000  -504600.0000000  -1474000.0000000  
232     784     720     -5      -29     75.3520285    -63.2373075   0.000   0.134   12.731  0.251   1      -0.500  -2.900  779     691     75.3440684    -63.4463013   -499200.0000000  -1515000.0000000  -505000.0000000  -1514000.0000000  
233     816     720     -4      -32     75.2967839    -63.1656378   0.000   0.169   15.685  0.298   1      -0.400  -3.200  812     688     75.2854476    -63.3919832   -499200.0000000  -1521400.0000000  -505600.0000000  -1520600.0000000  
234     360     728     0       0       76.0871566    -64.1839801   0.000   0.222   22.209  0.203   1      0.000   0.000   360     728     76.0871566    -64.1839801   -497600.0000000  -1430200.0000000  -497600.0000000  -1430200.0000000  
235     1200    728     1       -63     74.6370031    -62.2939910   0.000   0.181   17.683  0.258   1      0.100   -6.300  1201    665     74.6009009    -62.7027811   -497600.0000000  -1598200.0000000  -510200.0000000  -1598400.0000000  
236     440     736     0       0       75.9542905    -63.9303164   0.000   0.251   26.341  0.324   2      0.000   0.000   440     736     75.9542905    -63.9303164   -496000.0000000  -1446200.0000000  -496000.0000000  -1446200.0000000  
237     848     744     -4      -32     75.2550087    -62.9317139   0.000   0.232   22.985  0.486   3      -0.400  -3.200  844     712     75.2439084    -63.1575933   -494400.0000000  -1527800.0000000  -500800.0000000  -1527000.0000000  
238     1032    744     1       -50     74.9366672    -62.5360834   0.000   0.165   16.016  0.351   2      0.100   -5.000  1033    694     74.9073336    -62.8662858   -494400.0000000  -1564600.0000000  -504400.0000000  -1564800.0000000  
239     1096    744     -2      -50     74.8258305    -62.4024079   5.625   0.122   10.081  0.341   2      -0.200  -5.000  1094    694     74.8018932    -62.7367615   -494400.0000000  -1577400.0000000  -504400.0000000  -1577000.0000000  
240     1272    744     1       -64     74.5207622    -62.0447874   0.000   0.195   17.434  0.447   3      0.100   -6.400  1273    680     74.4845998    -62.4575341   -494400.0000000  -1612600.0000000  -507200.0000000  -1612800.0000000  
241     1760    744     -5      -54     73.6731231    -61.1239998   0.000   0.083   7.641   0.228   1      -0.500  -5.400  1755    690     73.6543803    -61.4664610   -494400.0000000  -1710200.0000000  -505200.0000000  -1709200.0000000  
242     600     752     -5      -28     75.6878735    -63.4372744   0.000   0.174   15.450  0.379   2      -0.500  -2.800  595     724     75.6803024    -63.6441414   -492800.0000000  -1478200.0000000  -498400.0000000  -1477200.0000000  
243     1000    752     -3      -39     74.9964524    -62.5502022   0.000   0.136   14.557  0.404   3      -0.300  -3.900  997     713     74.9801295    -62.8169837   -492800.0000000  -1558200.0000000  -500600.0000000  -1557600.0000000  
244     1392    752     1       -49     74.3167408    -61.7576818   0.000   0.140   10.819  0.316   2      0.100   -4.900  1393    703     74.2891579    -62.0697619   -492800.0000000  -1636600.0000000  -502600.0000000  -1636800.0000000  
245     368     760     0       0       76.0924139    -63.9352837   0.000   0.245   25.359  0.481   3      0.000   0.000   368     760     76.0924139    -63.9352837   -491200.0000000  -1431800.0000000  -491200.0000000  -1431800.0000000  
246     648     760     -5      -28     75.6096032    -63.2707382   0.000   0.177   16.798  0.307   2      -0.500  -2.800  643     732     75.6021825    -63.4765580   -491200.0000000  -1487800.0000000  -496800.0000000  -1486800.0000000  
247     712     760     -5      -28     75.4990573    -63.1251209   0.000   0.156   15.537  0.339   2      -0.500  -2.800  707     732     75.4917691    -63.3294319   -491200.0000000  -1500600.0000000  -496800.0000000  -1499600.0000000  
248     752     760     -5      -29     75.4299328    -63.0352439   0.000   0.231   22.762  0.486   3      -0.500  -2.900  747     731     75.4221574    -63.2454778   -491200.0000000  -1508600.0000000  -497000.0000000  -1507600.0000000  
249     784     760     -5      -29     75.3746153    -62.9639604   0.000   0.144   13.441  0.289   1      -0.500  -2.900  779     731     75.3669070    -63.1734299   -491200.0000000  -1515000.0000000  -497000.0000000  -1514000.0000000  
250     1560    760     -2      -40     74.0290046    -61.3884260   0.000   0.103   10.109  0.280   1      -0.200  -4.000  1558    720     74.0118738    -61.6444537   -491200.0000000  -1670200.0000000  -499200.0000000  -1669800.0000000  
251     816     768     -4      -32     75.3237424    -62.8386353   0.000   0.206   21.148  0.519   3      -0.400  -3.200  812     736     75.3127334    -63.0656546   -489600.0000000  -1521400.0000000  -496000.0000000  -1520600.0000000  
252     1608    768     -3      -39     73.9496123    -61.2494640   0.000   0.097   8.876   0.211   1      -0.300  -3.900  1605    729     73.9349080    -61.4999467   -489600.0000000  -1679800.0000000  -497400.0000000  -1679200.0000000  
253     544     776     -4      -27     75.7983095    -63.3997909   0.000   0.320   34.768  0.537   3      -0.400  -2.700  540     749     75.7896256    -63.5989183   -488000.0000000  -1467000.0000000  -493400.0000000  -1466200.0000000  
254     896     776     -2      -35     75.1897032    -62.6104282   0.000   0.197   20.261  0.427   3      -0.200  -3.500  894     741     75.1737989    -62.8514632   -488000.0000000  -1537400.0000000  -495000.0000000  -1537000.0000000  
255     1096    776     -1      -51     74.8431022    -62.1904908   0.000   0.138   11.366  0.312   2      -0.100  -5.100  1095    725     74.8172099    -62.5300886   -488000.0000000  -1577400.0000000  -498200.0000000  -1577200.0000000  
256     1280    776     1       -63     74.5237861    -61.8209561   0.000   0.240   24.770  0.507   3      0.100   -6.300  1281    713     74.4885915    -62.2278396   -488000.0000000  -1614200.0000000  -500600.0000000  -1614400.0000000  
257     1688    776     0       -51     73.8144521    -61.0542197   0.000   0.119   11.641  0.269   1      0.000   -5.100  1688    725     73.7886632    -61.3719782   -488000.0000000  -1695800.0000000  -498200.0000000  -1695800.0000000  
258     448     784     0       0       75.9685828    -63.5701864   0.000   0.343   36.901  0.527   3      0.000   0.000   448     784     75.9685828    -63.5701864   -486400.0000000  -1447800.0000000  -486400.0000000  -1447800.0000000  
259     936     784     -3      -37     75.1247954    -62.4709012   0.000   0.189   17.349  0.293   1      -0.300  -3.700  933     747     75.1096687    -62.7266365   -486400.0000000  -1545400.0000000  -493800.0000000  -1544800.0000000  
260     1384    784     0       -50     74.3472760    -61.5673392   0.000   0.125   9.279   0.207   1      0.000   -5.000  1384    734     74.3211797    -61.8887392   -486400.0000000  -1635000.0000000  -496400.0000000  -1635000.0000000  
261     784     792     -4      -30     75.3924476    -62.7446716   0.000   0.158   16.337  0.308   2      -0.400  -3.000  780     762     75.3826521    -62.9591455   -484800.0000000  -1515000.0000000  -490800.0000000  -1514200.0000000  
262     1176    792     1       -63     74.7127962    -61.9226480   0.000   0.145   13.415  0.258   1      0.100   -6.300  1177    729     74.6773889    -62.3343696   -484800.0000000  -1593400.0000000  -497400.0000000  -1593600.0000000  
263     1344    792     0       -51     74.4209406    -61.5925688   0.000   0.142   11.605  0.266   2      0.000   -5.100  1344    741     74.3942728    -61.9219076   -484800.0000000  -1627000.0000000  -495000.0000000  -1627000.0000000  
264     632     800     -4      -28     75.6599112    -63.0287672   0.000   0.338   34.317  0.546   3      -0.400  -2.800  628     772     75.6509783    -63.2331468   -483200.0000000  -1484600.0000000  -488800.0000000  -1483800.0000000  
265     672     800     -5      -28     75.5907251    -62.9383439   0.000   0.174   17.540  0.373   2      -0.500  -2.800  667     772     75.5836018    -63.1440629   -483200.0000000  -1492600.0000000  -488800.0000000  -1491600.0000000  
266     1592    800     -4      -40     73.9935942    -61.0771039   0.000   0.106   10.181  0.318   2      -0.400  -4.000  1588    760     73.9803257    -61.3365857   -483200.0000000  -1676600.0000000  -491200.0000000  -1675800.0000000  
267     752     808     -5      -29     75.4567077    -62.7049746   0.000   0.126   12.448  0.343   2      -0.500  -2.900  747     779     75.4492367    -62.9157765   -481600.0000000  -1508600.0000000  -487400.0000000  -1507600.0000000  
268     856     808     -4      -33     75.2765282    -62.4789401   0.000   0.245   23.761  0.391   2      -0.400  -3.300  852     775     75.2653294    -62.7122970   -481600.0000000  -1529400.0000000  -488200.0000000  -1528600.0000000  
269     1144    808     1       -59     74.7768105    -61.8812421   0.000   0.111   10.041  0.230   1      0.100   -5.900  1145    749     74.7436316    -62.2684785   -481600.0000000  -1587000.0000000  -493400.0000000  -1587200.0000000  
270     1304    808     1       -63     74.4987586    -61.5660347   0.000   0.126   10.602  0.254   1      0.100   -6.300  1305    745     74.4640502    -61.9728418   -481600.0000000  -1619000.0000000  -494200.0000000  -1619200.0000000  
271     416     816     0       0       76.0422868    -63.4182522   0.000   0.394   43.187  0.723   3      0.000   0.000   416     816     76.0422868    -63.4182522   -480000.0000000  -1441400.0000000  -480000.0000000  -1441400.0000000  
272     448     816     0       0       75.9870188    -63.3422950   0.000   0.378   41.382  0.651   3      0.000   0.000   448     816     75.9870188    -63.3422950   -480000.0000000  -1447800.0000000  -480000.0000000  -1447800.0000000  
273     976     816     -1      -38     75.0727383    -62.1711288   5.625   0.181   16.718  0.407   3      -0.100  -3.800  975     778     75.0539479    -62.4287695   -480000.0000000  -1553400.0000000  -487600.0000000  -1553200.0000000  
274     1064    816     0       -50     74.9199769    -61.9898967   0.000   0.190   19.727  0.393   2      0.000   -5.000  1064    766     74.8931975    -62.3228698   -480000.0000000  -1571000.0000000  -490000.0000000  -1571000.0000000  
275     1432    816     -2      -40     74.2801911    -61.2706391   0.000   0.131   13.954  0.385   2      -0.200  -4.000  1430    776     74.2631927    -61.5309348   -480000.0000000  -1644600.0000000  -488000.0000000  -1644200.0000000  
276     360     824     0       0       76.1435887    -63.4950199   0.000   0.209   23.434  0.524   3      0.000   0.000   360     824     76.1435887    -63.4950199   -478400.0000000  -1430200.0000000  -478400.0000000  -1430200.0000000  
277     496     824     12      -18     75.9086301    -63.1727220   16.875  0.089   7.580   0.249   1      1.200   -1.800  508     806     75.8776493    -63.2723044   -478400.0000000  -1457400.0000000  -482000.0000000  -1459800.0000000  
278     816     824     -4      -33     75.3545955    -62.4556098   0.000   0.181   17.376  0.280   1      -0.400  -3.300  812     791     75.3434184    -62.6902410   -478400.0000000  -1521400.0000000  -485000.0000000  -1520600.0000000  
279     624     832     -1      -26     75.6916671    -62.8231409   5.625   0.134   13.755  0.370   2      -0.100  -2.600  623     806     75.6788517    -63.0073069   -476800.0000000  -1483000.0000000  -482000.0000000  -1482800.0000000  
280     1008    832     1       -42     75.0257204    -61.9973556   11.250  0.153   13.969  0.407   2      0.100   -4.200  1009    790     75.0015094    -62.2770333   -476800.0000000  -1559800.0000000  -485200.0000000  -1560000.0000000  
281     1352    832     -1      -51     74.4275759    -61.3182784   0.000   0.090   8.244   0.236   1      -0.100  -5.100  1351    781     74.4030690    -61.6501659   -476800.0000000  -1628600.0000000  -487000.0000000  -1628400.0000000  
282     1584    832     -59     -62     74.0234950    -60.8893592   343.125  0.079   7.579   0.192   1      -5.900  -6.200  1525    770     74.0949662    -61.3902864   -476800.0000000  -1675000.0000000  -489200.0000000  -1663200.0000000  
283     576     840     -1      -22     75.7792327    -62.8755152   5.625   0.174   18.875  0.418   3      -0.100  -2.200  575     818     75.7686271    -63.0326500   -475200.0000000  -1473400.0000000  -479600.0000000  -1473200.0000000  
284     656     840     -4      -28     75.6406813    -62.6955250   0.000   0.123   11.545  0.254   1      -0.400  -2.800  652     812     75.6320435    -62.8998362   -475200.0000000  -1489400.0000000  -480800.0000000  -1488600.0000000  
285     768     840     -4      -30     75.4465473    -62.4493565   0.000   0.178   16.933  0.336   2      -0.400  -3.000  764     810     75.4370293    -62.6648353   -475200.0000000  -1511800.0000000  -481200.0000000  -1511000.0000000  
286     1176    840     1       -63     74.7379239    -61.6061695   0.000   0.168   17.079  0.234   1      0.100   -6.300  1177    777     74.7031143    -62.0193180   -475200.0000000  -1593400.0000000  -487800.0000000  -1593600.0000000  
287     1280    840     1       -63     74.5569806    -61.4037598   0.000   0.176   17.303  0.329   2      0.100   -6.300  1281    777     74.5225744    -61.8124859   -475200.0000000  -1614200.0000000  -487800.0000000  -1614400.0000000  
288     328     848     0       1       76.2126796    -63.3987239   0.000   0.286   30.045  0.603   3      0.000   0.100   328     849     76.2132542    -63.3914771   -473600.0000000  -1423800.0000000  -473400.0000000  -1423800.0000000  
289     1312    848     -1      -55     74.5053600    -61.2903392   0.000   0.101   9.774   0.265   1      -0.100  -5.500  1311    793     74.4788136    -61.6499235   -473600.0000000  -1620600.0000000  -484600.0000000  -1620400.0000000  
290     1496    848     -2      -39     74.1848182    -60.9472222   0.000   0.141   14.059  0.277   1      -0.200  -3.900  1494    809     74.1687288    -61.1999043   -473600.0000000  -1657400.0000000  -481400.0000000  -1657000.0000000  
291     400     856     0       -1      76.0927910    -63.1692159   0.000   0.267   26.377  0.593   3      0.000   -0.100  400     855     76.0922233    -63.1764086   -472000.0000000  -1438200.0000000  -472200.0000000  -1438200.0000000  
292     720     856     -4      -29     75.5385170    -62.4430228   0.000   0.157   13.954  0.306   2      -0.400  -2.900  716     827     75.5295539    -62.6529594   -472000.0000000  -1502200.0000000  -477800.0000000  -1501400.0000000  
293     936     856     -4      -38     75.1635329    -61.9838528   0.000   0.173   17.313  0.398   2      -0.400  -3.800  932     818     75.1501598    -62.2496262   -472000.0000000  -1545400.0000000  -479600.0000000  -1544600.0000000  
294     1056    856     0       -50     74.9549494    -61.7387586   0.000   0.170   16.843  0.296   1      0.000   -5.000  1056    806     74.9285475    -62.0729652   -472000.0000000  -1569400.0000000  -482000.0000000  -1569400.0000000  
295     1232    856     1       -63     74.6487260    -61.3914735   0.000   0.290   31.365  0.566   3      0.100   -6.300  1233    793     74.6143336    -61.8026933   -472000.0000000  -1604600.0000000  -484600.0000000  -1604800.0000000  
296     432     864     0       0       76.0419533    -63.0366207   0.000   0.322   33.993  0.557   3      0.000   0.000   432     864     76.0419533    -63.0366207   -470400.0000000  -1444600.0000000  -470400.0000000  -1444600.0000000  
297     624     864     -2      -21     75.7093727    -62.5987605   5.625   0.135   12.128  0.311   2      -0.200  -2.100  622     843     75.7012422    -62.7505608   -470400.0000000  -1483000.0000000  -474600.0000000  -1482600.0000000  
298     296     872     -2      0       76.2817413    -63.3014490   11.250  0.126   11.549  0.334   2      -0.200  0.000   294     872     76.2851990    -63.3062709   -468800.0000000  -1417400.0000000  -468800.0000000  -1417000.0000000  
299     656     872     -2      -23     75.6582618    -62.4717927   5.625   0.190   20.552  0.469   3      -0.200  -2.300  654     849     75.6491139    -62.6370995   -468800.0000000  -1489400.0000000  -473400.0000000  -1489000.0000000  
300     1280    872     1       -63     74.5732743    -61.1944861   0.000   0.173   16.414  0.347   2      0.100   -6.300  1281    809     74.5392644    -61.6041216   -468800.0000000  -1614200.0000000  -481400.0000000  -1614400.0000000  
301     1312    880     0       -54     74.5215418    -61.0816520   0.000   0.149   14.511  0.455   3      0.000   -5.400  1312    826     74.4941178    -61.4335548   -467200.0000000  -1620600.0000000  -478000.0000000  -1620600.0000000  
302     1344    880     -1      -52     74.4657577    -61.0216452   0.000   0.186   17.969  0.271   1      -0.100  -5.200  1343    828     74.4411991    -61.3613154   -467200.0000000  -1627000.0000000  -477600.0000000  -1626800.0000000  
303     432     896     0       0       76.0598759    -62.8068198   0.000   0.261   26.312  0.452   3      0.000   0.000   432     896     76.0598759    -62.8068198   -464000.0000000  -1444600.0000000  -464000.0000000  -1444600.0000000  
304     1040    896     0       -50     75.0035677    -61.5023685   0.000   0.176   16.977  0.312   2      0.000   -5.000  1040    846     74.9775204    -61.8380900   -464000.0000000  -1566200.0000000  -474000.0000000  -1566200.0000000  
305     1128    896     3       -58     74.8502954    -61.3288054   5.625   0.160   13.545  0.410   3      0.300   -5.800  1131    838     74.8151367    -61.7085332   -464000.0000000  -1583800.0000000  -475600.0000000  -1584400.0000000  
306     384     904     0       0       76.1475119    -62.8604960   0.000   0.178   15.800  0.374   2      0.000   0.000   384     904     76.1475119    -62.8604960   -462400.0000000  -1435000.0000000  -462400.0000000  -1435000.0000000  
307     552     904     5       -21     75.8561862    -62.4770092   5.625   0.222   21.903  0.519   3      0.500   -2.100  557     883     75.8359947    -62.6147141   -462400.0000000  -1468600.0000000  -466600.0000000  -1469600.0000000  
308     776     904     -2      -29     75.4670978    -61.9898614   0.000   0.128   12.920  0.248   1      -0.200  -2.900  774     875     75.4550785    -62.1947562   -462400.0000000  -1513400.0000000  -468200.0000000  -1513000.0000000  
309     1080    904     1       -50     74.9380094    -61.3694389   0.000   0.133   12.453  0.346   2      0.100   -5.000  1081    854     74.9104297    -61.7019152   -462400.0000000  -1574200.0000000  -472400.0000000  -1574400.0000000  
310     1184    904     5       -61     74.7567649    -61.1671886   0.000   0.151   14.561  0.455   3      0.500   -6.100  1189    843     74.7168651    -61.5608155   -462400.0000000  -1595000.0000000  -474600.0000000  -1596000.0000000  
311     512     912     5       -17     75.9299763    -62.5097969   5.625   0.088   8.624   0.305   2      0.500   -1.700  517     895     75.9119671    -62.6196999   -460800.0000000  -1460600.0000000  -464200.0000000  -1461600.0000000  
312     808     912     -3      -32     75.4156837    -61.8671875   5.625   0.145   14.657  0.426   3      -0.300  -3.200  805     880     75.4039118    -62.0942479   -460800.0000000  -1519800.0000000  -467200.0000000  -1519200.0000000  
313     872     912     -2      -35     75.3043308    -61.7342217   0.000   0.164   16.571  0.457   3      -0.200  -3.500  870     877     75.2893662    -61.9780920   -460800.0000000  -1532600.0000000  -467800.0000000  -1532200.0000000  
314     984     912     -2      -43     75.1093434    -61.5063686   5.625   0.204   20.416  0.442   3      -0.200  -4.300  982     869     75.0904393    -61.8013034   -460800.0000000  -1555000.0000000  -469400.0000000  -1554600.0000000  
315     1344    912     -1      -52     74.4816766    -60.8132174   0.000   0.113   10.366  0.265   1      -0.100  -5.200  1343    860     74.4574480    -61.1535743   -460800.0000000  -1627000.0000000  -471200.0000000  -1626800.0000000  
316     1144    928     6       -59     74.8386170    -61.0845348   5.625   0.186   17.009  0.346   2      0.600   -5.900  1150    869     74.7981462    -61.4652932   -457600.0000000  -1587000.0000000  -469400.0000000  -1588200.0000000  
317     440     936     0       0       76.0680798    -62.5005366   0.000   0.244   24.196  0.233   1      0.000   0.000   440     936     76.0680798    -62.5005366   -456000.0000000  -1446200.0000000  -456000.0000000  -1446200.0000000  
318     576     936     0       -17     75.8318543    -62.1966824   0.000   0.141   12.506  0.353   2      0.000   -1.700  576     919     75.8226794    -62.3172617   -456000.0000000  -1473400.0000000  -459400.0000000  -1473400.0000000  
319     712     936     -1      -21     75.5953638    -61.9028964   5.625   0.130   14.304  0.275   1      -0.100  -2.100  711     915     75.5859530    -62.0517302   -456000.0000000  -1500600.0000000  -460200.0000000  -1500400.0000000  
320     1072    936     2       -50     74.9682339    -61.1703442   0.000   0.123   11.008  0.227   1      0.200   -5.000  1074    886     74.9392113    -61.5018810   -456000.0000000  -1572600.0000000  -466000.0000000  -1573000.0000000  
321     872     944     -1      -35     75.3209682    -61.5145438   0.000   0.165   16.220  0.469   3      -0.100  -3.500  871     909     75.3045002    -61.7568548   -454400.0000000  -1532600.0000000  -461400.0000000  -1532400.0000000  
322     912     944     0       -37     75.2512651    -61.4334248   0.000   0.194   18.036  0.440   3      0.000   -3.700  912     907     75.2321036    -61.6862778   -454400.0000000  -1540600.0000000  -461800.0000000  -1540600.0000000  
323     480     952     0       0       76.0073153    -62.2952280   0.000   0.360   38.363  0.569   3      0.000   0.000   480     952     76.0073153    -62.2952280   -452800.0000000  -1454200.0000000  -452800.0000000  -1454200.0000000  
324     960     952     0       -39     75.1716786    -61.2826267   0.000   0.163   15.441  0.307   2      0.000   -3.900  960     913     75.1516564    -61.5478929   -452800.0000000  -1550200.0000000  -460600.0000000  -1550200.0000000  
325     1496    952     -11     -39     74.2355621    -60.2802718   354.375  0.126   12.286  0.262   1      -1.100  -3.900  1485    913     74.2359926    -60.5505305   -452800.0000000  -1657400.0000000  -460600.0000000  -1655200.0000000  
326     1024    960     2       -46     75.0640862    -61.1021396   5.625   0.207   20.453  0.448   3      0.200   -4.600  1026    914     75.0372122    -61.4089829   -451200.0000000  -1563000.0000000  -460400.0000000  -1563400.0000000  
327     1152    960     6       -60     74.8406378    -60.8558013   0.000   0.138   13.932  0.349   2      0.600   -6.000  1158    900     74.8000571    -61.2438731   -451200.0000000  -1588600.0000000  -463200.0000000  -1589800.0000000  
328     1464    960     -7      -35     74.2953501    -60.2850664   0.000   0.161   15.572  0.269   1      -0.700  -3.500  1457    925     74.2907295    -60.5233944   -451200.0000000  -1651000.0000000  -458200.0000000  -1649600.0000000  
329     600     968     1       -17     75.8071891    -61.9173329   0.000   0.156   14.954  0.506   3      0.100   -1.700  601     951     75.7964195    -62.0357107   -449600.0000000  -1478200.0000000  -453000.0000000  -1478400.0000000  
330     408     976     0       0       76.1454313    -62.2837559   0.000   0.243   21.919  0.328   2      0.000   0.000   408     976     76.1454313    -62.2837559   -448000.0000000  -1439800.0000000  -448000.0000000  -1439800.0000000  
331     912     976     1       -37     75.2676080    -61.2142086   0.000   0.199   19.825  0.447   3      0.100   -3.700  913     939     75.2469498    -61.4656111   -448000.0000000  -1540600.0000000  -455400.0000000  -1540800.0000000  
332     1208    976     6       -61     74.7506858    -60.6441062   0.000   0.128   11.916  0.241   1      0.600   -6.100  1214    915     74.7099893    -61.0370509   -448000.0000000  -1599800.0000000  -460200.0000000  -1601000.0000000  
333     1352    984     1       -47     74.5027559    -60.3283238   0.000   0.172   18.809  0.385   2      0.100   -4.700  1353    937     74.4782512    -60.6336346   -446400.0000000  -1628600.0000000  -455800.0000000  -1628800.0000000  
334     1384    984     -7      -36     74.4467684    -60.2711296   0.000   0.129   12.364  0.237   1      -0.700  -3.600  1377    948     74.4416754    -60.5183222   -446400.0000000  -1635000.0000000  -453600.0000000  -1633600.0000000  
335     1416    984     -7      -36     74.3907729    -60.2143506   0.000   0.176   17.866  0.413   3      -0.700  -3.600  1409    948     74.3857468    -60.4606653   -446400.0000000  -1641400.0000000  -453600.0000000  -1640000.0000000  
336     552     992     0       0       75.9034363    -61.8501691   0.000   0.223   23.155  0.518   3      0.000   0.000   552     992     75.9034363    -61.8501691   -444800.0000000  -1468600.0000000  -444800.0000000  -1468600.0000000  
337     856     992     1       -34     75.3734485    -61.2161744   5.625   0.088   9.164   0.305   2      0.100   -3.400  857     958     75.3543272    -61.4487394   -444800.0000000  -1529400.0000000  -451600.0000000  -1529600.0000000  
338     976     992     1       -40     75.1639449    -60.9785165   5.625   0.152   14.743  0.438   3      0.100   -4.000  977     952     75.1420315    -61.2488747   -444800.0000000  -1553400.0000000  -452800.0000000  -1553600.0000000  
339     1056    992     4       -49     75.0241919    -60.8238125   5.625   0.177   18.232  0.417   3      0.400   -4.900  1060    943     74.9927022    -61.1466424   -444800.0000000  -1569400.0000000  -454600.0000000  -1570200.0000000  
340     1176    992     6       -60     74.8144457    -60.5971554   0.000   0.221   23.507  0.402   3      0.600   -6.000  1182    932     74.7743267    -60.9852512   -444800.0000000  -1593400.0000000  -456800.0000000  -1594600.0000000  
341     1448    992     -7      -35     74.3385565    -60.1061398   0.000   0.203   20.380  0.423   3      -0.700  -3.500  1441    957     74.3341366    -60.3451869   -444800.0000000  -1647800.0000000  -451800.0000000  -1646400.0000000  
342     504     1000    0       -1      75.9912479    -61.8971924   0.000   0.271   27.481  0.574   3      0.000   -0.100  504     999     75.9907188    -61.9043827   -443200.0000000  -1459000.0000000  -443400.0000000  -1459000.0000000  
343     592     1000    1       -17     75.8379592    -61.7070756   0.000   0.087   8.085   0.330   2      0.100   -1.700  593     983     75.8272954    -61.8258740   -443200.0000000  -1476600.0000000  -446600.0000000  -1476800.0000000  
344     624     1000    2       -17     75.7821922    -61.6389687   0.000   0.162   15.666  0.557   3      0.200   -1.700  626     983     75.7698226    -61.7552158   -443200.0000000  -1483000.0000000  -446600.0000000  -1483400.0000000  
345     1096    1000    5       -52     74.9582277    -60.6937000   5.625   0.106   10.461  0.272   1      0.500   -5.200  1101    948     74.9236843    -61.0335727   -443200.0000000  -1577400.0000000  -453600.0000000  -1578400.0000000  
346     1128    1000    6       -60     74.9022812    -60.6333899   0.000   0.144   13.735  0.202   1      0.600   -6.000  1134    940     74.8620880    -61.0236649   -443200.0000000  -1583800.0000000  -455200.0000000  -1585000.0000000  
347     424     1016    0       0       76.1390313    -61.9575282   0.000   0.228   20.324  0.352   2      0.000   0.000   424     1016    76.1390313    -61.9575282   -440000.0000000  -1443000.0000000  -440000.0000000  -1443000.0000000  
348     1352    1016    1       -47     74.5179988    -60.1186905   0.000   0.138   13.592  0.409   3      0.100   -4.700  1353    969     74.4937918    -60.4246411   -440000.0000000  -1628600.0000000  -449400.0000000  -1628800.0000000  
349     560     1024    0       0       75.9062540    -61.6040924   0.000   0.162   15.277  0.386   2      0.000   0.000   560     1024    75.9062540    -61.6040924   -438400.0000000  -1470200.0000000  -438400.0000000  -1470200.0000000  
350     784     1024    3       -23     75.5153541    -61.1390126   0.000   0.179   17.864  0.340   2      0.300   -2.300  787     1001    75.4984397    -61.2932973   -438400.0000000  -1515000.0000000  -443000.0000000  -1515600.0000000  
351     912     1024    3       -37     75.2917223    -60.8844691   0.000   0.125   11.739  0.328   2      0.300   -3.700  915     987     75.2679401    -61.1327838   -438400.0000000  -1540600.0000000  -445800.0000000  -1541200.0000000  
352     944     1024    3       -38     75.2357871    -60.8220509   0.000   0.139   14.015  0.458   3      0.300   -3.800  947     986     75.2115740    -61.0763552   -438400.0000000  -1547000.0000000  -446000.0000000  -1547600.0000000  
353     976     1024    3       -40     75.1798416    -60.7601090   0.000   0.217   23.074  0.552   3      0.300   -4.000  979     984     75.1546994    -61.0271719   -438400.0000000  -1553400.0000000  -446400.0000000  -1554000.0000000  
354     1056    1024    6       -48     75.0399337    -60.6073032   5.625   0.133   12.906  0.206   1      0.600   -4.800  1062    976     75.0057638    -60.9203385   -438400.0000000  -1569400.0000000  -448000.0000000  -1570600.0000000  
355     1416    1024    -7      -36     74.4096515    -59.9540100   0.000   0.160   15.825  0.381   2      -0.700  -3.600  1409    988     74.4049263    -60.2007113   -438400.0000000  -1641400.0000000  -445600.0000000  -1640000.0000000  
356     480     1032    0       0       76.0499027    -61.7187616   0.000   0.336   33.675  0.419   3      0.000   0.000   480     1032    76.0499027    -61.7187616   -436800.0000000  -1454200.0000000  -436800.0000000  -1454200.0000000  
357     680     1040    1       -17     75.7050844    -61.2387044   0.000   0.141   14.584  0.439   3      0.100   -1.700  681     1023    75.6946619    -61.3567380   -435200.0000000  -1494200.0000000  -438600.0000000  -1494400.0000000  
358     1008    1040    5       -44     75.1317235    -60.5896408   0.000   0.123   11.733  0.253   1      0.500   -4.400  1013    996     75.1013068    -60.8794361   -435200.0000000  -1559800.0000000  -444000.0000000  -1560800.0000000  
359     600     1048    -1      -1      75.8488486    -61.3479812   0.000   0.132   12.053  0.260   1      -0.100  -0.100  599     1047    75.8500821    -61.3572137   -433600.0000000  -1478200.0000000  -433800.0000000  -1478000.0000000  
360     920     1056    5       -31     75.2935321    -60.6485852   0.000   0.212   21.554  0.459   3      0.500   -3.100  925     1025    75.2694963    -60.8521827   -432000.0000000  -1542200.0000000  -438200.0000000  -1543200.0000000  
361     1040    1056    6       -46     75.0834812    -60.4202857   5.625   0.159   14.917  0.327   2      0.600   -4.600  1046    1010    75.0505561    -60.7211285   -432000.0000000  -1566200.0000000  -441200.0000000  -1567400.0000000  
362     1176    1056    5       -56     74.8452661    -60.1692819   354.375  0.120   13.368  0.368   2      0.500   -5.600  1181    1000    74.8095992    -60.5344896   -432000.0000000  -1593400.0000000  -443200.0000000  -1594400.0000000  
363     1280    1056    4       -45     74.6629983    -59.9826589   354.375  0.190   19.837  0.515   3      0.400   -4.500  1284    1011    74.6346807    -60.2731287   -432000.0000000  -1614200.0000000  -441000.0000000  -1615000.0000000  
364     448     1064    1       1       76.1223891    -61.5560887   0.000   0.168   16.661  0.442   3      0.100   0.100   449     1065    76.1211627    -61.5466554   -430400.0000000  -1447800.0000000  -430200.0000000  -1448000.0000000  
365     704     1072    3       -18     75.6792874    -60.9635681   0.000   0.208   20.646  0.493   3      0.300   -1.800  707     1054    75.6650068    -61.0845757   -428800.0000000  -1499000.0000000  -432400.0000000  -1499600.0000000  
366     1336    1072    -8      -36     74.5722503    -59.7786065   0.000   0.086   7.505   0.225   1      -0.800  -3.600  1328    1036    74.5694772    -60.0297601   -428800.0000000  -1625400.0000000  -436000.0000000  -1623800.0000000  
367     656     1080    0       0       75.7672247    -61.0043160   0.000   0.224   22.521  0.494   3      0.000   0.000   656     1080    75.7672247    -61.0043160   -427200.0000000  -1489400.0000000  -427200.0000000  -1489400.0000000  
368     952     1088    6       -32     75.2530480    -60.3671356   0.000   0.204   22.386  0.461   3      0.600   -3.200  958     1056    75.2270308    -60.5755804   -425600.0000000  -1548600.0000000  -432000.0000000  -1549800.0000000  
369     1280    1088    1       -45     74.6779072    -59.7704657   354.375  0.181   18.071  0.391   2      0.100   -4.500  1281    1043    74.6551301    -60.0669608   -425600.0000000  -1614200.0000000  -434600.0000000  -1614400.0000000  
370     472     1096    1       2       76.0969419    -61.2720181   0.000   0.175   18.637  0.505   3      0.100   0.200   473     1098    76.0962140    -61.2553584   -424000.0000000  -1452600.0000000  -423600.0000000  -1452800.0000000  
371     1096    1096    8       -49     75.0044340    -60.0452991   0.000   0.103   8.217   0.299   1      0.800   -4.900  1104    1047    74.9670787    -60.3619129   -424000.0000000  -1577400.0000000  -433800.0000000  -1579000.0000000  
372     1168    1096    2       -54     74.8781394    -59.9152857   354.375  0.151   13.409  0.356   2      0.200   -5.400  1170    1042    74.8491035    -60.2739954   -424000.0000000  -1591800.0000000  -434800.0000000  -1592200.0000000  
373     1312    1104    -2      -42     74.6290995    -59.6087839   354.375  0.102   11.328  0.258   1      -0.200  -4.200  1310    1062    74.6132067    -59.8900296   -422400.0000000  -1620600.0000000  -430800.0000000  -1620200.0000000  
374     512     1112    0       2       76.0351274    -61.0717324   0.000   0.113   9.726   0.374   2      0.000   0.200   512     1114    76.0361347    -61.0572429   -420800.0000000  -1460600.0000000  -420400.0000000  -1460600.0000000  
375     600     1112    0       1       75.8811772    -60.8900921   0.000   0.173   18.146  0.391   2      0.000   0.100   600     1113    75.8816752    -60.8829209   -420800.0000000  -1478200.0000000  -420600.0000000  -1478200.0000000  
376     696     1112    0       0       75.7131310    -60.6964482   0.000   0.170   17.276  0.326   2      0.000   0.000   696     1112    75.7131310    -60.6964482   -420800.0000000  -1497400.0000000  -420800.0000000  -1497400.0000000  
377     728     1112    3       -20     75.6570935    -60.6329187   0.000   0.101   8.965   0.301   2      0.300   -2.000  731     1092    75.6419987    -60.7681785   -420800.0000000  -1503800.0000000  -424800.0000000  -1504400.0000000  
378     904     1112    4       -25     75.3487020    -60.2922841   0.000   0.127   10.895  0.280   1      0.400   -2.500  908     1087    75.3296463    -60.4576876   -420800.0000000  -1539000.0000000  -425800.0000000  -1539800.0000000  
379     712     1144    0       0       75.7007171    -60.4378211   0.000   0.185   19.576  0.334   2      0.000   0.000   712     1144    75.7007171    -60.4378211   -414400.0000000  -1500600.0000000  -414400.0000000  -1500600.0000000  
380     744     1144    1       0       75.6446107    -60.3753676   0.000   0.153   15.087  0.288   1      0.100   0.000   745     1144    75.6428573    -60.3734239   -414400.0000000  -1507000.0000000  -414400.0000000  -1507200.0000000  
381     568     1152    0       3       75.9570026    -60.6673682   0.000   0.218   20.733  0.506   3      0.000   0.300   568     1155    75.9584759    -60.6457119   -412800.0000000  -1471800.0000000  -412200.0000000  -1471800.0000000  
382     744     1176    0       0       75.6599298    -60.1489023   0.000   0.254   27.240  0.565   3      0.000   0.000   744     1176    75.6599298    -60.1489023   -408000.0000000  -1507000.0000000  -408000.0000000  -1507000.0000000  
383     1128    1176    4       -45     74.9852131    -59.4457834   0.000   0.099   8.008   0.219   1      0.400   -4.500  1132    1131    74.9575928    -59.7435628   -408000.0000000  -1583800.0000000  -417000.0000000  -1584600.0000000  
384     576     1192    1       4       75.9624456    -60.3623315   0.000   0.182   17.325  0.548   3      0.100   0.400   577     1196    75.9626172    -60.3314183   -404800.0000000  -1473400.0000000  -404000.0000000  -1473600.0000000  
385     992     1192    61      -75     75.2316546    -59.5771123   5.625   0.079   8.035   0.193   1      6.100   -7.500  1053    1117    75.0897460    -59.9809605   -404800.0000000  -1556600.0000000  -419800.0000000  -1568800.0000000  
386     680     1200    0       0       75.7836948    -60.1012116   0.000   0.107   13.536  0.279   1      0.000   0.000   680     1200    75.7836948    -60.1012116   -403200.0000000  -1494200.0000000  -403200.0000000  -1494200.0000000  
387     608     1208    0       2       75.9139417    -60.1836735   0.000   0.330   34.854  0.624   3      0.000   0.200   608     1210    75.9148944    -60.1692475   -401600.0000000  -1479800.0000000  -401200.0000000  -1479800.0000000  
388     640     1216    0       1       75.8615321    -60.0637874   0.000   0.249   25.723  0.553   3      0.000   0.100   640     1217    75.8620048    -60.0565976   -400000.0000000  -1486200.0000000  -399800.0000000  -1486200.0000000  
389     800     1216    0       0       75.5803144    -59.7602803   0.000   0.328   34.310  0.616   3      0.000   0.000   800     1216    75.5803144    -59.7602803   -400000.0000000  -1518200.0000000  -400000.0000000  -1518200.0000000  
390     912     1224    0       0       75.3869785    -59.4990849   0.000   0.126   12.038  0.213   1      0.000   0.000   912     1224    75.3869785    -59.4990849   -398400.0000000  -1540600.0000000  -398400.0000000  -1540600.0000000  
391     944     1232    0       0       75.3342838    -59.3860281   0.000   0.128   12.073  0.211   1      0.000   0.000   944     1232    75.3342838    -59.3860281   -396800.0000000  -1547000.0000000  -396800.0000000  -1547000.0000000  
392     800     1256    0       0       75.5986718    -59.4775987   0.000   0.354   38.753  0.581   3      0.000   0.000   800     1256    75.5986718    -59.4775987   -392000.0000000  -1518200.0000000  -392000.0000000  -1518200.0000000  
393     1104    1256    0       0       75.0630966    -58.9422880   0.000   0.185   19.423  0.374   2      0.000   0.000   1104    1256    75.0630966    -58.9422880   -392000.0000000  -1579000.0000000  -392000.0000000  -1579000.0000000  
394     968     1264    0       0       75.3063294    -59.1213499   0.000   0.178   17.972  0.404   3      0.000   0.000   968     1264    75.3063294    -59.1213499   -390400.0000000  -1551800.0000000  -390400.0000000  -1551800.0000000  
395     1000    1264    0       0       75.2499312    -59.0656561   0.000   0.162   15.621  0.368   2      0.000   0.000   1000    1264    75.2499312    -59.0656561   -390400.0000000  -1558200.0000000  -390400.0000000  -1558200.0000000  
396     1032    1264    0       0       75.1935261    -59.0103911   0.000   0.158   15.061  0.378   2      0.000   0.000   1032    1264    75.1935261    -59.0103911   -390400.0000000  -1564600.0000000  -390400.0000000  -1564600.0000000  
397     1064    1264    0       0       75.1371144    -58.9555501   0.000   0.236   23.826  0.458   3      0.000   0.000   1064    1264    75.1371144    -58.9555501   -390400.0000000  -1571000.0000000  -390400.0000000  -1571000.0000000  
398     704     1280    -1      -1      75.7786387    -59.4832406   0.000   0.187   18.258  0.407   3      -0.100  -0.100  703     1279    75.7799448    -59.4922589   -387200.0000000  -1499000.0000000  -387400.0000000  -1498800.0000000  
399     792     1288    0       0       75.6272075    -59.2653543   0.000   0.321   36.792  0.522   3      0.000   0.000   792     1288    75.6272075    -59.2653543   -385600.0000000  -1516600.0000000  -385600.0000000  -1516600.0000000  
400     824     1288    0       0       75.5708059    -59.2078402   0.000   0.212   26.941  0.420   3      0.000   0.000   824     1288    75.5708059    -59.2078402   -385600.0000000  -1523000.0000000  -385600.0000000  -1523000.0000000  
401     872     1288    -1      -1      75.4861896    -59.1224157   0.000   0.290   31.344  0.566   3      -0.100  -0.100  871     1287    75.4875089    -59.1312175   -385600.0000000  -1532600.0000000  -385800.0000000  -1532400.0000000  
402     928     1304    -1      -1      75.3944698    -58.9121739   0.000   0.288   28.970  0.511   3      -0.100  -0.100  927     1303    75.3957969    -58.9209006   -382400.0000000  -1543800.0000000  -382600.0000000  -1543600.0000000  
403     1072    1312    0       0       75.1437755    -58.6119780   0.000   0.290   29.413  0.558   3      0.000   0.000   1072    1312    75.1437755    -58.6119780   -380800.0000000  -1572600.0000000  -380800.0000000  -1572600.0000000  
404     784     1320    2       3       75.6555488    -59.0522598   0.000   0.099   10.664  0.290   1      0.200   0.300   786     1323    75.6533438    -59.0273469   -379200.0000000  -1515000.0000000  -378600.0000000  -1515400.0000000  
405     888     1320    0       0       75.4720356    -58.8693391   0.000   0.281   29.380  0.518   3      0.000   0.000   888     1320    75.4720356    -58.8693391   -379200.0000000  -1535800.0000000  -379200.0000000  -1535800.0000000  
406     1040    1336    0       0       75.2105118    -58.4996073   0.000   0.311   29.666  0.530   3      0.000   0.000   1040    1336    75.2105118    -58.4996073   -376000.0000000  -1566200.0000000  -376000.0000000  -1566200.0000000  
407     784     1352    2       4       75.6695670    -58.8242622   0.000   0.105   9.384   0.287   1      0.200   0.400   786     1356    75.6677710    -58.7922285   -372800.0000000  -1515000.0000000  -372000.0000000  -1515400.0000000  
408     888     1352    0       1       75.4858694    -58.6440777   0.000   0.208   18.839  0.539   3      0.000   0.100   888     1353    75.4862981    -58.6370314   -372800.0000000  -1535800.0000000  -372600.0000000  -1535800.0000000  
409     840     1360    1       2       75.5741062    -58.6699660   0.000   0.177   15.743  0.272   1      0.100   0.200   841     1362    75.5731983    -58.6540649   -371200.0000000  -1526200.0000000  -370800.0000000  -1526400.0000000  
