CP      startX  startY  dispX   dispY   sLat          sLon          theta   pCorr   pkStr   cCorr   conf   velX    velY    endX    endY    eLat          eLon          nps_startX    nps_startY    nps_endX      nps_endY      
0       704     24      0       0       79.4886703    -101.3294180  0.000   0.265   24.418  0.250   1      0.000   0.000   704     24      79.4886703    -101.3294180  -950200.0000001  -633000.0000000  -950200.0000001  -633000.0000000  
1       656     32      0       0       79.5493997    -101.6879229  0.000   0.230   23.479  0.504   3      0.000   0.000   656     32      79.5493997    -101.6879229  -948600.0000001  -623400.0000000  -948600.0000001  -623400.0000000  
2       760     56      0       0       79.4799199    -100.6841236  0.000   0.408   46.713  0.601   3      0.000   0.000   760     56      79.4799199    -100.6841236  -943800.0000001  -644200.0000000  -943800.0000001  -644200.0000000  
3       792     56      0       0       79.4467711    -100.4199133  0.000   0.352   43.284  0.363   2      0.000   0.000   792     56      79.4467711    -100.4199133  -943800.0000001  -650600.0000000  -943800.0000001  -650600.0000000  
4       840     64      0       0       79.4086365    -99.9810524   0.000   0.253   31.700  0.275   1      0.000   0.000   840     64      79.4086365    -99.9810524   -942200.0000001  -660200.0000001  -942200.0000001  -660200.0000001  
5       688     72      0       0       79.5780526    -101.1948188  0.000   0.362   38.971  0.696   3      0.000   0.000   688     72      79.5780526    -101.1948188  -940600.0000001  -629800.0000000  -940600.0000001  -629800.0000000  
6       720     72      0       0       79.5453292    -100.9264923  0.000   0.426   47.866  0.737   3      0.000   0.000   720     72      79.5453292    -100.9264923  -940600.0000001  -636200.0000000  -940600.0000001  -636200.0000000  
7       760     96      0       0       79.5403446    -100.4566720  0.000   0.420   48.324  0.689   3      0.000   0.000   760     96      79.5403446    -100.4566720  -935800.0000001  -644200.0000000  -935800.0000001  -644200.0000000  
8       688     104     0       0       79.6267058    -101.0137381  0.000   0.331   35.069  0.573   3      0.000   0.000   688     104     79.6267058    -101.0137381  -934200.0000001  -629800.0000000  -934200.0000001  -629800.0000000  
9       792     104     0       0       79.5190274    -100.1456919  0.000   0.455   51.988  0.760   3      0.000   0.000   792     104     79.5190274    -100.1456919  -934200.0000001  -650600.0000000  -934200.0000001  -650600.0000000  
10      880     104     0       0       79.4260956    -99.4252090   0.000   0.402   44.066  0.723   3      0.000   0.000   880     104     79.4260956    -99.4252090   -934200.0000001  -668200.0000001  -934200.0000001  -668200.0000001  
11      976     112     0       0       79.3346636    -98.6068473   0.000   0.310   36.042  0.289   1      0.000   0.000   976     112     79.3346636    -98.6068473   -932600.0000001  -687400.0000001  -932600.0000001  -687400.0000001  
12      600     120     0       0       79.7404508    -101.6721800  0.000   0.225   25.262  0.303   2      0.000   0.000   600     120     79.7404508    -101.6721800  -931000.0000001  -612200.0000000  -931000.0000001  -612200.0000000  
13      728     120     0       0       79.6097618    -100.5861340  0.000   0.372   41.467  0.725   3      0.000   0.000   728     120     79.6097618    -100.5861340  -931000.0000001  -637800.0000000  -931000.0000001  -637800.0000000  
14      848     128     0       0       79.4959128    -99.5463849   0.000   0.511   60.391  0.805   3      0.000   0.000   848     128     79.4959128    -99.5463849   -929400.0000001  -661800.0000000  -929400.0000001  -661800.0000000  
15      1048    128     0       0       79.2793157    -97.9431513   0.000   0.231   30.716  0.247   1      0.000   0.000   1048    128     79.2793157    -97.9431513   -929400.0000001  -701800.0000001  -929400.0000001  -701800.0000001  
16      656     136     0       0       79.7080682    -101.1023709  0.000   0.415   46.452  0.719   3      0.000   0.000   656     136     79.7080682    -101.1023709  -927800.0000001  -623400.0000000  -927800.0000001  -623400.0000000  
17      696     136     0       0       79.6670205    -100.7633579  0.000   0.411   45.800  0.716   3      0.000   0.000   696     136     79.6670205    -100.7633579  -927800.0000001  -631400.0000000  -927800.0000001  -631400.0000000  
18      896     136     0       0       79.4565526    -99.1087208   0.000   0.455   51.445  0.732   3      0.000   0.000   896     136     79.4565526    -99.1087208   -927800.0000001  -671400.0000001  -927800.0000001  -671400.0000001  
19      936     136     0       0       79.4134431    -98.7858052   0.000   0.428   50.117  0.778   3      0.000   0.000   936     136     79.4134431    -98.7858052   -927800.0000001  -679400.0000001  -927800.0000001  -679400.0000001  
20      984     144     0       0       79.3730346    -98.3544480   0.000   0.425   48.170  0.710   3      0.000   0.000   984     144     79.3730346    -98.3544480   -926200.0000001  -689000.0000001  -926200.0000001  -689000.0000001  
21      1016    144     0       0       79.3379589    -98.1004206   0.000   0.445   50.332  0.669   3      0.000   0.000   1016    144     79.3379589    -98.1004206   -926200.0000001  -695400.0000001  -926200.0000001  -695400.0000001  
22      776     160     0       0       79.6198874    -99.9538557   0.000   0.458   52.204  0.785   3      0.000   0.000   776     160     79.6198874    -99.9538557   -923000.0000001  -647400.0000000  -923000.0000001  -647400.0000000  
23      808     160     0       0       79.5861177    -99.6884421   0.000   0.520   61.391  0.846   3      0.000   0.000   808     160     79.5861177    -99.6884421   -923000.0000001  -653800.0000000  -923000.0000001  -653800.0000000  
24      1072    160     0       0       79.2993587    -97.5642414   0.000   0.441   49.730  0.499   3      0.000   0.000   1072    160     79.2993587    -97.5642414   -923000.0000001  -706600.0000001  -923000.0000001  -706600.0000001  
25      696     168     0       0       79.7154317    -100.5786578  0.000   0.415   47.785  0.773   3      0.000   0.000   696     168     79.7154317    -100.5786578  -921400.0000001  -631400.0000000  -921400.0000001  -631400.0000000  
26      936     168     0       0       79.4606649    -98.5965625   0.000   0.446   49.635  0.733   3      0.000   0.000   936     168     79.4606649    -98.5965625   -921400.0000001  -679400.0000001  -921400.0000001  -679400.0000001  
27      624     184     0       0       79.8137616    -101.1002061  0.000   0.343   37.134  0.612   3      0.000   0.000   624     184     79.8137616    -101.1002061  -918200.0000001  -617000.0000000  -918200.0000001  -617000.0000000  
28      760     192     0       0       79.6847041    -99.8998858   0.000   0.501   58.636  0.783   3      0.000   0.000   760     192     79.6847041    -99.8998858   -916600.0000001  -644200.0000000  -916600.0000001  -644200.0000000  
29      1072    192     0       0       79.3458206    -97.3716425   0.000   0.603   75.749  0.826   3      0.000   0.000   1072    192     79.3458206    -97.3716425   -916600.0000001  -706600.0000001  -916600.0000001  -706600.0000001  
30      1104    192     0       0       79.3099482    -97.1215545   0.000   0.553   66.696  0.794   3      0.000   0.000   1104    192     79.3099482    -97.1215545   -916600.0000001  -713000.0000001  -916600.0000001  -713000.0000001  
31      720     200     0       0       79.7387015    -100.1890897  0.000   0.428   48.185  0.692   3      0.000   0.000   720     200     79.7387015    -100.1890897  -915000.0000001  -636200.0000000  -915000.0000001  -636200.0000000  
32      864     200     0       0       79.5858482    -98.9912473   0.000   0.488   56.708  0.765   3      0.000   0.000   864     200     79.5858482    -98.9912473   -915000.0000001  -665000.0000000  -915000.0000001  -665000.0000000  
33      976     200     0       0       79.4639390    -98.0840431   0.000   0.458   53.930  0.755   3      0.000   0.000   976     200     79.4639390    -98.0840431   -915000.0000001  -687400.0000001  -915000.0000001  -687400.0000001  
34      1208    200     0       0       79.2034266    -96.2715302   0.000   0.399   43.350  0.433   3      0.000   0.000   1208    200     79.2034266    -96.2715302   -915000.0000001  -733800.0000001  -915000.0000001  -733800.0000001  
35      832     208     0       0       79.6320894    -99.2068032   0.000   0.413   46.074  0.685   3      0.000   0.000   832     208     79.6320894    -99.2068032   -913400.0000001  -658600.0000000  -913400.0000001  -658600.0000000  
36      1016    208     0       0       79.4314386    -97.7168468   0.000   0.457   53.645  0.821   3      0.000   0.000   1016    208     79.4314386    -97.7168468   -913400.0000001  -695400.0000001  -913400.0000001  -695400.0000001  
37      1136    208     0       0       79.2969044    -96.7757932   0.000   0.503   59.305  0.768   3      0.000   0.000   1136    208     79.2969044    -96.7757932   -913400.0000001  -719400.0000001  -913400.0000001  -719400.0000001  
38      920     216     0       0       79.5487698    -98.4389987   0.000   0.486   55.272  0.794   3      0.000   0.000   920     216     79.5487698    -98.4389987   -911800.0000001  -676200.0000000  -911800.0000001  -676200.0000000  
39      768     224     0       0       79.7241375    -99.6437507   0.000   0.507   59.860  0.787   3      0.000   0.000   768     224     79.7241375    -99.6437507   -910200.0000001  -645800.0000000  -910200.0000001  -645800.0000000  
40      1048    224     0       0       79.4190574    -97.3663634   0.000   0.544   67.059  0.819   3      0.000   0.000   1048    224     79.4190574    -97.3663634   -910200.0000001  -701800.0000001  -910200.0000001  -701800.0000001  
41      1176    224     0       0       79.2743367    -96.3693749   0.000   0.390   43.327  0.668   3      0.000   0.000   1176    224     79.2743367    -96.3693749   -910200.0000001  -727400.0000001  -910200.0000001  -727400.0000001  
42      600     232     0       0       79.9112870    -101.0285469  0.000   0.342   36.244  0.670   3      0.000   0.000   600     232     79.9112870    -101.0285469  -908600.0000001  -612200.0000000  -908600.0000001  -612200.0000000  
43      648     232     0       0       79.8618734    -100.6142301  0.000   0.282   29.478  0.542   3      0.000   0.000   648     232     79.8618734    -100.6142301  -908600.0000001  -621800.0000000  -908600.0000001  -621800.0000000  
44      696     232     0       0       79.8119411    -100.2039737  0.000   0.478   55.216  0.789   3      0.000   0.000   696     232     79.8119411    -100.2039737  -908600.0000001  -631400.0000000  -908600.0000001  -631400.0000000  
45      728     232     0       0       79.7783687    -99.9327164   0.000   0.445   51.119  0.758   3      0.000   0.000   728     232     79.7783687    -99.9327164   -908600.0000001  -637800.0000000  -908600.0000001  -637800.0000000  
46      800     232     0       0       79.7020124    -99.3289269   0.000   0.430   47.696  0.722   3      0.000   0.000   800     232     79.7020124    -99.3289269   -908600.0000001  -652200.0000000  -908600.0000001  -652200.0000000  
47      880     232     0       0       79.6158692    -98.6685998   0.000   0.432   48.935  0.709   3      0.000   0.000   880     232     79.6158692    -98.6685998   -908600.0000001  -668200.0000000  -908600.0000001  -668200.0000000  
48      1208    232     0       0       79.2490634    -96.0750986   0.000   0.449   51.087  0.795   3      0.000   0.000   1208    232     79.2490634    -96.0750986   -908600.0000001  -733800.0000001  -908600.0000001  -733800.0000001  
49      1016    240     0       0       79.4780045    -97.5224943   0.000   0.528   64.595  0.823   3      0.000   0.000   1016    240     79.4780045    -97.5224943   -907000.0000001  -695400.0000001  -907000.0000001  -695400.0000001  
50      1144    240     0       0       79.3337610    -96.5178166   0.000   0.471   55.553  0.762   3      0.000   0.000   1144    240     79.3337610    -96.5178166   -907000.0000001  -721000.0000001  -907000.0000001  -721000.0000001  
51      1264    240     0       0       79.1956783    -95.6006865   0.000   0.557   67.590  0.829   3      0.000   0.000   1264    240     79.1956783    -95.6006865   -907000.0000001  -745000.0000001  -907000.0000001  -745000.0000001  
52      1296    240     0       0       79.1584040    -95.3601060   0.000   0.522   61.256  0.803   3      0.000   0.000   1296    240     79.1584040    -95.3601060   -907000.0000001  -751400.0000001  -907000.0000001  -751400.0000001  
53      1080    248     0       0       79.4178262    -96.9676348   0.000   0.407   45.915  0.732   3      0.000   0.000   1080    248     79.4178262    -96.9676348   -905400.0000001  -708200.0000001  -905400.0000001  -708200.0000001  
54      1048    256     0       0       79.4654035    -97.1706885   0.000   0.480   55.972  0.759   3      0.000   0.000   1048    256     79.4654035    -97.1706885   -903800.0000001  -701800.0000001  -903800.0000001  -701800.0000001  
55      624     264     0       0       79.9351047    -100.6324065  0.000   0.389   43.347  0.648   3      0.000   0.000   624     264     79.9351047    -100.6324065  -902200.0000001  -617000.0000000  -902200.0000001  -617000.0000000  
56      736     264     0       0       79.8178329    -99.6743404   0.000   0.437   52.309  0.754   3      0.000   0.000   736     264     79.8178329    -99.6743404   -902200.0000001  -639400.0000000  -902200.0000001  -639400.0000000  
57      584     272     0       0       79.9884520    -100.9328189  0.000   0.384   41.743  0.704   3      0.000   0.000   584     272     79.9884520    -100.9328189  -900600.0000001  -609000.0000000  -900600.0000001  -609000.0000000  
58      880     272     0       0       79.6748064    -98.4264396   0.000   0.367   39.831  0.595   3      0.000   0.000   880     272     79.6748064    -98.4264396   -900600.0000001  -668200.0000000  -900600.0000001  -668200.0000000  
59      1256    272     0       0       79.2502096    -95.4620410   0.000   0.389   44.059  0.738   3      0.000   0.000   1256    272     79.2502096    -95.4620410   -900600.0000001  -743400.0000001  -900600.0000001  -743400.0000001  
60      920     280     0       0       79.6426931    -98.0506466   0.000   0.431   49.868  0.744   3      0.000   0.000   920     280     79.6426931    -98.0506466   -899000.0000001  -676200.0000000  -899000.0000001  -676200.0000000  
61      1296    280     -1      0       79.2146873    -95.1105296   0.000   0.232   24.416  0.491   3      -0.200  0.000   1295    280     79.2158612    -95.1180346   -899000.0000001  -751400.0000001  -899000.0000001  -751200.0000001  
62      960     288     0       0       79.6101410    -97.6772048   0.000   0.500   57.851  0.756   3      0.000   0.000   960     288     79.6101410    -97.6772048   -897400.0000001  -684200.0000000  -897400.0000001  -684200.0000000  
63      1168    288     0       0       79.3748392    -96.0347288   0.000   0.527   62.347  0.780   3      0.000   0.000   1168    288     79.3748392    -96.0347288   -897400.0000001  -725800.0000001  -897400.0000001  -725800.0000001  
64      1056    296     0       0       79.5141250    -96.8602911   0.000   0.508   60.254  0.821   3      0.000   0.000   1056    296     79.5141250    -96.8602911   -895800.0000001  -703400.0000001  -895800.0000001  -703400.0000001  
65      1136    296     0       0       79.4230145    -96.2327126   0.000   0.495   58.677  0.798   3      0.000   0.000   1136    296     79.4230145    -96.2327126   -895800.0000001  -719400.0000001  -895800.0000001  -719400.0000001  
66      1208    296     1       0       79.3399649    -95.6771723   0.000   0.337   37.826  0.647   3      0.200   0.000   1209    296     79.3388045    -95.6695179   -895800.0000001  -733800.0000001  -895800.0000001  -734000.0000001  
67      552     304     0       0       80.0698802    -101.0240307  0.000   0.257   26.907  0.358   2      0.000   0.000   552     304     80.0698802    -101.0240307  -894200.0000000  -602600.0000000  -894200.0000000  -602600.0000000  
68      888     304     0       0       79.7130466    -98.1649750   0.000   0.511   59.906  0.819   3      0.000   0.000   888     304     79.7130466    -98.1649750   -894200.0000001  -669800.0000000  -894200.0000001  -669800.0000000  
69      1104    304     0       0       79.4710667    -96.4325159   0.000   0.570   70.117  0.813   3      0.000   0.000   1104    304     79.4710667    -96.4325159   -894200.0000001  -713000.0000001  -894200.0000001  -713000.0000001  
70      600     312     0       0       80.0325407    -100.5552729  0.000   0.285   30.213  0.477   3      0.000   0.000   600     312     80.0325407    -100.5552729  -892600.0000000  -612200.0000000  -892600.0000000  -612200.0000000  
71      1008    320     0       0       79.6029081    -97.0929767   0.000   0.510   60.789  0.789   3      0.000   0.000   1008    320     79.6029081    -97.0929767   -891000.0000001  -693800.0000000  -891000.0000001  -693800.0000000  
72      872     336     0       0       79.7775369    -98.0991372   0.000   0.524   63.625  0.828   3      0.000   0.000   872     336     79.7775369    -98.0991372   -887800.0000001  -666600.0000000  -887800.0000001  -666600.0000000  
73      912     336     0       0       79.7333660    -97.7704026   0.000   0.505   59.921  0.766   3      0.000   0.000   912     336     79.7333660    -97.7704026   -887800.0000001  -674600.0000000  -887800.0000001  -674600.0000000  
74      968     336     0       0       79.6709728    -97.3149444   0.000   0.439   49.843  0.726   3      0.000   0.000   968     336     79.6709728    -97.3149444   -887800.0000001  -685800.0000000  -887800.0000001  -685800.0000000  
75      1040    336     0       0       79.5898208    -96.7374682   0.000   0.470   52.845  0.758   3      0.000   0.000   1040    336     79.5898208    -96.7374682   -887800.0000001  -700200.0000000  -887800.0000001  -700200.0000000  
76      1104    336     0       0       79.5168242    -96.2317456   0.000   0.433   47.147  0.715   3      0.000   0.000   1104    336     79.5168242    -96.2317456   -887800.0000001  -713000.0000001  -887800.0000001  -713000.0000001  
77      576     344     0       0       80.1057936    -100.5733257  0.000   0.306   31.666  0.582   3      0.000   0.000   576     344     80.1057936    -100.5733257  -886200.0000000  -607400.0000000  -886200.0000000  -607400.0000000  
78      1000    352     -1      0       79.6581316    -96.9567998   0.000   0.234   28.498  0.657   3      -0.200  0.000   999     352     79.6592604    -96.9648352   -884600.0000001  -692200.0000000  -884600.0000001  -692000.0000000  
79      816     368     0       0       79.8859274    -98.3658861   0.000   0.462   52.846  0.704   3      0.000   0.000   816     368     79.8859274    -98.3658861   -881400.0000001  -655400.0000000  -881400.0000001  -655400.0000000  
80      848     368     0       0       79.8508284    -98.0989125   0.000   0.537   64.113  0.800   3      0.000   0.000   848     368     79.8508284    -98.0989125   -881400.0000001  -661800.0000000  -881400.0000001  -661800.0000000  
81      912     368     0       0       79.7799849    -97.5705225   0.000   0.445   50.778  0.700   3      0.000   0.000   912     368     79.7799849    -97.5705225   -881400.0000001  -674600.0000000  -881400.0000001  -674600.0000000  
82      592     376     0       0       80.1374299    -100.2385257  0.000   0.444   51.152  0.736   3      0.000   0.000   592     376     80.1374299    -100.2385257  -879800.0000000  -610600.0000000  -879800.0000000  -610600.0000000  
83      1064    376     -1      0       79.6198172    -96.2941583   0.000   0.243   30.619  0.590   3      -0.200  0.000   1063    376     79.6209625    -96.3020909   -879800.0000001  -705000.0000000  -879800.0000001  -704800.0000000  
84      528     384     1       0       80.2159770    -100.7564685  0.000   0.203   20.429  0.287   1      0.200   0.000   529     384     80.2149453    -100.7475527  -878200.0000000  -597800.0000000  -878200.0000000  -598000.0000000  
85      944     384     0       0       79.7674262    -97.2082188   0.000   0.385   41.249  0.680   3      0.000   0.000   944     384     79.7674262    -97.2082188   -878200.0000001  -681000.0000000  -878200.0000001  -681000.0000000  
86      1104    392     1       0       79.5965958    -95.8761338   0.000   0.356   40.191  0.716   3      0.200   0.000   1105    392     79.5954399    -95.8682673   -876600.0000001  -713000.0000001  -876600.0000001  -713200.0000000  
87      1032    400     -1      0       79.6907652    -96.3961337   0.000   0.253   25.812  0.617   3      -0.200  0.000   1031    400     79.6919081    -96.4041325   -875000.0000001  -698600.0000000  -875000.0000001  -698400.0000000  
88      584     408     0       0       80.1939623    -100.1128992  0.000   0.260   27.938  0.536   3      0.000   0.000   584     408     80.1939623    -100.1128992  -873400.0000000  -609000.0000000  -873400.0000000  -609000.0000000  
89      784     416     0       0       79.9915085    -98.3346464   0.000   0.437   48.161  0.673   3      0.000   0.000   784     416     79.9915085    -98.3346464   -871800.0000000  -649000.0000000  -871800.0000000  -649000.0000000  
90      992     416     -1      0       79.7593207    -96.6153484   0.000   0.347   35.411  0.675   3      -0.200  0.000   991     416     79.7604582    -96.6234256   -871800.0000001  -690600.0000000  -871800.0000001  -690400.0000000  
91      552     424     1       0       80.2515299    -100.2979995  0.000   0.324   34.888  0.633   3      0.200   0.000   553     424     80.2504860    -100.2891000  -870200.0000000  -602600.0000000  -870200.0000000  -602800.0000000  
92      896     424     0       0       79.8792108    -97.3481339   0.000   0.451   52.082  0.717   3      0.000   0.000   896     424     79.8792108    -97.3481339   -870200.0000001  -671400.0000000  -870200.0000001  -671400.0000000  
93      960     424     0       0       79.8071491    -96.8235866   0.000   0.395   44.777  0.764   3      0.000   0.000   960     424     79.8071491    -96.8235866   -870200.0000001  -684200.0000000  -870200.0000001  -684200.0000000  
94      504     432     1       0       80.3134814    -100.6783415  0.000   0.202   23.045  0.251   1      0.200   0.000   505     432     80.3124474    -100.6693439  -868600.0000000  -593000.0000000  -868600.0000000  -593200.0000000  
95      928     432     0       0       79.8548457    -97.0337956   0.000   0.522   61.747  0.778   3      0.000   0.000   928     432     79.8548457    -97.0337956   -868600.0000001  -677800.0000000  -868600.0000001  -677800.0000000  
96      640     440     0       0       80.1826546    -99.4223339   0.000   0.484   56.636  0.776   3      0.000   0.000   640     440     80.1826546    -99.4223339   -867000.0000000  -620200.0000000  -867000.0000000  -620200.0000000  
97      824     440     0       0       79.9826519    -97.8456800   0.000   0.471   53.835  0.767   3      0.000   0.000   824     440     79.9826519    -97.8456800   -867000.0000000  -657000.0000000  -867000.0000000  -657000.0000000  
98      856     440     0       0       79.9471224    -97.5779671   0.000   0.470   53.875  0.827   3      0.000   0.000   856     440     79.9471224    -97.5779671   -867000.0000000  -663400.0000000  -867000.0000000  -663400.0000000  
99      768     448     0       0       80.0560598    -98.2680619   0.000   0.478   53.448  0.727   3      0.000   0.000   768     448     80.0560598    -98.2680619   -865400.0000000  -645800.0000000  -865400.0000000  -645800.0000000  
100     608     456     1       0       80.2405972    -99.6031163   0.000   0.281   30.911  0.577   3      0.200   0.000   609     456     80.2395350    -99.5943022   -863800.0000000  -613800.0000000  -863800.0000000  -614000.0000000  
101     712     456     0       0       80.1289296    -98.6967337   0.000   0.443   50.092  0.726   3      0.000   0.000   712     456     80.1289296    -98.6967337   -863800.0000000  -634600.0000000  -863800.0000000  -634600.0000000  
102     672     464     0       0       80.1840333    -98.9923879   0.000   0.441   48.422  0.747   3      0.000   0.000   672     464     80.1840333    -98.9923879   -862200.0000000  -626600.0000000  -862200.0000000  -626600.0000000  
103     904     464     0       0       79.9281322    -97.0257775   0.000   0.521   61.388  0.793   3      0.000   0.000   904     464     79.9281322    -97.0257775   -862200.0000001  -673000.0000000  -862200.0000001  -673000.0000000  
104     520     472     1       0       80.3572913    -100.2868481  0.000   0.279   29.339  0.583   3      0.200   0.000   521     472     80.3562469    -100.2778518  -860600.0000000  -596200.0000000  -860600.0000000  -596400.0000000  
105     872     472     0       0       79.9757049    -97.2395007   0.000   0.458   54.837  0.784   3      0.000   0.000   872     472     79.9757049    -97.2395007   -860600.0000000  -666600.0000000  -860600.0000000  -666600.0000000  
106     552     480     1       0       80.3357679    -99.9498261   0.000   0.336   34.842  0.713   3      0.200   0.000   553     480     80.3347147    -99.9408867   -859000.0000000  -602600.0000000  -859000.0000000  -602800.0000000  
107     768     480     0       0       80.1030068    -98.0639927   0.000   0.414   45.741  0.599   3      0.000   0.000   768     480     80.1030068    -98.0639927   -859000.0000000  -645800.0000000  -859000.0000000  -645800.0000000  
108     480     496     1       0       80.4351770    -100.4988652  0.000   0.233   26.220  0.272   1      0.200   0.000   481     496     80.4341381    -100.4897722  -855800.0000000  -588200.0000000  -855800.0000000  -588400.0000000  
109     736     496     0       0       80.1616575    -98.2352242   0.000   0.332   34.810  0.543   3      0.000   0.000   736     496     80.1616575    -98.2352242   -855800.0000000  -639400.0000000  -855800.0000000  -639400.0000000  
110     520     504     1       0       80.4054698    -100.0863844  0.000   0.257   26.637  0.569   3      0.200   0.000   521     504     80.4044201    -100.0773648  -854200.0000000  -596200.0000000  -854200.0000000  -596400.0000000  
111     640     504     1       0       80.2778479    -99.0181191   0.000   0.252   26.980  0.475   3      0.200   0.000   641     504     80.2767705    -99.0093357   -854200.0000000  -620200.0000000  -854200.0000000  -620400.0000000  
112     864     504     0       0       80.0310208    -97.0990209   0.000   0.430   49.309  0.615   3      0.000   0.000   864     504     80.0310208    -97.0990209   -854200.0000000  -665000.0000000  -854200.0000000  -665000.0000000  
113     552     512     1       0       80.3837467    -99.7481225   0.000   0.291   31.898  0.568   3      0.200   0.000   553     512     80.3826882    -99.7391606   -852600.0000000  -602600.0000000  -852600.0000000  -602800.0000000  
114     672     512     0       0       80.2550836    -98.6867751   0.000   0.269   26.763  0.548   3      0.000   0.000   672     512     80.2550836    -98.6867751   -852600.0000000  -626600.0000000  -852600.0000000  -626600.0000000  
115     704     520     0       0       80.2319971    -98.3569938   0.000   0.221   22.708  0.476   3      0.000   0.000   704     520     80.2319971    -98.3569938   -851000.0000000  -633000.0000000  -851000.0000000  -633000.0000000  
116     792     520     0       0       80.1348585    -97.6016414   0.000   0.396   44.730  0.653   3      0.000   0.000   792     520     80.1348585    -97.6016414   -851000.0000000  -650600.0000000  -851000.0000000  -650600.0000000  
117     592     528     1       0       80.3650628    -99.2891391   0.000   0.296   30.535  0.613   3      0.200   0.000   593     528     80.3639923    -99.2802455   -849400.0000000  -610600.0000000  -849400.0000000  -610800.0000000  
118     832     528     0       0       80.1017461    -97.2110432   0.000   0.371   40.075  0.551   3      0.000   0.000   832     528     80.1017461    -97.2110432   -849400.0000000  -658600.0000000  -849400.0000000  -658600.0000000  
119     480     544     1       0       80.5075951    -100.1965450  0.000   0.313   34.139  0.518   3      0.200   0.000   481     544     80.5065482    -100.1874156  -846200.0000000  -588200.0000000  -846200.0000000  -588400.0000000  
120     624     544     0       0       80.3544164    -98.9026370   0.000   0.164   14.525  0.424   3      0.000   0.000   624     544     80.3544164    -98.9026370   -846200.0000000  -617000.0000000  -846200.0000000  -617000.0000000  
121     656     560     1       0       80.3433343    -98.5170086   0.000   0.166   16.239  0.420   3      0.200   0.000   657     560     80.3422439    -98.5082219   -843000.0000000  -623400.0000000  -843000.0000000  -623600.0000000  
122     752     560     0       0       80.2376438    -97.6825389   0.000   0.200   19.600  0.363   2      0.000   0.000   752     560     80.2376438    -97.6825389   -843000.0000000  -642600.0000000  -843000.0000000  -642600.0000000  
123     784     560     0       0       80.2019658    -97.4084227   0.000   0.262   26.972  0.437   3      0.000   0.000   784     560     80.2019658    -97.4084227   -843000.0000000  -649000.0000000  -843000.0000000  -649000.0000000  
124     472     576     1       0       80.5641404    -100.0657145  0.000   0.329   34.905  0.625   3      0.200   0.000   473     576     80.5630899    -100.0565449  -839800.0000000  -586600.0000000  -839800.0000000  -586800.0000000  
125     504     576     1       0       80.5304067    -99.7733008   0.000   0.383   41.149  0.678   3      0.200   0.000   505     576     80.5293486    -99.7641966   -839800.0000000  -593000.0000000  -839800.0000000  -593200.0000000  
126     608     576     1       0       80.4191128    -98.8373673   0.000   0.349   36.639  0.582   3      0.200   0.000   609     576     80.4180305    -98.8284744   -839800.0000000  -613800.0000000  -839800.0000000  -614000.0000000  
127     536     592     1       0       80.5203012    -99.3794837   0.000   0.369   41.331  0.619   3      0.200   0.000   537     592     80.5192329    -99.3704337   -836600.0000000  -599400.0000000  -836600.0000000  -599600.0000000  
128     760     592     0       0       80.2752970    -97.4029550   0.000   0.191   18.763  0.375   2      0.000   0.000   760     592     80.2752970    -97.4029550   -836600.0000000  -644200.0000000  -836600.0000000  -644200.0000000  
129     792     600     0       0       80.2509645    -97.0756447   0.000   0.263   29.615  0.482   3      0.000   0.000   792     600     80.2509645    -97.0756447   -835000.0000000  -650600.0000000  -835000.0000000  -650600.0000000  
130     472     608     1       0       80.6122015    -99.8596767   0.000   0.298   30.689  0.595   3      0.200   0.000   473     608     80.6111456    -99.8504831   -833400.0000000  -586600.0000000  -833400.0000000  -586800.0000000  
131     608     608     1       0       80.4664299    -98.6283140   0.000   0.306   32.736  0.556   3      0.200   0.000   609     608     80.4653422    -98.6194006   -833400.0000000  -613800.0000000  -833400.0000000  -614000.0000000  
132     576     616     1       0       80.5129701    -98.8621987   0.000   0.300   33.032  0.611   3      0.200   0.000   577     616     80.5118883    -98.8532146   -831800.0000000  -607400.0000000  -831800.0000000  -607600.0000000  
133     848     616     0       0       80.2104976    -96.4934022   0.000   0.527   63.590  0.805   3      0.000   0.000   848     616     80.2104976    -96.4934022   -831800.0000000  -661800.0000000  -831800.0000000  -661800.0000000  
134     920     616     -1      0       80.1277749    -95.8911038   0.000   0.370   41.888  0.714   3      -0.200  0.000   919     616     80.1289312    -95.8993995   -831800.0000000  -676200.0000000  -831800.0000000  -676000.0000000  
135     544     632     1       0       80.5712368    -99.0458790   0.000   0.266   27.990  0.500   3      0.200   0.000   545     632     80.5701597    -99.0368180   -828600.0000000  -601000.0000000  -828600.0000000  -601200.0000000  
136     664     632     0       0       80.4403438    -97.9733216   0.000   0.264   28.365  0.557   3      0.000   0.000   664     632     80.4403438    -97.9733216   -828600.0000000  -625000.0000000  -828600.0000000  -625000.0000000  
137     784     632     0       0       80.3062314    -96.9302179   0.000   0.304   33.530  0.629   3      0.000   0.000   784     632     80.3062314    -96.9302179   -828600.0000000  -649000.0000000  -828600.0000000  -649000.0000000  
138     624     640     0       0       80.4961036    -98.2744799   0.000   0.294   29.975  0.545   3      0.000   0.000   624     640     80.4961036    -98.2744799   -827000.0000000  -617000.0000000  -827000.0000000  -617000.0000000  
139     720     656     0       0       80.4130217    -97.3219946   0.000   0.233   23.621  0.473   3      0.000   0.000   720     656     80.4130217    -97.3219946   -823800.0000000  -636200.0000000  -823800.0000000  -636200.0000000  
140     448     664     1       0       80.7215243    -99.7162513   0.000   0.369   42.558  0.693   3      0.200   0.000   449     664     80.7204644    -99.7069654   -822200.0000000  -581800.0000000  -822200.0000000  -582000.0000000  
141     480     664     1       0       80.6874893    -99.4201561   0.000   0.349   38.467  0.579   3      0.200   0.000   481     664     80.6864217    -99.4109382   -822200.0000000  -588200.0000000  -822200.0000000  -588400.0000000  
142     512     664     1       0       80.6532100    -99.1262342   0.000   0.301   32.730  0.538   3      0.200   0.000   513     664     80.6521349    -99.1170841   -822200.0000000  -594600.0000000  -822200.0000000  -594800.0000000  
143     688     664     0       0       80.4604300    -97.5481136   0.000   0.310   32.482  0.558   3      0.000   0.000   688     664     80.4604300    -97.5481136   -822200.0000000  -629800.0000000  -822200.0000000  -629800.0000000  
144     552     672     1       0       80.6218542    -98.7086460   0.000   0.312   32.389  0.603   3      0.200   0.000   553     672     80.6207683    -98.6995749   -820600.0000000  -602600.0000000  -820600.0000000  -602800.0000000  
145     760     672     0       0       80.3911069    -96.8668335   0.000   0.262   26.212  0.601   3      0.000   0.000   760     672     80.3911069    -96.8668335   -820600.0000000  -644200.0000000  -820600.0000000  -644200.0000000  
146     616     688     0       0       80.5753549    -98.0248246   0.000   0.280   29.348  0.551   3      0.000   0.000   616     688     80.5753549    -98.0248246   -817400.0000000  -615400.0000000  -817400.0000000  -615400.0000000  
147     440     696     1       0       80.7779026    -99.5794206   0.000   0.418   46.889  0.757   3      0.200   0.000   441     696     80.7768391    -99.5700934   -815800.0000000  -580200.0000000  -815800.0000000  -580400.0000000  
148     472     696     1       0       80.7437503    -99.2820223   0.000   0.408   45.499  0.710   3      0.200   0.000   473     696     80.7426791    -99.2727642   -815800.0000000  -586600.0000000  -815800.0000000  -586800.0000000  
149     504     696     1       0       80.7093531    -98.9868276   0.000   0.372   41.963  0.637   3      0.200   0.000   505     696     80.7082743    -98.9776381   -815800.0000000  -593000.0000000  -815800.0000000  -593200.0000000  
150     584     696     0       0       80.6223068    -98.2584216   0.000   0.216   22.414  0.424   3      0.000   0.000   584     696     80.6223068    -98.2584216   -815800.0000000  -609000.0000000  -815800.0000000  -609000.0000000  
151     688     696     0       0       80.5069544    -97.3317538   0.000   0.247   24.993  0.557   3      0.000   0.000   688     696     80.5069544    -97.3317538   -815800.0000000  -629800.0000000  -815800.0000000  -629800.0000000  
152     720     696     0       0       80.4709757    -97.0511841   0.000   0.291   30.729  0.610   3      0.000   0.000   720     696     80.4709757    -97.0511841   -815800.0000000  -636200.0000000  -815800.0000000  -636200.0000000  
153     656     720     0       0       80.5776471    -97.4512158   0.000   0.257   24.908  0.511   3      0.000   0.000   656     720     80.5776471    -97.4512158   -811000.0000000  -623400.0000000  -811000.0000000  -623400.0000000  
154     496     728     1       0       80.7654451    -98.8457194   0.000   0.437   50.031  0.717   3      0.200   0.000   497     728     80.7643625    -98.8364905   -809400.0000000  -591400.0000000  -809400.0000000  -591600.0000000  
155     784     728     0       0       80.4442037    -96.2763669   0.000   0.384   42.450  0.746   3      0.000   0.000   784     728     80.4442037    -96.2763669   -809400.0000000  -649000.0000000  -809400.0000000  -649000.0000000  
156     600     736     1       0       80.6633055    -97.8429362   0.000   0.227   23.653  0.485   3      0.200   0.000   601     736     80.6621973    -97.8339268   -807800.0000000  -612200.0000000  -807800.0000000  -612400.0000000  
157     696     736     0       0       80.5558930    -96.9877812   0.000   0.208   21.294  0.419   3      0.000   0.000   696     736     80.5558930    -96.9877812   -807800.0000000  -631400.0000000  -807800.0000000  -631400.0000000  
158     560     744     0       0       80.7191931    -98.1505757   0.000   0.249   25.553  0.483   3      0.000   0.000   560     744     80.7191931    -98.1505757   -806200.0000000  -604200.0000000  -806200.0000000  -604200.0000000  
159     432     760     1       0       80.8819377    -99.2254418   0.000   0.457   53.659  0.754   3      0.200   0.000   433     760     80.8808648    -99.2160494   -803000.0000000  -578600.0000000  -803000.0000000  -578800.0000000  
160     472     760     1       0       80.8388338    -98.8514762   0.000   0.445   50.176  0.697   3      0.200   0.000   473     760     80.8377512    -98.8421724   -803000.0000000  -586600.0000000  -803000.0000000  -586800.0000000  
161     504     760     1       0       80.8040749    -98.5548479   0.000   0.395   43.865  0.691   3      0.200   0.000   505     760     80.8029848    -98.5456146   -803000.0000000  -593000.0000000  -803000.0000000  -593200.0000000  
162     752     760     -1      0       80.5267022    -96.3314913   0.000   0.331   32.018  0.646   3      -0.200  0.000   751     760     80.5278481    -96.3401917   -803000.0000000  -642600.0000000  -803000.0000000  -642400.0000000  
163     592     768     1       0       80.7189279    -97.6956209   0.000   0.148   18.613  0.464   3      0.200   0.000   593     768     80.7178159    -97.6865750   -801400.0000000  -610600.0000000  -801400.0000000  -610800.0000000  
164     656     768     1       0       80.6473021    -97.1210569   0.000   0.283   30.190  0.463   3      0.200   0.000   657     768     80.6461756    -97.1121496   -801400.0000000  -623400.0000000  -801400.0000000  -623600.0000000  
165     688     768     1       0       80.6111447    -96.8370904   0.000   0.298   32.138  0.557   3      0.200   0.000   689     768     80.6100111    -96.8282518   -801400.0000000  -629800.0000000  -801400.0000000  -630000.0000000  
166     424     792     1       0       80.9381365    -99.0831187   0.000   0.482   55.196  0.760   3      0.200   0.000   425     792     80.9370599    -99.0736848   -796600.0000000  -577000.0000000  -796600.0000000  -577200.0000000  
167     504     792     1       0       80.8512421    -98.3354958   0.000   0.374   40.807  0.628   3      0.200   0.000   505     792     80.8501463    -98.3262410   -796600.0000000  -593000.0000000  -796600.0000000  -593200.0000000  
168     536     792     0       0       80.8160586    -98.0404449   0.000   0.226   23.429  0.522   3      0.000   0.000   536     792     80.8160586    -98.0404449   -796600.0000000  -599400.0000000  -796600.0000000  -599400.0000000  
169     456     800     1       0       80.9154032    -98.7274202   0.000   0.485   57.205  0.784   3      0.200   0.000   457     800     80.9143173    -98.7180525   -795000.0000000  -583400.0000000  -795000.0000000  -583600.0000000  
170     680     800     0       0       80.6663351    -96.6846087   0.000   0.187   22.490  0.461   3      0.000   0.000   680     800     80.6663351    -96.6846087   -795000.0000000  -628200.0000000  -795000.0000000  -628200.0000000  
171     728     800     0       0       80.6114873    -96.2611777   0.000   0.264   28.303  0.518   3      0.000   0.000   728     800     80.6114873    -96.2611777   -795000.0000000  -637800.0000000  -795000.0000000  -637800.0000000  
172     648     808     1       0       80.7141742    -96.9136453   0.000   0.245   25.357  0.478   3      0.200   0.000   649     808     80.7130424    -96.9046989   -793400.0000000  -621800.0000000  -793400.0000000  -622000.0000000  
173     408     824     1       0       81.0029183    -99.0148999   0.000   0.377   41.631  0.726   3      0.200   0.000   409     824     81.0018397    -99.0054060   -790200.0000000  -573800.0000000  -790200.0000000  -574000.0000000  
174     600     824     1       0       80.7914610    -97.2336033   0.000   0.237   26.288  0.486   3      0.200   0.000   601     824     80.7903371    -97.2245422   -790200.0000000  -612200.0000000  -790200.0000000  -612400.0000000  
175     376     832     1       0       81.0492248    -99.2648743   0.000   0.389   43.758  0.492   3      0.200   0.000   377     832     81.0481527    -99.2553010   -788600.0000000  -567400.0000000  -788600.0000000  -567600.0000000  
176     504     832     1       0       80.9100153    -98.0580965   0.000   0.335   35.479  0.557   3      0.200   0.000   505     832     80.9089123    -98.0488153   -788600.0000000  -593000.0000000  -788600.0000000  -593200.0000000  
177     536     832     1       0       80.8746015    -97.7622187   0.000   0.287   30.119  0.526   3      0.200   0.000   537     832     80.8734909    -97.7530097   -788600.0000000  -599400.0000000  -788600.0000000  -599600.0000000  
178     672     840     0       0       80.7329501    -96.4736154   0.000   0.232   24.905  0.462   3      0.000   0.000   672     840     80.7329501    -96.4736154   -787000.0000000  -626600.0000000  -787000.0000000  -626600.0000000  
179     616     864     1       0       80.8312465    -96.8059131   0.000   0.373   41.346  0.600   3      0.200   0.000   617     864     80.8301118    -96.7968654   -782200.0000000  -615400.0000000  -782200.0000000  -615600.0000000  
180     488     872     1       0       80.9863108    -97.9263037   0.000   0.409   47.201  0.662   3      0.200   0.000   489     872     80.9852043    -97.9169599   -780600.0000000  -589800.0000000  -780600.0000000  -590000.0000000  
181     528     880     1       0       80.9535177    -97.4975800   0.000   0.355   38.310  0.605   3      0.200   0.000   529     880     80.9524003    -97.4883231   -779000.0000000  -597800.0000000  -779000.0000000  -598000.0000000  
182     680     888     0       0       80.7924655    -96.0590778   0.000   0.277   29.155  0.484   3      0.000   0.000   680     888     80.7924655    -96.0590778   -777400.0000000  -628200.0000000  -777400.0000000  -628200.0000000  
183     368     896     1       0       81.1529785    -98.8962920   0.000   0.330   35.085  0.639   3      0.200   0.000   369     896     81.1518967    -98.8866510   -775800.0000000  -565800.0000000  -775800.0000000  -566000.0000000  
184     408     896     1       0       81.1095134    -98.5124961   0.000   0.413   47.396  0.671   3      0.200   0.000   409     896     81.1084217    -98.5029495   -775800.0000000  -573800.0000000  -775800.0000000  -574000.0000000  
185     712     896     0       0       80.7668157    -95.7170285   0.000   0.282   29.576  0.473   3      0.000   0.000   712     896     80.7668157    -95.7170285   -775800.0000000  -634600.0000000  -775800.0000000  -634600.0000000  
186     456     904     1       0       81.0685712    -98.0000730   0.000   0.440   51.239  0.776   3      0.200   0.000   457     904     81.0674664    -97.9906336   -774200.0000000  -583400.0000000  -774200.0000000  -583600.0000000  
187     640     904     1       0       80.8613499    -96.3023061   0.000   0.333   36.307  0.643   3      0.200   0.000   641     904     80.8602025    -96.2932916   -774200.0000000  -620200.0000000  -774200.0000000  -620400.0000000  
188     504     912     1       0       81.0269261    -97.4923846   0.000   0.311   33.260  0.587   3      0.200   0.000   505     912     81.0258085    -97.4830523   -772600.0000000  -593000.0000000  -772600.0000000  -593200.0000000  
189     352     928     1       0       81.2177429    -98.8250144   0.000   0.270   28.173  0.462   3      0.200   0.000   353     928     81.2166591    -98.8153109   -769400.0000000  -562600.0000000  -769400.0000000  -562800.0000000  
190     384     928     1       0       81.1829396    -98.5156928   0.000   0.369   39.771  0.693   3      0.200   0.000   385     928     81.1818479    -98.5060661   -769400.0000000  -569000.0000000  -769400.0000000  -569200.0000000  
191     624     936     0       0       80.9255269    -96.2148262   0.000   0.251   26.446  0.465   3      0.000   0.000   624     936     80.9255269    -96.2148262   -767800.0000000  -617000.0000000  -767800.0000000  -617000.0000000  
192     672     936     0       0       80.8700913    -95.7821864   0.000   0.327   35.279  0.593   3      0.000   0.000   672     936     80.8700913    -95.7821864   -767800.0000000  -626600.0000000  -767800.0000000  -626600.0000000  
193     440     944     1       0       81.1448610    -97.8654090   0.000   0.446   52.560  0.732   3      0.200   0.000   441     944     81.1437527    -97.8559049   -766200.0000000  -580200.0000000  -766200.0000000  -580400.0000000  
194     520     952     1       0       81.0670262    -97.0545291   0.000   0.419   47.457  0.727   3      0.200   0.000   521     952     81.0658975    -97.0452100   -764600.0000000  -596200.0000000  -764600.0000000  -596400.0000000  
195     552     952     1       0       81.0307895    -96.7574893   0.000   0.417   45.407  0.605   3      0.200   0.000   553     952     81.0296532    -96.7482456   -764600.0000000  -602600.0000000  -764600.0000000  -602800.0000000  
196     328     960     2       0       81.2911756    -98.8308961   0.000   0.185   19.502  0.277   1      0.400   0.000   330     960     81.2890079    -98.8113259   -763000.0000000  -557800.0000000  -763000.0000000  -558200.0000000  
197     384     960     1       0       81.2301034    -98.2866149   0.000   0.410   45.281  0.692   3      0.200   0.000   385     960     81.2290058    -98.2769649   -763000.0000000  -569000.0000000  -763000.0000000  -569200.0000000  
198     480     976     1       0       81.1468629    -97.2547156   0.000   0.381   40.819  0.628   3      0.200   0.000   481     976     81.1457391    -97.2452866   -759800.0000000  -588200.0000000  -759800.0000000  -588400.0000000  
199     648     976     0       0       80.9548007    -95.7040235   0.000   0.293   30.837  0.526   3      0.000   0.000   648     976     80.9548007    -95.7040235   -759800.0000000  -621800.0000000  -759800.0000000  -621800.0000000  
200     520     984     1       0       81.1132731    -96.8207533   0.000   0.314   34.030  0.532   3      0.200   0.000   521     984     81.1121384    -96.8114154   -758200.0000000  -596200.0000000  -758200.0000000  -596400.0000000  
201     552     984     1       0       81.0768456    -96.5231267   0.000   0.354   38.374  0.676   3      0.200   0.000   553     984     81.0757034    -96.5138652   -758200.0000000  -602600.0000000  -758200.0000000  -602800.0000000  
202     624     1016    0       0       81.0395025    -95.6243768   0.000   0.278   28.481  0.495   3      0.000   0.000   624     1016    81.0395025    -95.6243768   -751800.0000000  -617000.0000000  -751800.0000000  -617000.0000000  
203     376     1024    2       0       81.3328825    -97.8986301   0.000   0.464   52.887  0.723   3      0.400   0.000   378     1024    81.3306668    -97.8792020   -750200.0000000  -567400.0000000  -750200.0000000  -567800.0000000  
204     424     1024    2       0       81.2794348    -97.4350991   0.000   0.512   61.260  0.795   3      0.400   0.000   426     1024    81.2771957    -97.4159093   -750200.0000000  -577000.0000000  -750200.0000000  -577400.0000000  
205     456     1024    2       0       81.2434924    -97.1292465   0.000   0.503   58.047  0.792   3      0.400   0.000   458     1024    81.2412378    -97.1102145   -750200.0000000  -583400.0000000  -750200.0000000  -583800.0000000  
206     528     1032    1       0       81.1732119    -96.3906298   0.000   0.346   37.018  0.676   3      0.200   0.000   529     1032    81.1720663    -96.3812841   -748600.0000000  -597800.0000000  -748600.0000000  -598000.0000000  
207     584     1040    1       0       81.1200874    -95.8109799   0.000   0.367   39.166  0.684   3      0.200   0.000   585     1040    81.1189274    -95.8017658   -747000.0000000  -609000.0000000  -747000.0000000  -609200.0000000  
208     320     1056    2       0       81.4416512    -98.2115339   0.000   0.302   34.046  0.537   3      0.400   0.000   322     1056    81.4394512    -98.1917770   -743800.0000000  -556200.0000000  -743800.0000000  -556600.0000000  
209     352     1056    2       0       81.4063308    -97.8966445   0.000   0.322   34.888  0.552   3      0.400   0.000   354     1056    81.4041148    -97.8770503   -743800.0000000  -562600.0000000  -743800.0000000  -563000.0000000  
210     384     1056    2       0       81.3707555    -97.5843515   0.000   0.363   41.308  0.664   3      0.400   0.000   386     1056    81.3685237    -97.5649191   -743800.0000000  -569000.0000000  -743800.0000000  -569400.0000000  
211     456     1056    2       0       81.2897957    -96.8911139   0.000   0.402   45.916  0.705   3      0.400   0.000   458     1056    81.2875289    -96.8720424   -743800.0000000  -583400.0000000  -743800.0000000  -583800.0000000  
212     632     1056    0       0       81.0867519    -95.2505432   0.000   0.355   39.740  0.652   3      0.000   0.000   632     1056    81.0867519    -95.2505432   -743800.0000000  -618600.0000000  -743800.0000000  -618600.0000000  
213     576     1072    1       0       81.1748585    -95.6432517   0.000   0.444   51.102  0.737   3      0.200   0.000   577     1072    81.1736943    -95.6340024   -740600.0000000  -607400.0000000  -740600.0000000  -607600.0000000  
214     560     1104    1       0       81.2388974    -95.5477877   0.000   0.371   41.211  0.687   3      0.200   0.000   561     1104    81.2377306    -95.5384833   -734200.0000000  -604200.0000000  -734200.0000000  -604400.0000000  
215     432     1112    1       0       81.3978510    -96.6986811   0.000   0.305   31.219  0.546   3      0.200   0.000   433     1112    81.3967128    -96.6890494   -732600.0000000  -578600.0000000  -732600.0000000  -578800.0000000  
216     464     1112    1       0       81.3613083    -96.3917322   0.000   0.319   34.264  0.609   3      0.200   0.000   465     1112    81.3601624    -96.3821820   -732600.0000000  -585000.0000000  -732600.0000000  -585200.0000000  
217     648     1112    0       0       81.1465634    -94.6768066   0.000   0.302   32.450  0.634   3      0.000   0.000   648     1112    81.1465634    -94.6768066   -732600.0000000  -621800.0000000  -732600.0000000  -621800.0000000  
218     320     1120    1       0       81.5354862    -97.7333823   0.000   0.292   30.277  0.550   3      0.200   0.000   321     1120    81.5343740    -97.7234553   -731000.0000000  -556200.0000000  -731000.0000000  -556400.0000000  
219     352     1128    2       0       81.5114088    -97.3563192   0.000   0.300   33.420  0.582   3      0.400   0.000   354     1128    81.5091650    -97.3366241   -729400.0000000  -562600.0000000  -729400.0000000  -563000.0000000  
220     264     1144    2       0       81.6326665    -98.1124333   0.000   0.190   20.479  0.373   2      0.400   0.000   266     1144    81.6304609    -98.0922500   -726200.0000000  -545000.0000000  -726200.0000000  -545400.0000000  
221     392     1144    2       0       81.4894683    -96.8420765   0.000   0.311   33.239  0.631   3      0.400   0.000   394     1144    81.4871985    -96.8225692   -726200.0000000  -570600.0000000  -726200.0000000  -571000.0000000  
222     640     1144    0       0       81.2008128    -94.5015235   0.000   0.414   46.617  0.760   3      0.000   0.000   640     1144    81.2008128    -94.5015235   -726200.0000000  -620200.0000000  -726200.0000000  -620200.0000000  
223     296     1152    2       0       81.6089519    -97.7298967   0.000   0.319   33.245  0.517   3      0.400   0.000   298     1152    81.6067268    -97.7098721   -724600.0000000  -551400.0000000  -724600.0000000  -551800.0000000  
224     432     1152    1       0       81.4553733    -96.3923016   0.000   0.414   45.881  0.702   3      0.200   0.000   433     1152    81.4542273    -96.3826459   -724600.0000000  -578600.0000000  -724600.0000000  -578800.0000000  
225     584     1152    0       0       81.2784789    -94.9541672   0.000   0.410   45.951  0.658   3      0.000   0.000   584     1152    81.2784789    -94.9541672   -724600.0000000  -609000.0000000  -724600.0000000  -609000.0000000  
226     1128    1160    2       0       80.6153037    -90.2067856   0.000   0.186   19.341  0.445   3      0.400   0.000   1130    1160    80.6127185    -90.1908262   -723000.0000000  -717800.0000000  -723000.0000000  -718200.0000000  
227     1160    1168    0       0       80.5842169    -89.8890233   0.000   0.333   35.230  0.592   3      0.000   0.000   1160    1168    80.5842169    -89.8890233   -721400.0000000  -724200.0000000  -721400.0000000  -724200.0000000  
228     504     1176    1       0       81.4063119    -95.5169394   0.000   0.418   47.578  0.717   3      0.200   0.000   505     1176    81.4051442    -95.5074573   -719800.0000000  -593000.0000000  -719800.0000000  -593200.0000000  
229     712     1176    0       0       81.1585536    -93.5995101   0.000   0.517   63.577  0.874   3      0.000   0.000   712     1176    81.1585536    -93.5995101   -719800.0000000  -634600.0000000  -719800.0000000  -634600.0000000  
230     408     1184    2       0       81.5287994    -96.3771806   0.000   0.326   37.203  0.679   3      0.400   0.000   410     1184    81.5265062    -96.3577080   -718200.0000000  -573800.0000000  -718200.0000000  -574200.0000000  
231     472     1184    1       0       81.4549392    -95.7592830   0.000   0.452   53.400  0.790   3      0.200   0.000   473     1184    81.4537774    -95.7497136   -718200.0000000  -586600.0000000  -718200.0000000  -586800.0000000  
232     584     1184    0       0       81.3233742    -94.7036147   0.000   0.293   31.232  0.543   3      0.000   0.000   584     1184    81.3233742    -94.7036147   -718200.0000000  -609000.0000000  -718200.0000000  -609000.0000000  
233     1096    1184    1       0       80.6879016    -90.2725296   0.000   0.203   18.250  0.336   2      0.200   0.000   1097    1184    80.6866105    -90.2644772   -718200.0000000  -711400.0000000  -718200.0000000  -711600.0000000  
234     1168    1200    0       0       80.6151020    -89.5705283   0.000   0.331   35.336  0.643   3      0.000   0.000   1168    1200    80.6151020    -89.5705283   -715000.0000000  -725800.0000000  -715000.0000000  -725800.0000000  
235     312     1208    2       0       81.6725696    -97.1383632   0.000   0.383   42.310  0.692   3      0.400   0.000   314     1208    81.6703142    -97.1183447   -713400.0000000  -554600.0000000  -713400.0000000  -555000.0000000  
236     504     1208    1       0       81.4515844    -95.2655998   0.000   0.382   43.129  0.749   3      0.200   0.000   505     1208    81.4504104    -95.2561019   -713400.0000000  -593000.0000000  -713400.0000000  -593200.0000000  
237     472     1216    1       0       81.5003725    -95.5077956   0.000   0.406   46.380  0.679   3      0.200   0.000   473     1216    81.4992044    -95.4982095   -711800.0000000  -586600.0000000  -711800.0000000  -586800.0000000  
238     1096    1216    0       0       80.7295191    -90.0161034   0.000   0.293   31.814  0.611   3      0.000   0.000   1096    1216    80.7295191    -90.0161034   -711800.0000000  -711400.0000000  -711800.0000000  -711400.0000000  
239     272     1224    2       0       81.7407758    -97.4165954   0.000   0.301   31.497  0.550   3      0.400   0.000   274     1224    81.7385344    -97.3963351   -710200.0000000  -546600.0000000  -710200.0000000  -547000.0000000  
240     1128    1224    0       0       80.6982533    -89.6950674   0.000   0.369   39.371  0.617   3      0.000   0.000   1128    1224    80.6982533    -89.6950674   -710200.0000000  -717800.0000000  -710200.0000000  -717800.0000000  
241     368     1232    2       0       81.6435365    -96.3934791   0.000   0.398   44.896  0.698   3      0.400   0.000   370     1232    81.6412437    -96.3737338   -708600.0000000  -565800.0000000  -708600.0000000  -566200.0000000  
242     1168    1232    0       0       80.6562045    -89.3129949   0.000   0.418   46.351  0.748   3      0.000   0.000   1168    1232    80.6562045    -89.3129949   -708600.0000000  -725800.0000000  -708600.0000000  -725800.0000000  
243     232     1240    2       0       81.8087903    -97.6994702   0.000   0.227   24.052  0.318   2      0.400   0.000   234     1240    81.8065631    -97.6789638   -707000.0000000  -538600.0000000  -707000.0000000  -539000.0000000  
244     408     1240    1       0       81.6089100    -95.9372745   0.000   0.344   38.374  0.711   3      0.200   0.000   409     1240    81.6077524    -95.9275042   -707000.0000000  -573800.0000000  -707000.0000000  -574000.0000000  
245     552     1240    1       0       81.4397785    -94.5579231   0.000   0.376   41.499  0.674   3      0.200   0.000   553     1240    81.4385872    -94.5485364   -707000.0000000  -602600.0000000  -707000.0000000  -602800.0000000  
246     312     1248    2       0       81.7304576    -96.8248418   0.000   0.289   30.089  0.470   3      0.400   0.000   314     1248    81.7281863    -96.8047689   -705400.0000000  -554600.0000000  -705400.0000000  -555000.0000000  
247     440     1248    1       0       81.5831008    -95.5622914   0.000   0.411   47.528  0.711   3      0.200   0.000   441     1248    81.5819339    -95.5526032   -705400.0000000  -580200.0000000  -705400.0000000  -580400.0000000  
248     504     1264    1       0       81.5304171    -94.8192843   0.000   0.421   47.989  0.699   3      0.200   0.000   505     1264    81.5292320    -94.8097600   -702200.0000000  -593000.0000000  -702200.0000000  -593200.0000000  
249     232     1272    2       0       81.8554797    -97.4480111   0.000   0.247   25.089  0.406   3      0.400   0.000   234     1272    81.8532396    -97.4274559   -700600.0000000  -538600.0000000  -700600.0000000  -539000.0000000  
250     304     1280    2       0       81.7857179    -96.6514151   0.000   0.380   42.154  0.554   3      0.400   0.000   306     1280    81.7834377    -96.6312549   -699000.0000000  -553000.0000000  -699000.0000000  -553400.0000000  
251     336     1280    2       0       81.7491140    -96.3301970   0.000   0.350   38.395  0.544   3      0.400   0.000   338     1280    81.7468178    -96.3102159   -699000.0000000  -559400.0000000  -699000.0000000  -559800.0000000  
252     464     1280    1       0       81.6001873    -95.0737047   0.000   0.464   52.441  0.737   3      0.200   0.000   465     1280    81.5990083    -95.0640651   -699000.0000000  -585000.0000000  -699000.0000000  -585200.0000000  
253     536     1280    1       0       81.5147079    -94.3865570   0.000   0.448   49.956  0.747   3      0.200   0.000   537     1280    81.5135123    -94.3771113   -699000.0000000  -599400.0000000  -699000.0000000  -599600.0000000  
254     584     1280    1       0       81.4570624    -93.9361661   0.000   0.467   54.173  0.741   3      0.200   0.000   585     1280    81.4558560    -93.9268479   -699000.0000000  -609000.0000000  -699000.0000000  -609200.0000000  
255     864     1280    1       0       81.1108740    -91.4278982   0.000   0.180   14.813  0.315   2      0.200   0.000   865     1280    81.1096087    -91.4192943   -699000.0000000  -665000.0000000  -699000.0000000  -665200.0000000  
256     1080    1280    0       0       80.8331169    -89.6254167   0.000   0.346   35.998  0.684   3      0.000   0.000   1080    1280    80.8331169    -89.6254167   -699000.0000000  -708200.0000000  -699000.0000000  -708200.0000000  
257     1152    1280    2       0       80.7386274    -89.0489194   0.000   0.173   15.467  0.453   3      0.400   0.000   1154    1280    80.7359897    -89.0330744   -699000.0000000  -722600.0000000  -699000.0000000  -723000.0000000  
258     424     1288    1       0       81.6584786    -95.3970470   0.000   0.422   48.583  0.744   3      0.200   0.000   425     1288    81.6573075    -95.3872941   -697400.0000000  -577000.0000000  -697400.0000000  -577200.0000000  
259     264     1296    2       0       81.8542723    -96.9294296   0.000   0.304   31.533  0.471   3      0.400   0.000   266     1296    81.8520059    -96.9090214   -695800.0000000  -545000.0000000  -695800.0000000  -545400.0000000  
260     392     1296    1       0       81.7071945    -95.6460810   0.000   0.389   43.226  0.636   3      0.200   0.000   393     1296    81.7060295    -95.6362354   -695800.0000000  -570600.0000000  -695800.0000000  -570800.0000000  
261     504     1296    1       0       81.5752345    -94.5604921   0.000   0.459   53.379  0.758   3      0.200   0.000   505     1296    81.5740430    -94.5509536   -695800.0000000  -593000.0000000  -695800.0000000  -593200.0000000  
262     624     1304    1       0       81.4416227    -93.3695345   0.000   0.490   57.281  0.764   3      0.200   0.000   625     1304    81.4404026    -93.3603138   -694200.0000000  -617000.0000000  -694200.0000000  -617200.0000000  
263     320     1312    2       0       81.8133690    -96.2334133   0.000   0.325   35.703  0.610   3      0.400   0.000   322     1312    81.8110678    -96.2133022   -692600.0000000  -556200.0000000  -692600.0000000  -556600.0000000  
264     544     1312    1       0       81.5496129    -94.0503617   0.000   0.506   59.837  0.777   3      0.200   0.000   545     1312    81.5484090    -94.0409248   -692600.0000000  -601000.0000000  -692600.0000000  -601200.0000000  
265     656     1312    1       0       81.4133970    -93.0100453   0.000   0.244   24.227  0.546   3      0.200   0.000   657     1312    81.4121683    -93.0009065   -692600.0000000  -623400.0000000  -692600.0000000  -623600.0000000  
266     704     1312    0       0       81.3541820    -92.5743288   0.000   0.454   51.888  0.637   3      0.000   0.000   704     1312    81.3541820    -92.5743288   -692600.0000000  -633000.0000000  -692600.0000000  -633000.0000000  
267     352     1320    2       0       81.7878322    -95.8481274   0.000   0.302   33.023  0.605   3      0.400   0.000   354     1320    81.7855118    -95.8281877   -691000.0000000  -562600.0000000  -691000.0000000  -563000.0000000  
268     264     1328    2       0       81.9004779    -96.6721309   0.000   0.344   36.377  0.602   3      0.400   0.000   266     1328    81.8981984    -96.6516784   -689400.0000000  -545000.0000000  -689400.0000000  -545400.0000000  
269     416     1328    1       0       81.7243836    -95.1503138   0.000   0.382   41.592  0.635   3      0.200   0.000   417     1328    81.7232063    -95.1405181   -689400.0000000  -575400.0000000  -689400.0000000  -575600.0000000  
270     488     1328    1       0       81.6390164    -94.4521337   0.000   0.482   56.677  0.734   3      0.200   0.000   489     1328    81.6378222    -94.4425377   -689400.0000000  -589800.0000000  -689400.0000000  -590000.0000000  
271     904     1328    0       0       81.1233670    -90.6896693   0.000   0.420   47.084  0.709   3      0.000   0.000   904     1328    81.1233670    -90.6896693   -689400.0000000  -673000.0000000  -689400.0000000  -673000.0000000  
272     576     1336    1       0       81.5440676    -93.5520980   0.000   0.458   53.171  0.745   3      0.200   0.000   577     1336    81.5428517    -93.5427389   -687800.0000000  -607400.0000000  -687800.0000000  -607600.0000000  
273     784     1336    0       0       81.2865146    -91.6625167   0.000   0.289   31.922  0.458   3      0.000   0.000   784     1336    81.2865146    -91.6625167   -687800.0000000  -649000.0000000  -687800.0000000  -649000.0000000  
274     624     1344    1       0       81.4963880    -93.0395548   0.000   0.378   41.740  0.641   3      0.200   0.000   625     1344    81.4951600    -93.0303221   -686200.0000000  -617000.0000000  -686200.0000000  -617200.0000000  
275     672     1344    1       0       81.4371980    -92.5993946   0.000   0.296   30.334  0.609   3      0.200   0.000   673     1344    81.4359596    -92.5902897   -686200.0000000  -626600.0000000  -686200.0000000  -626800.0000000  
276     368     1352    1       0       81.8146432    -95.4273574   0.000   0.216   22.648  0.522   3      0.200   0.000   369     1352    81.8134727    -95.4174135   -684600.0000000  -565800.0000000  -684600.0000000  -566000.0000000  
277     200     1360    2       0       82.0193433    -97.0739444   0.000   0.299   31.213  0.353   2      0.400   0.000   202     1360    82.0170838    -97.0530718   -683000.0000000  -532200.0000000  -683000.0000000  -532600.0000000  
278     264     1360    2       0       81.9465214    -96.4118754   0.000   0.399   43.439  0.660   3      0.400   0.000   266     1360    81.9442287    -96.3913798   -683000.0000000  -545000.0000000  -683000.0000000  -545400.0000000  
279     488     1360    1       0       81.6835934    -94.1879740   0.000   0.433   48.548  0.737   3      0.200   0.000   489     1360    81.6823927    -94.1783645   -683000.0000000  -589800.0000000  -683000.0000000  -590000.0000000  
280     816     1360    0       0       81.2779358    -91.1813654   0.000   0.478   54.160  0.760   3      0.000   0.000   816     1360    81.2779358    -91.1813654   -683000.0000000  -655400.0000000  -683000.0000000  -655400.0000000  
281     568     1368    1       0       81.5978017    -93.3612420   0.000   0.431   49.365  0.769   3      0.200   0.000   569     1368    81.5965812    -93.3518505   -681400.0000000  -605800.0000000  -681400.0000000  -606000.0000000  
282     784     1368    0       0       81.3291541    -91.3950815   0.000   0.437   49.977  0.765   3      0.000   0.000   784     1368    81.3291541    -91.3950815   -681400.0000000  -649000.0000000  -681400.0000000  -649000.0000000  
283     232     1376    2       0       82.0061313    -96.6105015   0.000   0.374   40.219  0.626   3      0.400   0.000   234     1376    82.0038484    -96.5897955   -679800.0000000  -538600.0000000  -679800.0000000  -539000.0000000  
284     648     1376    0       0       81.5103116    -92.5514431   0.000   0.177   17.803  0.558   3      0.000   0.000   648     1376    81.5103116    -92.5514431   -679800.0000000  -621800.0000000  -679800.0000000  -621800.0000000  
285     360     1384    2       0       81.8692836    -95.2426591   0.000   0.297   32.174  0.636   3      0.400   0.000   362     1384    81.8669330    -95.2226936   -678200.0000000  -564200.0000000  -678200.0000000  -564600.0000000  
286     192     1392    2       0       82.0747292    -96.8959186   0.000   0.280   28.974  0.457   3      0.400   0.000   194     1392    82.0724605    -96.8749507   -676600.0000000  -530600.0000000  -676600.0000000  -531000.0000000  
287     264     1392    2       0       81.9923998    -96.1486229   0.000   0.333   34.844  0.500   3      0.400   0.000   266     1392    81.9900938    -96.1280853   -676600.0000000  -545000.0000000  -676600.0000000  -545400.0000000  
288     416     1392    2       0       81.8143023    -94.6212094   0.000   0.232   25.246  0.599   3      0.400   0.000   418     1392    81.8119214    -94.6015586   -676600.0000000  -575400.0000000  -676600.0000000  -575800.0000000  
289     496     1392    1       0       81.7183304    -93.8440645   0.000   0.414   45.536  0.646   3      0.200   0.000   497     1392    81.7171213    -93.8344648   -676600.0000000  -591400.0000000  -676600.0000000  -591600.0000000  
290     872     1392    0       0       81.2483837    -90.4265539   0.000   0.319   35.018  0.612   3      0.000   0.000   872     1392    81.2483837    -90.4265539   -676600.0000000  -666600.0000000  -676600.0000000  -666600.0000000  
291     536     1400    1       0       81.6807831    -93.3949235   0.000   0.344   37.647  0.669   3      0.200   0.000   537     1400    81.6795633    -93.3854331   -675000.0000000  -599400.0000000  -675000.0000000  -599600.0000000  
292     704     1400    -1      0       81.4727655    -91.8391408   0.000   0.455   46.939  0.767   3      -0.200  0.000   703     1400    81.4740216    -91.8481750   -675000.0000000  -633000.0000000  -675000.0000000  -632800.0000000  
293     224     1408    2       0       82.0613146    -96.4295378   0.000   0.333   35.512  0.567   3      0.400   0.000   226     1408    82.0590225    -96.4087398   -673400.0000000  -537000.0000000  -673400.0000000  -537400.0000000  
294     592     1408    1       0       81.6230199    -92.8000856   0.000   0.472   53.781  0.732   3      0.200   0.000   593     1408    81.6217860    -92.7907483   -673400.0000000  -610600.0000000  -673400.0000000  -610800.0000000  
295     312     1416    1       0       81.9708347    -95.4588510   0.000   0.287   30.739  0.587   3      0.200   0.000   313     1416    81.9696647    -95.4487084   -671800.0000000  -554600.0000000  -671800.0000000  -554800.0000000  
296     360     1416    1       0       81.9143965    -94.9753416   0.000   0.212   21.841  0.434   3      0.200   0.000   361     1416    81.9132147    -94.9653407   -671800.0000000  -564200.0000000  -671800.0000000  -564400.0000000  
297     416     1424    1       0       81.8590000    -94.3522710   0.000   0.283   29.372  0.526   3      0.200   0.000   417     1424    81.8578031    -94.3424296   -670200.0000000  -575400.0000000  -670200.0000000  -575600.0000000  
298     456     1424    1       0       81.8109371    -93.9608717   0.000   0.387   43.541  0.639   3      0.200   0.000   457     1424    81.8097307    -93.9511458   -670200.0000000  -583400.0000000  -670200.0000000  -583600.0000000  
299     264     1432    2       0       82.0495113    -95.8152804   0.000   0.306   32.693  0.566   3      0.400   0.000   266     1432    82.0471885    -95.7946922   -668600.0000000  -545000.0000000  -668600.0000000  -545400.0000000  
300     672     1432    -2      0       81.5558353    -91.8573037   0.000   0.236   23.569  0.569   3      -0.400  0.000   670     1432    81.5583467    -91.8755586   -668600.0000000  -626600.0000000  -668600.0000000  -626200.0000000  
301     528     1440    1       0       81.7453984    -93.1316563   0.000   0.469   53.202  0.696   3      0.200   0.000   529     1440    81.7441721    -93.1221305   -667000.0000000  -597800.0000000  -667000.0000000  -598000.0000000  
302     736     1440    -1      0       81.4856385    -91.2102942   0.000   0.330   35.719  0.547   3      -0.200  0.000   735     1440    81.4869093    -91.2192484   -667000.0000000  -639400.0000000  -667000.0000000  -639200.0000000  
303     224     1448    2       0       82.1186565    -96.0953126   0.000   0.323   35.202  0.623   3      0.400   0.000   226     1448    82.1163475    -96.0744608   -665400.0000000  -537000.0000000  -665400.0000000  -537400.0000000  
304     496     1448    1       0       81.7955089    -93.3696676   0.000   0.468   53.397  0.720   3      0.200   0.000   497     1448    81.7942883    -93.3600478   -665400.0000000  -591400.0000000  -665400.0000000  -591600.0000000  
305     584     1448    1       0       81.6872322    -92.5340354   0.000   0.375   42.533  0.725   3      0.200   0.000   585     1448    81.6859919    -92.5246654   -665400.0000000  -609000.0000000  -665400.0000000  -609200.0000000  
306     392     1456    1       0       81.9323351    -94.3177691   0.000   0.275   28.720  0.499   3      0.200   0.000   393     1456    81.9311372    -94.3078431   -663800.0000000  -570600.0000000  -663800.0000000  -570800.0000000  
307     456     1456    1       0       81.8551903    -93.6884344   0.000   0.496   57.502  0.765   3      0.200   0.000   457     1456    81.8539773    -93.6786962   -663800.0000000  -583400.0000000  -663800.0000000  -583600.0000000  
308     176     1464    2       0       82.1967854    -96.4649176   0.000   0.219   23.345  0.493   3      0.400   0.000   178     1464    82.1944947    -96.4437471   -662200.0000000  -527400.0000000  -662200.0000000  -527800.0000000  
309     272     1464    2       0       82.0856562    -95.4626992   0.000   0.356   39.749  0.637   3      0.400   0.000   274     1464    82.0833159    -95.4421209   -662200.0000000  -546600.0000000  -662200.0000000  -547000.0000000  
310     424     1464    1       0       81.9049719    -93.9331264   0.000   0.352   38.031  0.589   3      0.200   0.000   425     1464    81.9037647    -93.9232913   -662200.0000000  -577000.0000000  -662200.0000000  -577200.0000000  
311     336     1480    2       0       82.0327068    -94.6733411   0.000   0.284   30.990  0.578   3      0.400   0.000   338     1480    82.0303278    -94.6531344   -659000.0000000  -559400.0000000  -659000.0000000  -559800.0000000  
312     576     1480    1       0       81.7404675    -92.3332500   0.000   0.395   45.451  0.723   3      0.200   0.000   577     1480    81.7392224    -92.3238497   -659000.0000000  -607400.0000000  -659000.0000000  -607600.0000000  
313     144     1488    2       0       82.2679156    -96.6026133   0.000   0.235   23.819  0.297   1      0.400   0.000   146     1488    82.2656316    -96.5812067   -657400.0000000  -521000.0000000  -657400.0000000  -521400.0000000  
314     232     1488    2       0       82.1664205    -95.6726451   0.000   0.300   30.848  0.545   3      0.400   0.000   234     1488    82.1640903    -95.6517913   -657400.0000000  -538600.0000000  -657400.0000000  -539000.0000000  
315     456     1488    1       0       81.8992603    -93.4130171   0.000   0.420   48.045  0.700   3      0.200   0.000   457     1488    81.8980406    -93.4032671   -657400.0000000  -583400.0000000  -657400.0000000  -583600.0000000  
316     368     1496    2       0       82.0168105    -94.2135893   0.000   0.333   36.242  0.661   3      0.400   0.000   370     1496    82.0144091    -94.1935610   -655800.0000000  -565800.0000000  -655800.0000000  -566200.0000000  
317     424     1496    1       0       81.9492102    -93.6573439   0.000   0.307   33.562  0.552   3      0.200   0.000   425     1496    81.9479963    -93.6474963   -655800.0000000  -577000.0000000  -655800.0000000  -577200.0000000  
318     264     1504    2       0       82.1516314    -95.2030446   0.000   0.246   25.277  0.496   3      0.400   0.000   266     1504    82.1492781    -95.1823706   -654200.0000000  -545000.0000000  -654200.0000000  -545400.0000000  
319     128     1520    2       0       82.3322741    -96.5015515   0.000   0.185   19.630  0.207   1      0.400   0.000   130     1520    82.3299849    -96.4799950   -651000.0000000  -517800.0000000  -651000.0000000  -518200.0000000  
320     160     1520    2       0       82.2955177    -96.1581922   0.000   0.280   29.286  0.548   3      0.400   0.000   162     1520    82.2932113    -96.1368415   -651000.0000000  -524200.0000000  -651000.0000000  -524600.0000000  
321     320     1520    1       0       82.1077382    -94.4901556   0.000   0.242   24.314  0.380   2      0.200   0.000   321     1520    82.1065442    -94.4799821   -651000.0000000  -556200.0000000  -651000.0000000  -556400.0000000  
322     536     1520    1       0       81.8443069    -92.3630724   0.000   0.459   52.882  0.787   3      0.200   0.000   537     1520    81.8430623    -92.3535475   -651000.0000000  -599400.0000000  -651000.0000000  -599600.0000000  
323     568     1520    1       0       81.8043696    -92.0597180   0.000   0.365   39.896  0.666   3      0.200   0.000   569     1520    81.8031179    -92.0502860   -651000.0000000  -605800.0000000  -651000.0000000  -606000.0000000  
324     728     1520    0       0       81.6013771    -90.5868078   0.000   0.346   36.173  0.742   3      0.000   0.000   728     1520    81.6013771    -90.5868078   -651000.0000000  -637800.0000000  -651000.0000000  -637800.0000000  
325     368     1528    2       0       82.0612429    -93.9354773   0.000   0.234   23.662  0.492   3      0.400   0.000   370     1528    82.0588280    -93.9154212   -649400.0000000  -565800.0000000  -649400.0000000  -566200.0000000  
326     504     1528    1       0       81.8948765    -92.5992151   0.000   0.406   45.117  0.728   3      0.200   0.000   505     1528    81.8936374    -92.5895943   -649400.0000000  -593000.0000000  -649400.0000000  -593200.0000000  
327     216     1536    1       0       82.2532349    -95.4266205   0.000   0.288   29.913  0.479   3      0.200   0.000   217     1536    82.2520638    -95.4161121   -647800.0000000  -535400.0000000  -647800.0000000  -535600.0000000  
328     264     1536    1       0       82.1967298    -94.9257946   0.000   0.297   30.868  0.495   3      0.200   0.000   265     1536    82.1955464    -94.9154382   -647800.0000000  -545000.0000000  -647800.0000000  -545200.0000000  
329     400     1544    1       0       82.0445258    -93.4756122   0.000   0.314   34.274  0.634   3      0.200   0.000   401     1544    82.0433073    -93.4656740   -646200.0000000  -572200.0000000  -646200.0000000  -572400.0000000  
330     440     1544    1       0       81.9956053    -93.0804608   0.000   0.334   36.184  0.635   3      0.200   0.000   441     1544    81.9943775    -93.0706442   -646200.0000000  -580200.0000000  -646200.0000000  -580400.0000000  
331     168     1552    2       0       82.3319594    -95.7958864   0.000   0.253   26.514  0.463   3      0.400   0.000   170     1552    82.3296349    -95.7745436   -644600.0000000  -525800.0000000  -644600.0000000  -526200.0000000  
332     296     1552    1       0       82.1811061    -94.4558502   0.000   0.354   38.078  0.581   3      0.200   0.000   297     1552    82.1799112    -94.4455862   -644600.0000000  -551400.0000000  -644600.0000000  -551600.0000000  
333     536     1552    1       0       81.8874619    -92.0808927   0.000   0.403   44.410  0.646   3      0.200   0.000   537     1552    81.8862106    -92.0713605   -644600.0000000  -599400.0000000  -644600.0000000  -599600.0000000  
334     568     1552    1       0       81.8473105    -91.7773218   0.000   0.412   46.586  0.708   3      0.200   0.000   569     1552    81.8460521    -91.7678836   -644600.0000000  -605800.0000000  -644600.0000000  -606000.0000000  
335     368     1560    1       0       82.1054891    -93.6542316   0.000   0.329   35.443  0.601   3      0.200   0.000   369     1560    82.1042749    -93.6441889   -643000.0000000  -565800.0000000  -643000.0000000  -566000.0000000  
336     264     1568    1       0       82.2416462    -94.6453183   0.000   0.338   35.396  0.523   3      0.200   0.000   265     1568    82.2404559    -94.6349448   -641400.0000000  -545000.0000000  -641400.0000000  -545200.0000000  
337     328     1576    1       0       82.1760496    -93.9169442   0.000   0.371   40.423  0.682   3      0.200   0.000   329     1576    82.1748416    -93.9067699   -639800.0000000  -557800.0000000  -639800.0000000  -558000.0000000  
338     440     1576    1       0       82.0392643    -92.7968162   0.000   0.390   43.655  0.654   3      0.200   0.000   441     1576    82.0380296    -92.7869896   -639800.0000000  -580200.0000000  -639800.0000000  -580400.0000000  
339     472     1576    1       0       81.9996419    -92.4838761   0.000   0.378   41.841  0.721   3      0.200   0.000   473     1576    81.9984000    -92.4741469   -639800.0000000  -586600.0000000  -639800.0000000  -586800.0000000  
340     128     1584    2       0       82.4240022    -95.9460459   0.000   0.293   30.684  0.553   3      0.400   0.000   130     1584    82.4216849    -95.9243970   -638200.0000000  -517800.0000000  -638200.0000000  -518200.0000000  
341     296     1584    1       0       82.2257080    -94.1732312   0.000   0.387   42.021  0.604   3      0.200   0.000   297     1584    82.2245062    -94.1629519   -638200.0000000  -551400.0000000  -638200.0000000  -551600.0000000  
342     160     1592    2       0       82.3981574    -95.5306950   0.000   0.350   38.767  0.601   3      0.400   0.000   162     1592    82.3958196    -95.5092475   -636600.0000000  -524200.0000000  -636600.0000000  -524600.0000000  
343     192     1592    1       0       82.3606260    -95.1891177   0.000   0.265   27.110  0.534   3      0.200   0.000   193     1592    82.3594489    -95.1784977   -636600.0000000  -530600.0000000  -636600.0000000  -530800.0000000  
344     512     1592    1       0       81.9712971    -91.9537768   0.000   0.413   45.763  0.719   3      0.200   0.000   513     1592    81.9700427    -91.9441646   -636600.0000000  -594600.0000000  -636600.0000000  -594800.0000000  
345     568     1592    1       0       81.9007088    -91.4201132   0.000   0.341   36.881  0.588   3      0.200   0.000   569     1592    81.8994420    -91.4106684   -636600.0000000  -605800.0000000  -636600.0000000  -606000.0000000  
346     368     1600    1       0       82.1605298    -93.2982075   0.000   0.451   52.338  0.696   3      0.200   0.000   369     1600    82.1593070    -93.2881496   -635000.0000000  -565800.0000000  -635000.0000000  -566000.0000000  
347     400     1600    1       0       82.1212810    -92.9779112   0.000   0.397   42.790  0.628   3      0.200   0.000   401     1600    82.1200505    -92.9679536   -635000.0000000  -572200.0000000  -635000.0000000  -572400.0000000  
348     472     1608    1       0       82.0428873    -92.1968265   0.000   0.392   42.311  0.656   3      0.200   0.000   473     1608    82.0416385    -92.1870893   -633400.0000000  -586600.0000000  -633400.0000000  -586800.0000000  
349     280     1616    1       0       82.2894288    -94.0524891   0.000   0.382   41.599  0.577   3      0.200   0.000   281     1616    82.2882239    -94.0421435   -631800.0000000  -548200.0000000  -631800.0000000  -548400.0000000  
350     224     1624    1       0       82.3676996    -94.5653366   0.000   0.253   26.388  0.487   3      0.200   0.000   225     1624    82.3665071    -94.5548038   -630200.0000000  -537000.0000000  -630200.0000000  -537200.0000000  
351     312     1624    1       0       82.2617961    -93.6509931   0.000   0.353   37.936  0.635   3      0.200   0.000   313     1624    82.2605816    -93.6407475   -630200.0000000  -554600.0000000  -630200.0000000  -554800.0000000  
352     568     1624    0       0       81.9432012    -91.1309348   0.000   0.374   42.095  0.686   3      0.000   0.000   568     1624    81.9432012    -91.1309348   -630200.0000000  -605800.0000000  -630200.0000000  -605800.0000000  
353     96      1632    2       0       82.5295995    -95.8697864   0.000   0.197   19.548  0.244   1      0.400   0.000   98      1632    82.5272781    -95.8478545   -628600.0000000  -511400.0000000  -628600.0000000  -511800.0000000  
354     168     1632    2       0       82.4453548    -95.0887998   0.000   0.224   22.838  0.453   3      0.400   0.000   170     1632    82.4429950    -95.0673557   -628600.0000000  -525800.0000000  -628600.0000000  -526200.0000000  
355     384     1632    1       0       82.1846397    -92.8490427   0.000   0.450   51.099  0.628   3      0.200   0.000   385     1632    82.1834061    -92.8390245   -628600.0000000  -569000.0000000  -628600.0000000  -569200.0000000  
356     528     1632    1       0       82.0046228    -91.4386327   0.000   0.373   41.108  0.637   3      0.200   0.000   529     1632    82.0033564    -91.4290619   -628600.0000000  -597800.0000000  -628600.0000000  -598000.0000000  
357     440     1640    1       0       82.1259955    -92.2200964   0.000   0.337   35.871  0.618   3      0.200   0.000   441     1640    82.1247471    -92.2102524   -627000.0000000  -580200.0000000  -627000.0000000  -580400.0000000  
358     216     1656    1       0       82.4219694    -94.3609063   0.000   0.217   21.841  0.436   3      0.200   0.000   217     1656    82.4207719    -94.3503303   -623800.0000000  -535400.0000000  -623800.0000000  -535600.0000000  
359     576     1656    0       0       81.9752403    -90.7631540   0.000   0.396   43.653  0.754   3      0.000   0.000   576     1656    81.9752403    -90.7631540   -623800.0000000  -607400.0000000  -623800.0000000  -607400.0000000  
360     312     1664    1       0       82.3168408    -93.2876809   0.000   0.403   44.961  0.672   3      0.200   0.000   313     1664    82.3156175    -93.2774195   -622200.0000000  -554600.0000000  -622200.0000000  -554800.0000000  
361     144     1672    1       0       82.5300678    -94.9862001   0.000   0.245   26.799  0.543   3      0.200   0.000   145     1672    82.5288854    -94.9753707   -620600.0000000  -521000.0000000  -620600.0000000  -521200.0000000  
362     176     1672    1       0       82.4921008    -94.6413598   0.000   0.376   43.215  0.630   3      0.200   0.000   177     1672    82.4909100    -94.6306399   -620600.0000000  -527400.0000000  -620600.0000000  -527600.0000000  
363     368     1672    1       0       82.2588363    -92.6446212   0.000   0.458   53.326  0.740   3      0.200   0.000   369     1672    82.2575977    -92.6345394   -620600.0000000  -565800.0000000  -620600.0000000  -566000.0000000  
364     400     1672    1       0       82.2190855    -92.3236044   0.000   0.394   43.921  0.641   3      0.200   0.000   401     1672    82.2178395    -92.3136256   -620600.0000000  -572200.0000000  -620600.0000000  -572400.0000000  
365     472     1680    1       0       82.1394563    -91.5394298   0.000   0.324   33.576  0.584   3      0.200   0.000   473     1680    82.1381920    -91.5296780   -619000.0000000  -586600.0000000  -619000.0000000  -586800.0000000  
366     536     1680    0       0       82.0580891    -90.9216189   0.000   0.434   49.461  0.699   3      0.000   0.000   536     1680    82.0580891    -90.9216189   -619000.0000000  -599400.0000000  -619000.0000000  -599400.0000000  
367     608     1680    0       0       81.9654838    -90.2416745   0.000   0.430   48.500  0.737   3      0.000   0.000   608     1680    81.9654838    -90.2416745   -619000.0000000  -613800.0000000  -619000.0000000  -613800.0000000  
368     224     1688    1       0       82.4568718    -93.9840211   0.000   0.354   39.056  0.639   3      0.200   0.000   225     1688    82.4556651    -93.9734562   -617400.0000000  -537000.0000000  -617400.0000000  -537200.0000000  
369     256     1688    1       0       82.4181308    -93.6476207   0.000   0.354   39.812  0.642   3      0.200   0.000   257     1688    82.4169160    -93.6371638   -617400.0000000  -543400.0000000  -617400.0000000  -543600.0000000  
370     576     1688    0       0       82.0172654    -90.4677866   0.000   0.315   34.655  0.589   3      0.000   0.000   576     1688    82.0172654    -90.4677866   -617400.0000000  -607400.0000000  -617400.0000000  -607400.0000000  
371     336     1696    1       0       82.3310578    -92.7476212   0.000   0.428   48.638  0.687   3      0.200   0.000   337     1696    82.3298216    -92.7374276   -615800.0000000  -559400.0000000  -615800.0000000  -559600.0000000  
372     104     1704    2       1       82.6224041    -95.1302597   0.000   0.218   23.089  0.423   3      0.400   0.200   106     1705    82.6214567    -95.0991041   -614200.0000000  -513000.0000000  -614000.0000000  -513400.0000000  
373     368     1704    1       0       82.3022032    -92.3487815   0.000   0.437   51.148  0.728   3      0.200   0.000   369     1704    82.3009575    -92.3386906   -614200.0000000  -565800.0000000  -614200.0000000  -566000.0000000  
374     440     1704    1       0       82.2119223    -91.6305514   0.000   0.348   38.757  0.663   3      0.200   0.000   441     1704    82.2106600    -91.6206938   -614200.0000000  -580200.0000000  -614200.0000000  -580400.0000000  
375     160     1712    1       0       82.5671544    -94.4464942   0.000   0.378   41.316  0.616   3      0.200   0.000   161     1712    82.5659587    -94.4356972   -612600.0000000  -524200.0000000  -612600.0000000  -524400.0000000  
376     192     1712    1       0       82.5287645    -94.1027128   0.000   0.330   35.199  0.589   3      0.200   0.000   193     1712    82.5275605    -94.0920267   -612600.0000000  -530600.0000000  -612600.0000000  -530800.0000000  
377     400     1712    1       0       82.2729803    -91.9529482   0.000   0.387   43.519  0.690   3      0.200   0.000   401     1712    82.2717254    -91.9429598   -612600.0000000  -572200.0000000  -612600.0000000  -572400.0000000  
378     480     1712    1       0       82.1718655    -91.1640778   0.000   0.337   36.844  0.498   3      0.200   0.000   481     1712    82.1705924    -91.1543466   -612600.0000000  -588200.0000000  -612600.0000000  -588400.0000000  
379     248     1720    1       0       82.4719614    -93.4352151   0.000   0.335   35.717  0.610   3      0.200   0.000   249     1720    82.4707414    -93.4247177   -611000.0000000  -541800.0000000  -611000.0000000  -542000.0000000  
380     304     1720    1       0       82.4032600    -92.8525851   0.000   0.347   38.581  0.635   3      0.200   0.000   305     1720    82.4020262    -92.8422772   -611000.0000000  -553000.0000000  -611000.0000000  -553200.0000000  
381     336     1728    1       0       82.3744988    -92.4495580   0.000   0.346   37.157  0.525   3      0.200   0.000   337     1728    82.3732555    -92.4393547   -609400.0000000  -559400.0000000  -609400.0000000  -559600.0000000  
382     592     1728    0       0       82.0487136    -89.9436435   0.000   0.346   36.426  0.543   3      0.000   0.000   592     1728    82.0487136    -89.9436435   -609400.0000000  -610600.0000000  -609400.0000000  -610600.0000000  
383     632     1728    0       0       81.9965161    -89.5707563   0.000   0.333   35.270  0.598   3      0.000   0.000   632     1728    81.9965161    -89.5707563   -609400.0000000  -618600.0000000  -609400.0000000  -618600.0000000  
384     432     1736    1       0       82.2647221    -91.4098947   0.000   0.379   42.721  0.637   3      0.200   0.000   433     1736    82.2634545    -91.4000058   -607800.0000000  -578600.0000000  -607800.0000000  -578800.0000000  
385     512     1736    0       0       82.1626082    -90.6289703   0.000   0.295   31.428  0.568   3      0.000   0.000   512     1736    82.1626082    -90.6289703   -607800.0000000  -594600.0000000  -607800.0000000  -594600.0000000  
386     560     1744    0       0       82.1110839    -90.0946724   0.000   0.376   40.405  0.607   3      0.000   0.000   560     1744    82.1110839    -90.0946724   -606200.0000000  -604200.0000000  -606200.0000000  -604200.0000000  
