CP      startX  startY  dispX   dispY   sLat          sLon          theta   pCorr   pkStr   cCorr   conf   velX    velY    endX    endY    eLat          eLon          nps_startX    nps_startY    nps_endX      nps_endY      
0       936     56      -1      5       83.5602490    46.0010561    0.000   0.238   24.674  0.445   3      -0.200  1.000   935     61      83.5510148    46.0160086    698200.0000000  12200.0000000  699200.0000000  12400.0000000  
1       888     64      -1      5       83.5433805    46.7842872    0.000   0.276   28.533  0.568   3      -0.200  1.000   887     69      83.5341243    46.7980784    699800.0000000  21800.0000000  700800.0000000  22000.0000000  
2       848     80      -1      5       83.5112448    47.4273011    0.000   0.273   28.849  0.489   3      -0.200  1.000   847     85      83.5019721    47.4401052    703000.0000000  29800.0000000  704000.0000000  30000.0000000  
3       888     96      -1      5       83.4845100    46.7681273    0.000   0.263   28.045  0.469   3      -0.200  1.000   887     101     83.4752548    46.7818167    706200.0000000  21800.0000000  707200.0000000  22000.0000000  
4       808     112     -1      5       83.4488966    48.0500905    0.000   0.262   27.007  0.568   3      -0.200  1.000   807     117     83.4396093    48.0618899    709400.0000000  37800.0000000  710400.0000000  38000.0000000  
5       840     112     -1      5       83.4517657    47.5344149    0.000   0.280   28.622  0.564   3      -0.200  1.000   839     117     83.4424908    47.5469509    709400.0000000  31400.0000000  710400.0000000  31600.0000000  
6       736     128     -1      5       83.4111402    49.1895976    0.000   0.280   29.803  0.481   3      -0.200  1.000   735     133     83.4018283    49.1997198    712600.0000000  52200.0000000  713600.0000000  52400.0000000  
7       776     128     -1      5       83.4161082    48.5493029    0.000   0.212   22.246  0.454   3      -0.200  1.000   775     133     83.4068098    48.5603383    712600.0000000  44200.0000000  713600.0000000  44400.0000000  
8       968     136     -1      5       83.4137701    45.4652873    0.000   0.236   24.546  0.401   3      -0.200  1.000   967     141     83.4045532    45.4806580    714200.0000000  5800.0000000  715200.0000000  6000.0000000  
9       704     144     -1      5       83.3772282    49.6801646    0.000   0.264   26.878  0.432   3      -0.200  1.000   703     149     83.3679070    49.6895444    715800.0000000  58600.0000000  716800.0000000  58800.0000000  
10      808     144     -1      5       83.3900859    48.0228704    0.000   0.229   22.621  0.416   3      -0.200  1.000   807     149     83.3807997    48.0346030    715800.0000000  37800.0000000  716800.0000000  38000.0000000  
11      840     144     -1      5       83.3929292    47.5117837    0.000   0.200   20.905  0.433   3      -0.200  1.000   839     149     83.3836554    47.5242398    715800.0000000  31400.0000000  716800.0000000  31600.0000000  
12      736     160     -1      5       83.3524049    49.1524360    0.000   0.264   27.554  0.426   3      -0.200  1.000   735     165     83.3430943    49.1625208    719000.0000000  52200.0000000  720000.0000000  52400.0000000  
13      768     160     -1      5       83.3564090    48.6447928    0.000   0.247   26.079  0.518   3      -0.200  1.000   767     165     83.3471090    48.6555953    719000.0000000  45800.0000000  720000.0000000  46000.0000000  
14      896     160     -1      5       83.3672074    46.6092773    0.000   0.193   19.031  0.323   2      -0.200  1.000   895     165     83.3579576    46.6229462    719000.0000000  20200.0000000  720000.0000000  20400.0000000  
15      928     160     -1      5       83.3685994    46.0995615    0.000   0.240   25.059  0.463   3      -0.200  1.000   927     165     83.3593640    46.1139442    719000.0000000  13800.0000000  720000.0000000  14000.0000000  
16      672     168     -2      5       83.3281753    50.1542797    0.000   0.146   13.730  0.385   2      -0.400  1.000   670     173     83.3186801    50.1786785    720600.0000000  65000.0000000  721600.0000000  65400.0000000  
17      968     168     -2      5       83.3548806    45.4611551    0.000   0.198   20.104  0.560   3      -0.400  1.000   966     173     83.3456488    45.4922742    720600.0000000  5800.0000000  721600.0000000  6200.0000000  
18      832     184     -1      5       83.3187326    47.6104618    0.000   0.207   21.059  0.328   2      -0.200  1.000   831     189     83.3094571    47.6226423    723800.0000000  33000.0000000  724800.0000000  33200.0000000  
19      600     192     -1      5       83.2710659    51.2465486    0.000   0.243   26.305  0.436   3      -0.200  1.000   599     197     83.2617196    51.2536057    725400.0000000  79400.0000000  726400.0000000  79600.0000000  
20      632     192     -2      5       83.2772176    50.7465643    0.000   0.201   21.387  0.419   3      -0.400  1.000   630     197     83.2676940    50.7699395    725400.0000000  73000.0000000  726400.0000000  73400.0000000  
21      760     192     -1      5       83.2966951    48.7385781    0.000   0.233   25.373  0.550   3      -0.200  1.000   759     197     83.2873936    48.7491540    725400.0000000  47400.0000000  726400.0000000  47600.0000000  
22      672     200     -1      5       83.2695249    50.1091462    0.000   0.263   26.711  0.461   3      -0.200  1.000   671     205     83.2601968    50.1177810    727000.0000000  65000.0000000  728000.0000000  65200.0000000  
23      728     200     -1      5       83.2779163    49.2323306    0.000   0.240   23.856  0.481   3      -0.200  1.000   727     205     83.2686047    49.2421928    727000.0000000  53800.0000000  728000.0000000  54000.0000000  
24      936     200     -1      5       83.2952655    45.9614070    0.000   0.240   24.967  0.390   2      -0.200  1.000   935     205     83.2860348    45.9758228    727000.0000000  12200.0000000  728000.0000000  12400.0000000  
25      864     208     -1      5       83.2770198    47.0908470    0.000   0.277   28.903  0.529   3      -0.200  1.000   863     213     83.2677578    47.1036689    728600.0000000  26600.0000000  729600.0000000  26800.0000000  
26      1008    208     -1      5       83.2814553    44.8269965    0.000   0.212   21.583  0.346   2      -0.200  1.000   1007    213     83.2722598    44.8429396    728600.0000000  -2200.0000000  729600.0000000  -2000.0000000  
27      512     224     -1      5       83.1931552    52.5505342    0.000   0.275   29.438  0.466   3      -0.200  1.000   511     229     83.1837932    52.5557168    731800.0000000  97000.0000000  732800.0000000  97200.0000000  
28      632     224     -1      5       83.2186274    50.6966394    0.000   0.243   25.839  0.464   3      -0.200  1.000   631     229     83.2092899    50.7044000    731800.0000000  73000.0000000  732800.0000000  73200.0000000  
29      816     224     -1      5       83.2438108    47.8319458    0.000   0.260   28.171  0.453   3      -0.200  1.000   815     229     83.2345305    47.8436867    731800.0000000  36200.0000000  732800.0000000  36400.0000000  
30      568     232     -1      5       83.1913050    51.6726653    0.000   0.266   27.189  0.502   3      -0.200  1.000   567     237     83.1819535    51.6790540    733400.0000000  85800.0000000  734400.0000000  86000.0000000  
31      736     232     -1      5       83.2202529    49.0711815    0.000   0.261   27.292  0.482   3      -0.200  1.000   735     237     83.2109452    49.0811813    733400.0000000  52200.0000000  734400.0000000  52400.0000000  
32      912     232     -1      5       83.2355102    46.3278618    0.000   0.275   28.633  0.518   3      -0.200  1.000   911     237     83.2262694    46.3416493    733400.0000000  17000.0000000  734400.0000000  17200.0000000  
33      944     232     -1      5       83.2366179    45.8280515    0.000   0.261   26.900  0.599   3      -0.200  1.000   943     237     83.2273917    45.8425243    733400.0000000  10600.0000000  734400.0000000  10800.0000000  
34      472     240     -1      5       83.1539505    53.1301024    0.000   0.300   31.987  0.520   3      -0.200  1.000   471     245     83.1445831    53.1344618    735000.0000000  105000.0000000  736000.0000000  105200.0000000  
35      672     240     -2      5       83.1962108    50.0538261    0.000   0.217   22.995  0.460   3      -0.400  1.000   670     245     83.1867217    50.0778915    735000.0000000  65000.0000000  736000.0000000  65400.0000000  
36      992     240     -1      5       83.2225958    45.0779534    0.000   0.283   30.773  0.523   3      -0.200  1.000   991     245     83.2133928    45.0934169    735000.0000000  1000.0000000  736000.0000000  1200.0000000  
37      600     248     -1      5       83.1686251    51.1523038    0.000   0.268   27.029  0.414   3      -0.200  1.000   599     253     83.1592811    51.1593840    736600.0000000  79400.0000000  737600.0000000  79600.0000000  
38      768     248     -1      5       83.1947945    48.5579322    0.000   0.320   33.379  0.605   3      -0.200  1.000   767     253     83.1854979    48.5685967    736600.0000000  45800.0000000  737600.0000000  46000.0000000  
39      864     248     -1      5       83.2034644    47.0681588    0.000   0.318   32.242  0.500   3      -0.200  1.000   863     253     83.1942037    47.0808727    736600.0000000  26600.0000000  737600.0000000  26800.0000000  
40      1024    248     -1      5       83.2076995    44.5799733    0.000   0.324   34.185  0.616   3      -0.200  1.000   1023    253     83.1985129    44.5960777    736600.0000000  -5400.0000000  737600.0000000  -5200.0000000  
41      432     256     -1      5       83.1140564    53.7029977    0.000   0.284   31.465  0.458   3      -0.200  1.000   431     261     83.1046847    53.7065515    738200.0000000  113000.0000000  739200.0000000  113200.0000000  
42      504     256     -1      5       83.1328496    52.6078613    0.000   0.248   25.275  0.446   3      -0.200  1.000   503     261     83.1234875    52.6129202    738200.0000000  98600.0000000  739200.0000000  98800.0000000  
43      560     264     -1      5       83.1311106    51.7376952    0.000   0.329   33.353  0.509   3      -0.200  1.000   559     269     83.1217588    51.7439393    739800.0000000  87400.0000000  740800.0000000  87600.0000000  
44      672     272     -1      5       83.1375589    50.0104229    0.000   0.282   30.432  0.565   3      -0.200  1.000   671     277     83.1282338    50.0190257    741400.0000000  65000.0000000  742400.0000000  65200.0000000  
45      728     272     -1      5       83.1457874    49.1504173    0.000   0.278   29.831  0.610   3      -0.200  1.000   727     277     83.1364787    49.1602006    741400.0000000  53800.0000000  742400.0000000  54000.0000000  
46      984     272     -1      5       83.1636798    45.2009285    0.000   0.247   25.314  0.398   2      -0.200  1.000   983     277     83.1544734    45.2160930    741400.0000000  2600.0000000  742400.0000000  2800.0000000  
47      760     280     -1      5       83.1351070    48.6502619    0.000   0.312   32.740  0.618   3      -0.200  1.000   759     285     83.1258089    48.6607084    743000.0000000  47400.0000000  744000.0000000  47600.0000000  
48      792     280     -1      5       83.1386032    48.1584750    0.000   0.252   26.295  0.502   3      -0.200  1.000   791     285     83.1293162    48.1695936    743000.0000000  41000.0000000  744000.0000000  41200.0000000  
49      824     280     -1      5       83.1415947    47.6662218    0.000   0.258   26.706  0.550   3      -0.200  1.000   823     285     83.1323194    47.6780120    743000.0000000  34600.0000000  744000.0000000  34800.0000000  
50      504     288     -1      5       83.0744883    52.5432263    0.000   0.257   26.929  0.412   3      -0.200  1.000   503     293     83.0651275    52.5483299    744600.0000000  98600.0000000  745600.0000000  98800.0000000  
51      600     288     -1      5       83.0954486    51.0867022    0.000   0.333   36.865  0.587   3      -0.200  1.000   599     293     83.0861062    51.0937961    744600.0000000  79400.0000000  745600.0000000  79600.0000000  
52      856     288     -1      5       83.1293720    47.1689083    0.000   0.275   29.050  0.589   3      -0.200  1.000   855     293     83.1201094    47.1813491    744600.0000000  28200.0000000  745600.0000000  28400.0000000  
53      896     288     -1      5       83.1317626    46.5539766    0.000   0.320   35.376  0.632   3      -0.200  1.000   895     293     83.1225165    46.5672510    744600.0000000  20200.0000000  745600.0000000  20400.0000000  
54      1040    288     -1      5       83.1338260    44.3382732    0.000   0.261   27.315  0.523   3      -0.200  1.000   1039    293     83.1246481    44.3545276    744600.0000000  -8600.0000000  745600.0000000  -8400.0000000  
55      312     304     -1      5       82.9903586    55.3816920    0.000   0.213   23.152  0.330   2      -0.200  1.000   311     309     82.9809795    55.3829354    747800.0000000  137000.0000000  748800.0000000  137200.0000000  
56      560     304     -1      5       83.0580203    51.6662672    0.000   0.304   32.821  0.500   3      -0.200  1.000   559     309     83.0486701    51.6725418    747800.0000000  87400.0000000  748800.0000000  87600.0000000  
57      728     304     -1      5       83.0870646    49.1150188    0.000   0.311   34.182  0.599   3      -0.200  1.000   727     309     83.0777572    49.1247666    747800.0000000  53800.0000000  748800.0000000  54000.0000000  
58      928     304     -1      5       83.1036735    46.0572239    0.000   0.348   39.355  0.621   3      -0.200  1.000   927     309     83.0944418    46.0711104    747800.0000000  13800.0000000  748800.0000000  14000.0000000  
59      960     304     -1      5       83.1045080    45.5669630    0.000   0.292   31.342  0.441   3      -0.200  1.000   959     309     83.0952908    45.5815077    747800.0000000  7400.0000000  748800.0000000  7600.0000000  
60      464     312     -1      5       83.0207324    53.0958474    0.000   0.304   30.839  0.526   3      -0.200  1.000   463     317     83.0113665    53.1001695    749400.0000000  106600.0000000  750400.0000000  106800.0000000  
61      656     312     -1      5       83.0616378    50.1999437    0.000   0.305   31.518  0.455   3      -0.200  1.000   655     317     83.0523100    50.2081973    749400.0000000  68200.0000000  750400.0000000  68400.0000000  
62      696     312     -1      5       83.0679191    49.5927612    0.000   0.333   35.036  0.514   3      -0.200  1.000   695     317     83.0586024    49.6018396    749400.0000000  60200.0000000  750400.0000000  60400.0000000  
63      792     312     -1      5       83.0798165    48.1315550    0.000   0.263   27.694  0.569   3      -0.200  1.000   791     317     83.0705307    48.1426152    749400.0000000  41000.0000000  750400.0000000  41200.0000000  
64      864     320     -1      5       83.0710756    47.0285365    0.000   0.337   38.130  0.639   3      -0.200  1.000   863     325     83.0618172    47.0410602    751000.0000000  26600.0000000  752000.0000000  26800.0000000  
65      624     328     -1      5       83.0267624    50.6608402    0.000   0.316   33.626  0.590   3      -0.200  1.000   623     333     83.0174273    50.6684351    752600.0000000  74600.0000000  753600.0000000  74800.0000000  
66      1008    328     -1      5       83.0606599    44.8325135    0.000   0.238   24.539  0.503   3      -0.200  1.000   1007    333     83.0514662    44.8479415    752600.0000000  -2200.0000000  753600.0000000  -2000.0000000  
67      1056    328     -1      4       83.0598386    44.1017342    0.000   0.176   21.090  0.527   3      -0.200  0.800   1055    332     83.0525090    44.1178942    752600.0000000  -11800.0000000  753400.0000000  -11600.0000000  
68      272     336     -1      5       82.9189261    55.8827093    0.000   0.269   27.160  0.459   3      -0.200  1.000   271     341     82.9095468    55.8832759    754200.0000000  145000.0000000  755200.0000000  145200.0000000  
69      976     336     -1      5       83.0458639    45.3190663    0.000   0.281   29.938  0.523   3      -0.200  1.000   975     341     83.0366549    45.3338170    754200.0000000  4200.0000000  755200.0000000  4400.0000000  
70      216     344     -1      5       82.8843451    56.6768348    0.000   0.256   24.822  0.420   3      -0.200  1.000   215     349     82.8749660    56.6763506    755800.0000000  156200.0000000  756800.0000000  156400.0000000  
71      312     344     -1      5       82.9179681    55.2741564    0.000   0.250   24.543  0.430   3      -0.200  1.000   311     349     82.9085901    55.2755296    755800.0000000  137000.0000000  756800.0000000  137200.0000000  
72      392     344     -1      5       82.9427263    54.0955988    0.000   0.173   16.479  0.431   3      -0.200  1.000   391     349     82.9333535    54.0985444    755800.0000000  121000.0000000  756800.0000000  121200.0000000  
73      552     344     -1      5       82.9832190    51.7159945    0.000   0.228   23.233  0.350   2      -0.200  1.000   551     349     82.9738689    51.7221358    755800.0000000  89000.0000000  756800.0000000  89200.0000000  
74      656     344     -1      5       83.0030072    50.1561497    0.000   0.341   36.010  0.566   3      -0.200  1.000   655     349     82.9936808    50.1643925    755800.0000000  68200.0000000  756800.0000000  68400.0000000  
75      704     344     -1      5       83.0103885    49.4334863    0.000   0.301   31.631  0.549   3      -0.200  1.000   703     349     83.0010754    49.4427024    755800.0000000  58600.0000000  756800.0000000  58800.0000000  
76      592     352     -1      5       82.9768094    51.1042849    0.000   0.237   23.974  0.346   2      -0.200  1.000   591     357     82.9674678    51.1112355    757400.0000000  81000.0000000  758400.0000000  81200.0000000  
77      760     352     -1      5       83.0029063    48.5810440    0.000   0.286   30.812  0.535   3      -0.200  1.000   759     357     82.9936110    48.5913850    757400.0000000  47400.0000000  758400.0000000  47600.0000000  
78      792     360     -1      5       82.9916402    48.0920238    0.000   0.324   33.837  0.608   3      -0.200  1.000   791     365     82.9823561    48.1029971    759000.0000000  41000.0000000  760000.0000000  41200.0000000  
79      856     360     -1      5       82.9970016    47.1277973    0.000   0.290   29.466  0.528   3      -0.200  1.000   855     365     82.9877413    47.1400571    759000.0000000  28200.0000000  760000.0000000  28400.0000000  
80      888     360     -1      5       82.9989396    46.6451972    0.000   0.266   28.086  0.529   3      -0.200  1.000   887     365     82.9896922    46.6580990    759000.0000000  21800.0000000  760000.0000000  22000.0000000  
81      176     368     -1      5       82.8259443    57.1821844    0.000   0.249   24.862  0.247   1      -0.200  1.000   175     373     82.8165667    57.1810427    760600.0000000  164200.0000000  761600.0000000  164400.0000000  
82      984     368     -1      5       82.9870607    45.1958565    0.000   0.249   26.339  0.507   3      -0.200  1.000   983     373     82.9778561    45.2106453    760600.0000000  2600.0000000  761600.0000000  2800.0000000  
83      1032    368     -1      4       82.9868053    44.4727069    0.000   0.171   17.375  0.276   1      -0.200  0.800   1031    372     82.9794638    44.4883098    760600.0000000  -7000.0000000  761400.0000000  -6800.0000000  
84      1064    368     -1      4       82.9860159    43.9906863    0.000   0.232   25.506  0.550   3      -0.200  0.800   1063    372     82.9786907    44.0067920    760600.0000000  -13400.0000000  761400.0000000  -13200.0000000  
85      232     376     -1      5       82.8325433    56.3504038    0.000   0.251   25.636  0.443   3      -0.200  1.000   231     381     82.8231646    56.3503507    762200.0000000  153000.0000000  763200.0000000  153200.0000000  
86      336     376     -1      5       82.8677191    54.8397914    0.000   0.244   24.036  0.431   3      -0.200  1.000   335     381     82.8583431    54.8417267    762200.0000000  132200.0000000  763200.0000000  132400.0000000  
87      464     376     0       5       82.9041531    52.9616478    0.000   0.169   16.039  0.364   2      0.000   1.000   464     381     82.8950443    52.9513494    762200.0000000  106600.0000000  763200.0000000  106600.0000000  
88      496     376     0       5       82.9120660    52.4892461    0.000   0.113   10.407  0.215   1      0.000   1.000   496     381     82.9029469    52.4795443    762200.0000000  100200.0000000  763200.0000000  100200.0000000  
89      632     376     -1      4       82.9403042    50.4708383    0.000   0.163   17.024  0.448   3      -0.200  0.800   631     380     82.9328041    50.4800189    762200.0000000  73000.0000000  763000.0000000  73200.0000000  
90      824     376     -1      5       82.9651649    47.5991523    0.000   0.324   35.671  0.581   3      -0.200  1.000   823     381     82.9558929    47.6107351    762200.0000000  34600.0000000  763200.0000000  34800.0000000  
91      920     376     -1      5       82.9709538    46.1574849    0.000   0.279   28.381  0.504   3      -0.200  1.000   919     381     82.9617204    46.1709771    762200.0000000  15400.0000000  763200.0000000  15600.0000000  
92      952     376     -1      5       82.9718959    45.6765128    0.000   0.216   21.812  0.388   2      -0.200  1.000   951     381     82.9626767    45.6906389    762200.0000000  9000.0000000  763200.0000000  9200.0000000  
93      400     384     0       5       82.8723506    53.8847781    0.000   0.176   17.123  0.317   2      0.000   1.000   400     389     82.8632638    53.8733459    763800.0000000  119400.0000000  764800.0000000  119400.0000000  
94      568     384     -1      5       82.9134826    51.4093418    0.000   0.140   13.588  0.309   2      -0.200  1.000   567     389     82.9041373    51.4158275    763800.0000000  85800.0000000  764800.0000000  86000.0000000  
95      600     384     0       4       82.9198114    50.9348038    0.000   0.147   15.387  0.406   3      0.000   0.800   600     388     82.9124928    50.9286385    763800.0000000  79400.0000000  764600.0000000  79400.0000000  
96      728     384     -1      5       82.9402619    49.0291047    0.000   0.253   26.221  0.447   3      -0.200  1.000   727     389     82.9309577    49.0387630    763800.0000000  53800.0000000  764800.0000000  54000.0000000  
97      432     392     0       5       82.8666463    53.3982096    0.000   0.239   24.093  0.438   3      0.000   1.000   432     397     82.8575479    53.3874076    765400.0000000  113000.0000000  766400.0000000  113000.0000000  
98      696     392     -1      5       82.9212105    49.4971516    0.000   0.261   26.857  0.421   3      -0.200  1.000   695     397     82.9118970    49.5061677    765400.0000000  60200.0000000  766400.0000000  60400.0000000  
99      864     392     -1      5       82.9387015    46.9904032    0.000   0.242   24.654  0.441   3      -0.200  1.000   863     397     82.9294453    47.0027420    765400.0000000  26600.0000000  766400.0000000  26800.0000000  
100     1000    400     -1      5       82.9282331    44.9551793    0.000   0.167   16.769  0.440   3      -0.200  1.000   999     405     82.9190368    44.9701585    767000.0000000  -600.0000000  768000.0000000  -400.0000000  
101     1032    400     -1      4       82.9279415    44.4771065    0.000   0.272   27.965  0.681   3      -0.200  0.800   1031    404     82.9206003    44.4925747    767000.0000000  -7000.0000000  767800.0000000  -6800.0000000  
102     216     408     -1      5       82.7690253    56.4875844    0.000   0.186   18.857  0.214   1      -0.200  1.000   215     413     82.7596473    56.4873537    768600.0000000  156200.0000000  769600.0000000  156400.0000000  
103     256     408     -1      5       82.7833160    55.9137262    0.000   0.248   25.421  0.427   3      -0.200  1.000   255     413     82.7739379    55.9142418    768600.0000000  148200.0000000  769600.0000000  148400.0000000  
104     288     408     -1      5       82.7942269    55.4530328    0.000   0.291   28.596  0.464   3      -0.200  1.000   287     413     82.7848495    55.4541494    768600.0000000  141800.0000000  769600.0000000  142000.0000000  
105     344     408     -1      5       82.8121985    54.6435532    0.000   0.246   24.874  0.484   3      -0.200  1.000   343     413     82.8028239    54.6457299    768600.0000000  130600.0000000  769600.0000000  130800.0000000  
106     640     408     0       4       82.8830829    50.3073268    0.000   0.192   18.439  0.452   3      0.000   0.800   640     412     82.8757568    50.3018399    768600.0000000  71400.0000000  769400.0000000  71400.0000000  
107     824     408     -1      4       82.9063600    47.5775390    0.000   0.296   30.737  0.485   3      -0.200  0.800   823     412     82.8989267    47.5897259    768600.0000000  34600.0000000  769400.0000000  34800.0000000  
108     896     408     -1      5       82.9110783    46.5054754    0.000   0.281   29.722  0.575   3      -0.200  1.000   895     413     82.9018356    46.5183995    768600.0000000  20200.0000000  769600.0000000  20400.0000000  
109     936     408     -1      5       82.9126288    45.9093804    0.000   0.259   26.916  0.454   3      -0.200  1.000   935     413     82.9034031    45.9230850    768600.0000000  12200.0000000  769600.0000000  12400.0000000  
110     968     408     -1      5       82.9133180    45.4323565    0.000   0.201   20.214  0.466   3      -0.200  1.000   967     413     82.9041067    45.4466836    768600.0000000  5800.0000000  769600.0000000  6000.0000000  
111     376     416     0       5       82.8072967    54.1604759    0.000   0.257   26.179  0.449   3      0.000   1.000   376     421     82.7982175    54.1487987    770200.0000000  124200.0000000  771200.0000000  124200.0000000  
112     568     416     0       4       82.8549857    51.3565209    0.000   0.182   18.040  0.380   2      0.000   0.800   568     420     82.8476734    51.3499792    770200.0000000  85800.0000000  771000.0000000  85800.0000000  
113     600     416     0       5       82.8612621    50.8858361    0.000   0.107   13.551  0.400   2      0.000   1.000   600     421     82.8521136    50.8782575    770200.0000000  79400.0000000  771200.0000000  79400.0000000  
114     432     424     0       5       82.8084134    53.3295502    0.000   0.223   22.072  0.402   3      0.000   1.000   432     429     82.7993139    53.3189227    771800.0000000  113000.0000000  772800.0000000  113000.0000000  
115     680     424     -1      5       82.8601789    49.6960542    0.000   0.135   12.606  0.315   2      -0.200  1.000   679     429     82.8508622    49.7047333    771800.0000000  63400.0000000  772800.0000000  63600.0000000  
116     784     432     -1      4       82.8585905    48.1527492    0.000   0.217   21.964  0.462   3      -0.200  0.800   783     436     82.8511429    48.1642544    773400.0000000  42600.0000000  774200.0000000  42800.0000000  
117     280     440     -1      5       82.7336787    55.4830052    0.000   0.265   26.391  0.392   2      -0.200  1.000   279     445     82.7243020    55.4840738    775000.0000000  143400.0000000  776000.0000000  143600.0000000  
118     520     440     0       5       82.8008606    52.0176222    0.000   0.208   20.642  0.384   2      0.000   1.000   520     445     82.7917330    52.0086688    775000.0000000  95400.0000000  776000.0000000  95400.0000000  
119     576     448     0       5       82.7980873    51.1879131    0.000   0.126   11.745  0.237   1      0.000   1.000   576     453     82.7889445    51.1800170    776600.0000000  84200.0000000  777600.0000000  84200.0000000  
120     872     448     -1      4       82.8362428    46.8438063    0.000   0.310   33.048  0.566   3      -0.200  0.800   871     452     82.8288299    46.8566352    776600.0000000  25000.0000000  777400.0000000  25200.0000000  
121     904     448     -1      5       82.8378944    46.3720033    0.000   0.257   25.714  0.437   3      -0.200  1.000   903     453     82.8286561    46.3849677    776600.0000000  18600.0000000  777600.0000000  18800.0000000  
122     352     456     -1      5       82.7275695    54.4121696    0.000   0.288   29.631  0.426   3      -0.200  1.000   351     461     82.7181969    54.4146195    778200.0000000  129000.0000000  779200.0000000  129200.0000000  
123     384     456     -1      5       82.7369613    53.9529654    0.000   0.247   24.225  0.534   3      -0.200  1.000   383     461     82.7275914    53.9560117    778200.0000000  122600.0000000  779200.0000000  122800.0000000  
124     416     456     0       5       82.7458867    53.4925987    0.000   0.214   20.857  0.343   2      0.000   1.000   416     461     82.7367916    53.4818582    778200.0000000  116200.0000000  779200.0000000  116200.0000000  
125     448     456     0       5       82.7543438    53.0311246    0.000   0.238   23.686  0.412   3      0.000   1.000   448     461     82.7452380    53.0209520    778200.0000000  109800.0000000  779200.0000000  109800.0000000  
126     480     456     0       5       82.7623312    52.5685994    0.000   0.240   24.249  0.381   2      0.000   1.000   480     461     82.7532152    52.5589985    778200.0000000  103400.0000000  779200.0000000  103400.0000000  
127     656     456     0       6       82.7977972    50.0084992    0.000   0.188   18.693  0.319   2      0.000   1.200   656     462     82.7868038    50.0008270    778200.0000000  68200.0000000  779400.0000000  68200.0000000  
128     688     456     0       6       82.8026962    49.5405597    0.000   0.260   25.655  0.433   3      0.000   1.200   688     462     82.7916952    49.5335981    778200.0000000  61800.0000000  779400.0000000  61800.0000000  
129     728     456     -1      4       82.8081455    48.9547880    0.000   0.169   13.720  0.236   1      -0.200  0.800   727     460     82.8006789    48.9653795    778200.0000000  53800.0000000  779000.0000000  54000.0000000  
130     1032    456     -1      4       82.8249384    44.4846317    0.000   0.244   25.897  0.442   3      -0.200  0.800   1031    460     82.8175977    44.4998698    778200.0000000  -7000.0000000  779000.0000000  -6800.0000000  
131     1064    456     -1      4       82.8241670    44.0135086    0.000   0.289   30.010  0.548   3      -0.200  0.800   1063    460     82.8168422    44.0292273    778200.0000000  -13400.0000000  779000.0000000  -13200.0000000  
132     1104    456     -1      4       82.8225224    43.4247999    0.000   0.338   35.682  0.603   3      -0.200  0.800   1103    460     82.8152182    43.4411158    778200.0000000  -21400.0000000  779000.0000000  -21200.0000000  
133     624     464     0       6       82.7777728    50.4646026    0.000   0.211   22.393  0.466   3      0.000   1.200   624     470     82.7667876    50.4562569    779800.0000000  74600.0000000  781000.0000000  74600.0000000  
134     768     464     -1      4       82.7981551    48.3612921    0.000   0.253   26.029  0.372   2      -0.200  0.800   767     468     82.7907027    48.3724845    779800.0000000  45800.0000000  780600.0000000  46000.0000000  
135     840     464     -1      4       82.8047020    47.3058683    0.000   0.261   28.200  0.537   3      -0.200  0.800   839     468     82.7972767    47.3181637    779800.0000000  31400.0000000  780600.0000000  31600.0000000  
136     976     464     -1      5       82.8104094    45.3085919    0.000   0.201   20.808  0.349   2      -0.200  1.000   975     469     82.8012030    45.3228724    779800.0000000  4200.0000000  780800.0000000  4400.0000000  
137     312     472     -1      5       82.6861953    54.9443866    0.000   0.283   21.159  0.494   3      -0.200  1.000   311     477     82.6768206    54.9461396    781400.0000000  137000.0000000  782400.0000000  137200.0000000  
138     936     472     -1      5       82.7949235    45.8944865    0.000   0.258   26.282  0.491   3      -0.200  1.000   935     477     82.7856994    45.9079859    781400.0000000  12200.0000000  782400.0000000  12400.0000000  
139     384     488     -1      5       82.6788217    53.8811047    0.000   0.246   25.131  0.415   3      -0.200  1.000   383     493     82.6694529    53.8842188    784600.0000000  122600.0000000  785600.0000000  122800.0000000  
140     448     488     0       5       82.6960644    52.9664590    0.000   0.254   25.348  0.441   3      0.000   1.000   448     493     82.6869578    52.9564484    784600.0000000  109800.0000000  785600.0000000  109800.0000000  
141     488     488     0       5       82.7058950    52.3926929    0.000   0.267   26.006  0.459   3      0.000   1.000   488     493     82.6967759    52.3833866    784600.0000000  101800.0000000  785600.0000000  101800.0000000  
142     552     488     0       5       82.7201014    51.4716039    0.000   0.156   14.135  0.211   1      0.000   1.000   552     493     82.7109644    51.4634358    784600.0000000  89000.0000000  785600.0000000  89000.0000000  
143     584     488     0       6       82.7264990    51.0097662    0.000   0.177   17.079  0.398   2      0.000   1.200   584     494     82.7155248    51.0006557    784600.0000000  82600.0000000  785800.0000000  82600.0000000  
144     736     488     0       6       82.7504209    48.8063198    0.000   0.282   28.476  0.496   3      0.000   1.200   736     494     82.7394102    48.8005242    784600.0000000  52200.0000000  785800.0000000  52200.0000000  
145     1104    488     -1      4       82.7636882    43.4376424    0.000   0.358   39.124  0.604   3      -0.200  0.800   1103    492     82.7563841    43.4538125    784600.0000000  -21400.0000000  785400.0000000  -21200.0000000  
146     640     496     0       6       82.7219053    50.1891722    0.000   0.262   26.833  0.496   3      0.000   1.200   640     502     82.7109158    50.1813069    786200.0000000  71400.0000000  787400.0000000  71400.0000000  
147     672     496     0       6       82.7269913    49.7262463    0.000   0.226   23.105  0.380   2      0.000   1.200   672     502     82.7159941    49.7190760    786200.0000000  65000.0000000  787400.0000000  65000.0000000  
148     704     496     0       6       82.7316032    49.2627012    0.000   0.289   30.820  0.518   3      0.000   1.200   704     502     82.7205989    49.2562287    786200.0000000  58600.0000000  787400.0000000  58600.0000000  
149     968     496     -1      4       82.7514613    45.4226781    0.000   0.208   20.922  0.410   3      -0.200  0.800   967     500     82.7440910    45.4368082    786200.0000000  5800.0000000  787000.0000000  6000.0000000  
150     920     504     -1      4       82.7355607    46.1198815    0.000   0.255   27.417  0.456   3      -0.200  0.800   919     508     82.7281694    46.1332711    787800.0000000  15400.0000000  788600.0000000  15600.0000000  
151     344     520     -1      5       82.6090498    54.3753788    0.000   0.081   14.626  0.274   1      -0.200  1.000   343     525     82.5996786    54.3778360    791000.0000000  130600.0000000  792000.0000000  130800.0000000  
152     488     520     0       5       82.6475313    52.3335322    0.000   0.242   24.225  0.490   3      0.000   1.000   488     525     82.6384117    52.3243733    791000.0000000  101800.0000000  792000.0000000  101800.0000000  
153     528     520     0       5       82.6565574    51.7627849    0.000   0.187   17.749  0.392   2      0.000   1.000   528     525     82.6474264    51.7543250    791000.0000000  93800.0000000  792000.0000000  93800.0000000  
154     576     520     0       6       82.6664270    51.0761138    0.000   0.180   17.259  0.400   2      0.000   1.200   576     526     82.6554549    51.0669786    791000.0000000  84200.0000000  792200.0000000  84200.0000000  
155     776     520     -1      6       82.6961721    48.1982839    0.000   0.124   14.625  0.410   2      -0.200  1.200   775     526     82.6850523    48.2078692    791000.0000000  44200.0000000  792200.0000000  44400.0000000  
156     640     528     0       6       82.6632946    50.1474972    0.000   0.201   20.934  0.441   3      0.000   1.200   640     534     82.6523051    50.1397574    792600.0000000  71400.0000000  793800.0000000  71400.0000000  
157     672     528     0       6       82.6683396    49.6882541    0.000   0.206   16.421  0.380   3      0.000   1.200   672     534     82.6573424    49.6811983    792600.0000000  65000.0000000  793800.0000000  65000.0000000  
158     704     528     0       6       82.6729142    49.2284065    0.000   0.254   25.962  0.430   3      0.000   1.200   704     534     82.6619101    49.2220375    792600.0000000  58600.0000000  793800.0000000  58600.0000000  
159     960     528     -1      4       82.6924886    45.5349186    0.000   0.276   28.403  0.506   3      -0.200  0.800   959     532     82.6851153    45.5488210    792600.0000000  7400.0000000  793400.0000000  7600.0000000  
160     1112    528     -2      5       82.6897383    43.3378334    0.000   0.207   21.517  0.511   3      -0.400  1.000   1110    533     82.6806526    43.3687818    792600.0000000  -23000.0000000  793600.0000000  -22600.0000000  
161     928     536     -1      4       82.6769915    45.9954699    0.000   0.266   27.949  0.542   3      -0.200  0.800   927     540     82.6696044    46.0088780    794200.0000000  13800.0000000  795000.0000000  14000.0000000  
162     1040    536     -1      4       82.6776657    44.3795965    0.000   0.329   34.708  0.630   3      -0.200  0.800   1039    540     82.6703297    44.3946332    794200.0000000  -8600.0000000  795000.0000000  -8400.0000000  
163     736     544     0       6       82.6476568    48.7529043    0.000   0.201   20.708  0.482   3      0.000   1.200   736     550     82.6366467    48.7472699    795800.0000000  52200.0000000  797000.0000000  52200.0000000  
164     1072    544     -2      5       82.6620820    43.9201622    0.000   0.249   24.953  0.451   3      -0.400  1.000   1070    549     82.6529570    43.9502701    795800.0000000  -15000.0000000  796800.0000000  -14600.0000000  
165     504     552     0       5       82.5928319    52.0489499    0.000   0.126   11.967  0.286   1      0.000   1.000   504     557     82.5837071    52.0402097    797400.0000000  98600.0000000  798400.0000000  98600.0000000  
166     536     552     0       5       82.5998220    51.5955807    0.000   0.156   15.166  0.324   2      0.000   1.000   536     557     82.5906885    51.5873923    797400.0000000  92200.0000000  798400.0000000  92200.0000000  
167     800     552     -1      6       82.6397252    47.8287174    0.000   0.197   18.488  0.421   3      -0.200  1.200   799     558     82.6286141    47.8387878    797400.0000000  39400.0000000  798600.0000000  39600.0000000  
168     1152    552     -2      5       82.6431313    42.7736705    0.000   0.224   23.768  0.479   3      -0.400  1.000   1150    557     82.6340852    42.8051188    797400.0000000  -31000.0000000  798400.0000000  -30600.0000000  
169     1120    560     -2      5       82.6304770    43.2365068    0.000   0.178   18.391  0.410   3      -0.400  1.000   1118    565     82.6213988    43.2673310    799000.0000000  -24600.0000000  800000.0000000  -24200.0000000  
170     432     568     -1      5       82.5462878    53.0338946    0.000   0.232   24.132  0.435   3      -0.200  1.000   431     573     82.5369272    53.0380192    800600.0000000  113000.0000000  801600.0000000  113200.0000000  
171     464     568     -1      5       82.5542827    52.5843301    0.000   0.130   13.516  0.316   2      -0.200  1.000   463     573     82.5449265    52.5890250    800600.0000000  106600.0000000  801600.0000000  106800.0000000  
172     616     568     -1      6       82.5859802    50.4369547    0.000   0.203   20.212  0.407   3      -0.200  1.200   615     574     82.5748225    50.4430298    800600.0000000  76200.0000000  801800.0000000  76400.0000000  
173     584     576     0       6       82.5655399    50.8788477    0.000   0.157   16.080  0.381   2      0.000   1.200   584     582     82.5545650    50.8701281    802200.0000000  82600.0000000  803400.0000000  82600.0000000  
174     648     576     -1      6       82.5766681    49.9728228    0.000   0.179   18.099  0.364   2      -0.200  1.200   647     582     82.5655173    49.9795884    802200.0000000  69800.0000000  803400.0000000  70000.0000000  
175     712     576     0       6       82.5859399    49.0642980    0.000   0.191   16.389  0.393   3      0.000   1.200   712     582     82.5749346    49.0582476    802200.0000000  57000.0000000  803400.0000000  57000.0000000  
176     744     576     0       6       82.5898774    48.6092379    0.000   0.212   21.557  0.449   3      0.000   1.200   744     582     82.5788662    48.6038612    802200.0000000  50600.0000000  803400.0000000  50600.0000000  
177     936     576     -1      6       82.6036826    45.8712972    0.000   0.163   15.380  0.303   2      -0.200  1.200   935     582     82.5926225    45.8842560    802200.0000000  12200.0000000  803400.0000000  12400.0000000  
178     1008    576     -1      5       82.6045078    44.8428691    0.000   0.146   13.413  0.318   2      -0.200  1.000   1007    581     82.5953183    44.8573315    802200.0000000  -2200.0000000  803200.0000000  -2000.0000000  
179     824     584     -1      6       82.5829809    47.4648058    0.000   0.314   32.322  0.568   3      -0.200  1.200   823     590     82.5718789    47.4753447    803800.0000000  34600.0000000  805000.0000000  34800.0000000  
180     864     584     0       6       82.5857790    46.8953866    0.000   0.151   13.700  0.257   1      0.000   1.200   864     590     82.5747520    46.8925632    803800.0000000  26600.0000000  805000.0000000  26600.0000000  
181     904     584     -1      6       82.5878462    46.3255926    0.000   0.193   18.314  0.368   2      -0.200  1.200   903     590     82.5767734    46.3378446    803800.0000000  18600.0000000  805000.0000000  18800.0000000  
182     1152    584     -2      5       82.5843304    42.7913793    0.000   0.229   23.162  0.472   3      -0.400  1.000   1150    589     82.5752837    42.8225563    803800.0000000  -31000.0000000  804800.0000000  -30600.0000000  
183     552     600     -1      5       82.5154196    51.2934324    0.000   0.122   13.994  0.400   2      -0.200  1.000   551     605     82.5060800    51.2997176    807000.0000000  89000.0000000  808000.0000000  89200.0000000  
184     456     608     -1      6       82.4794347    52.6215615    0.000   0.139   15.297  0.398   2      -0.200  1.200   455     614     82.4682565    52.6243020    808600.0000000  108200.0000000  809800.0000000  108400.0000000  
185     1048    608     -1      5       82.5451016    44.2772867    0.000   0.237   24.537  0.349   2      -0.200  1.000   1047    613     82.5359315    44.2923312    808600.0000000  -10200.0000000  809600.0000000  -10000.0000000  
186     1088    608     -1      5       82.5438102    43.7106021    0.000   0.283   30.936  0.513   3      -0.200  1.000   1087    613     82.5346599    43.7263412    808600.0000000  -18200.0000000  809600.0000000  -18000.0000000  
187     600     616     -1      6       82.4953001    50.5971418    0.000   0.221   24.416  0.444   3      -0.200  1.200   599     622     82.4841414    50.6029049    810200.0000000  79400.0000000  811400.0000000  79600.0000000  
188     688     616     -1      6       82.5093454    49.3619301    0.000   0.242   23.700  0.373   2      -0.200  1.200   687     622     82.4982054    49.3695450    810200.0000000  61800.0000000  811400.0000000  62000.0000000  
189     792     616     -1      6       82.5214517    47.8969696    0.000   0.235   23.280  0.400   3      -0.200  1.200   791     622     82.5103405    47.9067791    810200.0000000  41000.0000000  811400.0000000  41200.0000000  
190     1144    616     -2      4       82.5260805    42.9218006    0.000   0.152   14.544  0.400   3      -0.400  0.800   1142    620     82.5188628    42.9520716    810200.0000000  -29400.0000000  811000.0000000  -29000.0000000  
191     1176    616     -2      5       82.5237150    42.4699389    0.000   0.203   21.111  0.492   3      -0.400  1.000   1174    621     82.5146916    42.5012518    810200.0000000  -35800.0000000  811200.0000000  -35400.0000000  
192     632     624     -1      6       82.4861594    50.1384238    0.000   0.217   22.184  0.458   3      -0.200  1.200   631     630     82.4750071    50.1448618    811800.0000000  73000.0000000  813000.0000000  73200.0000000  
193     856     624     -1      6       82.5117716    46.9895190    0.000   0.236   24.079  0.469   3      -0.200  1.200   855     630     82.5006822    47.0006627    811800.0000000  28200.0000000  813000.0000000  28400.0000000  
194     928     624     -1      6       82.5151950    45.9738921    0.000   0.321   34.204  0.532   3      -0.200  1.200   927     630     82.5041330    45.9865457    811800.0000000  13800.0000000  813000.0000000  14000.0000000  
195     496     632     -1      6       82.4450407    52.0226933    0.000   0.121   14.078  0.344   2      -0.200  1.200   495     638     82.4338673    52.0263082    813400.0000000  100200.0000000  814600.0000000  100400.0000000  
196     752     632     -1      6       82.4880075    48.4473869    0.000   0.310   31.871  0.525   3      -0.200  1.200   751     638     82.4768850    48.4563370    813400.0000000  49000.0000000  814600.0000000  49200.0000000  
197     720     640     -1      6       82.4695644    48.8887248    0.000   0.258   27.289  0.489   3      -0.200  1.200   719     646     82.4584334    48.8970001    815000.0000000  55400.0000000  816200.0000000  55600.0000000  
198     552     648     -1      5       82.4276916    51.2200298    0.000   0.215   21.042  0.406   3      -0.200  1.000   551     653     82.4183539    51.2263327    816600.0000000  89000.0000000  817600.0000000  89200.0000000  
199     632     656     -1      6       82.4275591    50.0984435    0.000   0.199   21.519  0.438   3      -0.200  1.200   631     662     82.4164082    50.1048905    818200.0000000  73000.0000000  819400.0000000  73200.0000000  
200     816     656     -1      6       82.4500783    47.5333115    0.000   0.254   26.495  0.459   3      -0.200  1.200   815     662     82.4389764    47.5435637    818200.0000000  36200.0000000  819400.0000000  36400.0000000  
201     1048    656     -1      5       82.4568520    44.2857655    0.000   0.303   32.136  0.576   3      -0.200  1.000   1047    661     82.4476825    44.3006234    818200.0000000  -10200.0000000  819200.0000000  -10000.0000000  
202     664     664     -1      6       82.4179001    49.6444709    0.000   0.275   28.375  0.454   3      -0.200  1.200   663     670     82.4067564    49.6515781    819800.0000000  66600.0000000  821000.0000000  66800.0000000  
203     904     664     -1      6       82.4407884    46.2997300    0.000   0.208   20.694  0.423   3      -0.200  1.200   903     670     82.4297181    46.3117813    819800.0000000  18600.0000000  821000.0000000  18800.0000000  
204     960     664     -1      6       82.4424209    45.5171716    0.000   0.238   25.067  0.462   3      -0.200  1.200   959     670     82.4313732    45.5303721    819800.0000000  7400.0000000  821000.0000000  7600.0000000  
205     1080    664     -1      5       82.4411831    43.8399854    0.000   0.320   34.579  0.571   3      -0.200  1.000   1079    669     82.4320291    43.8553536    819800.0000000  -16600.0000000  820800.0000000  -16400.0000000  
206     1016    672     -1      5       82.4279387    44.7349374    0.000   0.196   17.995  0.455   3      -0.200  1.000   1015    677     82.4187545    44.7491932    821400.0000000  -3800.0000000  822400.0000000  -3600.0000000  
207     1144    672     -1      5       82.4231844    42.9501131    0.000   0.301   31.456  0.542   3      -0.200  1.000   1143    677     82.4140632    42.9665196    821400.0000000  -29400.0000000  822400.0000000  -29200.0000000  
208     1184    672     -1      5       82.4201965    42.3930081    0.000   0.278   30.368  0.501   3      -0.200  1.000   1183    677     82.4110968    42.4100789    821400.0000000  -37400.0000000  822400.0000000  -37200.0000000  
209     704     680     -1      6       82.3941580    49.0727531    0.000   0.317   33.042  0.522   3      -0.200  1.200   703     686     82.3830246    49.0806765    823000.0000000  58600.0000000  824200.0000000  58800.0000000  
210     872     680     -1      6       82.4098217    46.7399200    0.000   0.229   23.075  0.465   3      -0.200  1.200   871     686     82.3987400    46.7512788    823000.0000000  25000.0000000  824200.0000000  25200.0000000  
211     1112    680     -1      5       82.4103577    43.3991980    0.000   0.325   33.687  0.597   3      -0.200  1.000   1111    685     82.4012199    43.4150358    823000.0000000  -23000.0000000  824000.0000000  -22800.0000000  
212     808     688     -1      6       82.3906436    47.6246245    0.000   0.308   32.295  0.561   3      -0.200  1.200   807     694     82.3795403    47.6346631    824600.0000000  37800.0000000  825800.0000000  38000.0000000  
213     936     696     -1      6       82.3830679    45.8459909    0.000   0.225   22.927  0.396   2      -0.200  1.200   935     702     82.3720113    45.8586107    826200.0000000  12200.0000000  827400.0000000  12400.0000000  
214     968     704     -1      6       82.3690017    45.4014376    0.000   0.235   24.002  0.414   3      -0.200  1.200   967     710     82.3579585    45.4146787    827800.0000000  5800.0000000  829000.0000000  6000.0000000  
215     1192    704     -1      5       82.3607485    42.3026283    0.000   0.318   33.714  0.551   3      -0.200  1.000   1191    709     82.3516529    42.3196738    827800.0000000  -39000.0000000  828800.0000000  -38800.0000000  
216     576     712     -1      6       82.3152971    50.7967604    0.000   0.223   22.542  0.451   3      -0.200  1.200   575     718     82.3041381    50.8020980    829400.0000000  84200.0000000  830600.0000000  84400.0000000  
217     672     712     -1      6       82.3311055    49.4811057    0.000   0.311   32.076  0.480   3      -0.200  1.200   671     718     82.3199656    49.4883700    829400.0000000  65000.0000000  830600.0000000  65200.0000000  
218     872     712     -1      6       82.3510188    46.7265022    0.000   0.269   27.659  0.473   3      -0.200  1.200   871     718     82.3399381    46.7377930    829400.0000000  25000.0000000  830600.0000000  25200.0000000  
219     1136    712     -1      5       82.3502000    43.0802670    0.000   0.343   36.720  0.591   3      -0.200  1.000   1135    717     82.3410747    43.0963613    829400.0000000  -27800.0000000  830400.0000000  -27600.0000000  
220     776     720     -1      6       82.3289775    48.0446322    0.000   0.259   27.837  0.447   3      -0.200  1.200   775     726     82.3178654    48.0539810    831000.0000000  44200.0000000  832200.0000000  44400.0000000  
221     1008    728     -1      5       82.3250410    44.8486063    0.000   0.121   16.233  0.366   1      -0.200  1.000   1007    733     82.3158542    44.8625344    832600.0000000  -2200.0000000  833600.0000000  -2000.0000000  
222     624     736     -1      6       82.2797637    50.1101960    0.000   0.252   26.881  0.472   3      -0.200  1.200   623     742     82.2686145    50.1165024    834200.0000000  74600.0000000  835400.0000000  74800.0000000  
223     840     736     -1      6       82.3049315    47.1556444    0.000   0.280   30.643  0.519   3      -0.200  1.200   839     742     82.2938404    47.1662483    834200.0000000  31400.0000000  835400.0000000  31600.0000000  
224     976     736     -1      6       82.3102641    45.2884683    0.000   0.266   28.535  0.497   3      -0.200  1.200   975     742     82.2992252    45.3017705    834200.0000000  4200.0000000  835400.0000000  4400.0000000  
225     1072    736     -1      5       82.3091219    43.9698584    0.000   0.330   36.111  0.584   3      -0.200  1.000   1071    741     82.2999648    43.9848075    834200.0000000  -15000.0000000  835200.0000000  -14800.0000000  
226     1104    736     -1      5       82.3078388    43.5304953    0.000   0.306   32.510  0.536   3      -0.200  1.000   1103    741     82.2986973    43.5459653    834200.0000000  -21400.0000000  835200.0000000  -21200.0000000  
227     1232    736     -1      5       82.2982014    41.7752845    0.000   0.260   27.254  0.502   3      -0.200  1.000   1231    741     82.2891277    41.7928145    834200.0000000  -47000.0000000  835200.0000000  -46800.0000000  
228     1168    744     -1      5       82.2892266    42.6568281    0.000   0.209   20.633  0.395   2      -0.200  1.000   1167    749     82.2801179    42.6732964    835800.0000000  -34200.0000000  836800.0000000  -34000.0000000  
229     1200    744     -1      5       82.2865970    42.2189740    0.000   0.208   22.003  0.337   2      -0.200  1.000   1199    749     82.2775056    42.2359542    835800.0000000  -40600.0000000  836800.0000000  -40400.0000000  
230     728     752     -1      6       82.2650813    48.6759998    0.000   0.335   35.606  0.567   3      -0.200  1.200   727     758     82.2539570    48.6843625    837400.0000000  53800.0000000  838600.0000000  54000.0000000  
231     760     752     -1      6       82.2686292    48.2397003    0.000   0.308   34.254  0.528   3      -0.200  1.200   759     758     82.2575137    48.2486952    837400.0000000  47400.0000000  838600.0000000  47600.0000000  
232     792     752     -1      6       82.2717296    47.8030243    0.000   0.285   29.622  0.484   3      -0.200  1.200   791     758     82.2606236    47.8126516    837400.0000000  41000.0000000  838600.0000000  41200.0000000  
233     896     752     -1      6       82.2787102    46.3818370    0.000   0.257   27.004  0.507   3      -0.200  1.200   895     758     82.2676397    46.3935171    837400.0000000  20200.0000000  838600.0000000  20400.0000000  
234     656     768     -1      6       82.2261526    49.6383916    0.000   0.344   38.366  0.564   3      -0.200  1.200   655     774     82.2150114    49.6453320    840600.0000000  68200.0000000  841800.0000000  68400.0000000  
235     688     768     -1      6       82.2306873    49.2047588    0.000   0.344   38.164  0.588   3      -0.200  1.200   687     774     82.2195535    49.2123258    840600.0000000  61800.0000000  841800.0000000  62000.0000000  
236     976     768     -1      6       82.2514416    45.2862720    0.000   0.289   30.499  0.520   3      -0.200  1.200   975     774     82.2404034    45.2994763    840600.0000000  4200.0000000  841800.0000000  4400.0000000  
237     1008    768     -1      5       82.2515116    44.8500471    0.000   0.124   11.890  0.242   1      -0.200  1.000   1007    773     82.2423254    44.8638411    840600.0000000  -2200.0000000  841600.0000000  -2000.0000000  
238     1072    768     -1      5       82.2503081    43.9776999    0.000   0.385   43.065  0.623   3      -0.200  1.000   1071    773     82.2411514    43.9925260    840600.0000000  -15000.0000000  841600.0000000  -14800.0000000  
239     1112    768     -1      5       82.2486467    43.4326978    0.000   0.206   22.057  0.303   2      -0.200  1.000   1111    773     82.2395093    43.4481650    840600.0000000  -23000.0000000  841600.0000000  -22800.0000000  
240     608     784     -1      6       82.1892350    50.2678881    0.000   0.195   19.147  0.204   1      -0.200  1.200   607     790     82.1780847    50.2738960    843800.0000000  77800.0000000  845000.0000000  78000.0000000  
241     728     784     -1      6       82.2063812    48.6481939    0.000   0.292   31.817  0.590   3      -0.200  1.200   727     790     82.1952581    48.6565332    843800.0000000  53800.0000000  845000.0000000  54000.0000000  
242     832     784     -1      6       82.2161996    47.2396274    0.000   0.338   37.091  0.539   3      -0.200  1.200   831     790     82.2051076    47.2499905    843800.0000000  33000.0000000  845000.0000000  33200.0000000  
243     888     784     -1      6       82.2195402    46.4799362    0.000   0.255   26.235  0.510   3      -0.200  1.200   887     790     82.2084677    46.4913875    843800.0000000  21800.0000000  845000.0000000  22000.0000000  
244     944     784     -1      6       82.2215160    45.7197242    0.000   0.252   26.121  0.474   3      -0.200  1.200   943     790     82.2104651    45.7322612    843800.0000000  10600.0000000  845000.0000000  10800.0000000  
245     1248    784     -1      5       82.2084162    41.5953284    0.000   0.099   9.957   0.289   2      -0.200  1.000   1247    789     82.1993509    41.6128658    843800.0000000  -50200.0000000  844800.0000000  -50000.0000000  
246     1168    792     -1      5       82.2010682    42.6834070    0.000   0.207   20.135  0.421   3      -0.200  1.000   1167    797     82.1919594    42.6996577    845400.0000000  -34200.0000000  846400.0000000  -34000.0000000  
247     1032    800     -1      5       82.1924529    44.5264919    0.000   0.278   30.452  0.447   3      -0.200  1.000   1031    805     82.1832780    44.5405626    847000.0000000  -7000.0000000  848000.0000000  -6800.0000000  
248     664     808     -1      6       82.1540339    49.4875007    0.000   0.272   29.119  0.469   3      -0.200  1.200   663     814     82.1428961    49.4945917    848600.0000000  66600.0000000  849800.0000000  66800.0000000  
249     784     808     -1      6       82.1681941    47.8738545    0.000   0.393   41.928  0.675   3      -0.200  1.200   783     814     82.1570878    47.8832537    848600.0000000  42600.0000000  849800.0000000  42800.0000000  
250     816     816     -1      6       82.1562314    47.4380795    0.000   0.321   34.934  0.598   3      -0.200  1.200   815     822     82.1451354    47.4480821    850200.0000000  36200.0000000  851400.0000000  36400.0000000  
251     912     816     -1      6       82.1617488    46.1454934    0.000   0.241   24.564  0.506   3      -0.200  1.200   911     822     82.1506863    46.1573331    850200.0000000  17000.0000000  851400.0000000  17200.0000000  
252     728     824     -1      6       82.1330090    48.6140218    0.000   0.283   29.773  0.521   3      -0.200  1.200   727     830     82.1218875    48.6223316    851800.0000000  53800.0000000  853000.0000000  54000.0000000  
253     880     824     -1      6       82.1456537    46.5735902    0.000   0.254   26.577  0.406   3      -0.200  1.200   879     830     82.1345796    46.5848013    851800.0000000  23400.0000000  853000.0000000  23600.0000000  
254     976     832     -1      6       82.1338084    45.2819784    0.000   0.415   47.677  0.632   3      -0.200  1.200   975     838     82.1227718    45.2949909    853400.0000000  4200.0000000  854600.0000000  4400.0000000  
255     1032    832     -1      5       82.1336395    44.5300428    0.000   0.236   25.262  0.471   3      -0.200  1.000   1031    837     82.1244651    44.5440039    853400.0000000  -7000.0000000  854400.0000000  -6800.0000000  
256     1240    832     -1      7       82.1211967    41.7406018    0.000   0.135   13.862  0.344   2      -0.200  1.400   1239    839     82.1084564    41.7592912    853400.0000000  -48600.0000000  854800.0000000  -48400.0000000  
257     696     848     -1      6       82.0850826    49.0200142    0.000   0.245   25.762  0.426   3      -0.200  1.200   695     854     82.0739540    49.0277020    856600.0000000  60200.0000000  857800.0000000  60400.0000000  
258     912     848     -1      6       82.1029471    46.1369372    0.000   0.210   22.009  0.452   3      -0.200  1.200   911     854     82.0918856    46.1487006    856600.0000000  17000.0000000  857800.0000000  17200.0000000  
259     944     848     -1      6       82.1038945    45.7089707    0.000   0.343   38.473  0.614   3      -0.200  1.200   943     854     82.0928453    45.7213357    856600.0000000  10600.0000000  857800.0000000  10800.0000000  
260     1080    848     -1      5       82.1030192    43.8898075    0.000   0.348   38.168  0.524   3      -0.200  1.000   1079    853     82.0938671    43.9044586    856600.0000000  -16600.0000000  857600.0000000  -16400.0000000  
261     1112    848     -1      5       82.1016602    43.4619585    0.000   0.277   31.078  0.467   3      -0.200  1.000   1111    853     82.0925233    43.4771034    856600.0000000  -23000.0000000  857600.0000000  -22800.0000000  
262     880     856     -1      6       82.0868635    46.5618610    0.000   0.219   22.149  0.457   3      -0.200  1.200   879     862     82.0757905    46.5730052    858200.0000000  23400.0000000  859400.0000000  23600.0000000  
263     1144    856     -1      5       82.0851682    43.0379429    0.000   0.139   13.080  0.230   1      -0.200  1.000   1143    861     82.0760472    43.0535462    858200.0000000  -29400.0000000  859200.0000000  -29200.0000000  
264     1176    856     0       5       82.0829359    42.6112790    0.000   0.199   20.081  0.485   3      0.000   1.000   1176    861     82.0737548    42.6140560    858200.0000000  -35800.0000000  859200.0000000  -35800.0000000  
265     816     864     -1      6       82.0680925    47.4108897    0.000   0.255   26.922  0.481   3      -0.200  1.200   815     870     82.0569982    47.4208190    859800.0000000  36200.0000000  861000.0000000  36400.0000000  
266     1280    864     0       6       82.0579918    41.2336952    0.000   0.147   13.443  0.360   2      0.000   1.200   1280    870     82.0469892    41.2389294    859800.0000000  -56600.0000000  861000.0000000  -56600.0000000  
267     1008    872     -1      6       82.0603639    44.8536679    0.000   0.354   37.844  0.605   3      -0.200  1.200   1007    878     82.0493419    44.8671559    861400.0000000  -2200.0000000  862600.0000000  -2000.0000000  
268     728     880     -1      6       82.0302938    48.5672410    0.000   0.235   24.670  0.369   2      -0.200  1.200   727     886     82.0191746    48.5755089    863000.0000000  53800.0000000  864200.0000000  54000.0000000  
269     776     880     -1      6       82.0352941    47.9319381    0.000   0.269   29.588  0.544   3      -0.200  1.200   775     886     82.0241882    47.9410991    863000.0000000  44200.0000000  864200.0000000  44400.0000000  
270     944     880     -1      6       82.0450896    45.7037135    0.000   0.383   41.876  0.602   3      -0.200  1.200   943     886     82.0340414    45.7159942    863000.0000000  10600.0000000  864200.0000000  10800.0000000  
271     1088    880     -1      5       82.0439245    43.7918556    0.000   0.344   36.721  0.548   3      -0.200  1.000   1087    885     82.0347765    43.8065106    863000.0000000  -18200.0000000  864000.0000000  -18000.0000000  
272     1168    896     -1      5       82.0100834    42.7389767    0.000   0.249   25.260  0.494   3      -0.200  1.000   1167    901     82.0009745    42.7547748    866200.0000000  -34200.0000000  867200.0000000  -34000.0000000  
273     1056    904     0       5       82.0008462    44.2209627    0.000   0.224   22.393  0.458   3      0.000   1.000   1056    909     81.9916589    44.2218593    867800.0000000  -11800.0000000  868800.0000000  -11800.0000000  
274     784     912     -1      6       81.9772988    47.8052101    0.000   0.217   22.440  0.442   3      -0.200  1.200   783     918     81.9661965    47.8144804    869400.0000000  42600.0000000  870600.0000000  42800.0000000  
275     840     912     -2      6       81.9816741    47.0684447    0.000   0.175   15.778  0.444   3      -0.400  1.200   838     918     81.9705225    47.0918862    869400.0000000  31400.0000000  870600.0000000  31800.0000000  
276     872     912     -2      6       81.9835805    46.6471128    0.000   0.166   15.833  0.366   2      -0.400  1.200   870     918     81.9724532    46.6711464    869400.0000000  25000.0000000  870600.0000000  25400.0000000  
277     944     912     -1      6       81.9862887    45.6985337    0.000   0.341   38.215  0.577   3      -0.200  1.200   943     918     81.9752413    45.7107313    869400.0000000  10600.0000000  870600.0000000  10800.0000000  
278     1232    912     0       6       81.9752183    41.9055867    0.000   0.176   17.632  0.359   2      0.000   1.200   1232    918     81.9642090    41.9098437    869400.0000000  -47000.0000000  870600.0000000  -47000.0000000  
279     1272    920     0       6       81.9562429    41.3868089    0.000   0.124   14.620  0.409   3      0.000   1.200   1272    926     81.9452396    41.3917669    871000.0000000  -55000.0000000  872200.0000000  -55000.0000000  
280     904     928     -1      6       81.9556601    46.2211095    0.000   0.315   34.612  0.555   3      -0.200  1.200   903     934     81.9445981    46.2325412    872600.0000000  18600.0000000  873800.0000000  18800.0000000  
281     1176    928     -1      5       81.9507368    42.6506541    0.000   0.229   23.464  0.399   2      -0.200  1.000   1175    933     81.9416319    42.6664357    872600.0000000  -35800.0000000  873600.0000000  -35600.0000000  
282     1224    944     0       5       81.9172773    42.0325393    0.000   0.126   10.980  0.233   1      0.000   1.000   1224    949     81.9081024    42.0359176    875800.0000000  -45400.0000000  876800.0000000  -45400.0000000  
283     1016    952     0       5       81.9133058    44.7518548    0.000   0.144   13.555  0.293   1      0.000   1.000   1016    957     81.9041187    44.7521373    877400.0000000  -3800.0000000  878400.0000000  -3800.0000000  
284     1056    952     0       5       81.9126524    44.2294855    0.000   0.324   33.538  0.600   3      0.000   1.000   1056    957     81.9034661    44.2303626    877400.0000000  -11800.0000000  878400.0000000  -11800.0000000  
285     1088    952     0       5       81.9116473    43.8116781    0.000   0.308   31.389  0.520   3      0.000   1.000   1088    957     81.9024622    43.8130305    877400.0000000  -18200.0000000  878400.0000000  -18200.0000000  
286     1296    952     1       6       81.8946810    41.1009835    0.000   0.096   8.654   0.218   1      0.200   1.200   1297    958     81.8835571    41.0933103    877400.0000000  -59800.0000000  878600.0000000  -60000.0000000  
287     1160    960     0       5       81.8931300    42.8760106    0.000   0.199   20.629  0.462   3      0.000   1.000   1160    965     81.8839494    42.8784220    879000.0000000  -32600.0000000  880000.0000000  -32600.0000000  
288     864     968     -1      6       81.8802928    46.7301890    0.000   0.292   29.957  0.512   3      -0.200  1.200   863     974     81.8692180    46.7408192    880600.0000000  26600.0000000  881800.0000000  26800.0000000  
289     896     968     -1      6       81.8818546    46.3140720    0.000   0.394   42.526  0.584   3      -0.200  1.200   895     974     81.8707910    46.3252727    880600.0000000  20200.0000000  881800.0000000  20400.0000000  
290     936     968     -1      6       81.8832064    45.7937359    0.000   0.326   33.008  0.514   3      -0.200  1.200   935     974     81.8721576    45.8056485    880600.0000000  12200.0000000  881800.0000000  12400.0000000  
291     1328    968     1       6       81.8611552    40.7008182    0.000   0.126   11.588  0.278   1      0.200   1.200   1329    974     81.8500245    40.6937247    880600.0000000  -66200.0000000  881800.0000000  -66400.0000000  
292     968     976     -1      6       81.8691087    45.3766841    0.000   0.212   21.205  0.438   3      -0.200  1.200   967     982     81.8580726    45.3891435    882200.0000000  5800.0000000  883400.0000000  6000.0000000  
293     1216    976     0       5       81.8593012    42.1576783    0.000   0.170   16.651  0.273   1      0.000   1.000   1216    981     81.8501259    42.1608913    882200.0000000  -43800.0000000  883200.0000000  -43800.0000000  
294     1080    984     0       5       81.8531531    43.9239668    0.000   0.364   38.598  0.610   3      0.000   1.000   1080    989     81.8439682    43.9251827    883800.0000000  -16600.0000000  884800.0000000  -16600.0000000  
295     1344    1000    1       7       81.8002866    40.5262200    0.000   0.285   30.098  0.563   3      0.200   1.400   1345    1007    81.7873221    40.5204214    887000.0000000  -69400.0000000  888400.0000000  -69600.0000000  
296     1200    1008    0       5       81.8019751    42.3839838    0.000   0.148   16.085  0.387   2      0.000   1.000   1200    1013    81.7927987    42.3869204    888600.0000000  -40600.0000000  889600.0000000  -40600.0000000  
297     944     1016    -1      5       81.7952134    45.6822136    0.000   0.242   24.035  0.438   3      -0.200  1.000   943     1021    81.7860061    45.6943045    890200.0000000  10600.0000000  891200.0000000  10800.0000000  
298     1000    1016    0       5       81.7957912    44.9613823    0.000   0.210   22.603  0.462   3      0.000   1.000   1000    1021    81.7866053    44.9614256    890200.0000000  -600.0000000  891200.0000000  -600.0000000  
299     1152    1016    0       4       81.7908363    43.0055586    0.000   0.182   18.895  0.459   3      0.000   0.800   1152    1020    81.7834921    43.0073479    890200.0000000  -31000.0000000  891000.0000000  -31000.0000000  
300     888     1024    -2      6       81.7786485    46.4003132    0.000   0.133   13.658  0.318   1      -0.400  1.200   886     1030    81.7675385    46.4240810    891800.0000000  21800.0000000  893000.0000000  22200.0000000  
301     1064    1024    0       5       81.7801710    44.1391504    0.000   0.339   36.787  0.649   3      0.000   1.000   1064    1029    81.7709863    44.1401145    891800.0000000  -13400.0000000  892800.0000000  -13400.0000000  
302     1104    1024    0       5       81.7787375    43.6253707    0.000   0.314   33.897  0.559   3      0.000   1.000   1104    1029    81.7695544    43.6269098    891800.0000000  -21400.0000000  892800.0000000  -21400.0000000  
303     1248    1024    1       6       81.7681275    41.7781835    0.000   0.202   19.613  0.356   2      0.200   1.200   1249    1030    81.7570189    41.7697122    891800.0000000  -50200.0000000  893000.0000000  -50400.0000000  
304     1280    1032    1       6       81.7499463    41.3749576    0.000   0.336   36.651  0.581   3      0.200   1.200   1281    1038    81.7388297    41.3670493    893400.0000000  -56600.0000000  894600.0000000  -56800.0000000  
305     1312    1032    1       6       81.7460202    40.9663435    0.000   0.277   29.446  0.557   3      0.200   1.200   1313    1038    81.7348959    40.9589905    893400.0000000  -63000.0000000  894600.0000000  -63200.0000000  
306     1344    1032    1       7       81.7416762    40.5581399    0.000   0.244   25.531  0.527   3      0.200   1.400   1345    1039    81.7287131    40.5523323    893400.0000000  -69400.0000000  894800.0000000  -69600.0000000  
307     944     1048    -1      5       81.7364296    45.6773444    0.000   0.274   26.813  0.510   3      -0.200  1.000   943     1053    81.7272232    45.6893545    896600.0000000  10600.0000000  897600.0000000  10800.0000000  
308     1000    1048    0       4       81.7370033    44.9616580    0.000   0.240   24.780  0.397   2      0.000   0.800   1000    1052    81.7296551    44.9616922    896600.0000000  -600.0000000  897400.0000000  -600.0000000  
309     1080    1056    0       5       81.7209000    43.9412139    0.000   0.330   36.152  0.589   3      0.000   1.000   1080    1061    81.7117165    43.9423911    898200.0000000  -16600.0000000  899200.0000000  -16600.0000000  
310     1152    1056    0       4       81.7173966    43.0233084    0.000   0.204   19.875  0.459   3      0.000   0.800   1152    1060    81.7100530    43.0250660    898200.0000000  -31000.0000000  899000.0000000  -31000.0000000  
311     1208    1064    0       5       81.6985286    42.3148350    0.000   0.134   12.876  0.355   2      0.000   1.000   1208    1069    81.6893539    42.3178115    899800.0000000  -42200.0000000  900800.0000000  -42200.0000000  
312     1280    1064    0       6       81.6912785    41.4006734    0.000   0.398   42.819  0.657   3      0.000   1.200   1280    1070    81.6802785    41.4054546    899800.0000000  -56600.0000000  901000.0000000  -56600.0000000  
313     1312    1064    0       6       81.6873804    40.9949399    0.000   0.312   32.470  0.470   3      0.000   1.200   1312    1070    81.6763857    41.0002568    899800.0000000  -63000.0000000  901000.0000000  -63000.0000000  
314     1344    1072    0       7       81.6684155    40.5974061    0.000   0.263   28.183  0.510   3      0.000   1.400   1344    1079    81.6555951    40.6042066    901400.0000000  -69400.0000000  902800.0000000  -69400.0000000  
315     1016    1080    0       4       81.6781480    44.7588896    0.000   0.327   34.819  0.609   3      0.000   0.800   1016    1084    81.6708004    44.7591030    903000.0000000  -3800.0000000  903800.0000000  -3800.0000000  
316     1376    1080    0       7       81.6490531    40.2017030    0.000   0.284   29.906  0.514   3      0.000   1.400   1376    1087    81.6362402    40.2090961    903000.0000000  -75800.0000000  904400.0000000  -75800.0000000  
317     984     1088    0       4       81.6634918    45.1646790    0.000   0.260   25.559  0.454   3      0.000   0.800   984     1092    81.6561443    45.1645335    904600.0000000  2600.0000000  905400.0000000  2600.0000000  
318     1128    1088    0       4       81.6600421    43.3410017    0.000   0.294   30.530  0.516   3      0.000   0.800   1128    1092    81.6526977    43.3424667    904600.0000000  -26200.0000000  905400.0000000  -26200.0000000  
319     952     1096    -1      5       81.6484207    45.5690190    0.000   0.166   17.524  0.269   1      -0.200  1.000   951     1101    81.6392185    45.5810219    906200.0000000  9000.0000000  907200.0000000  9200.0000000  
320     1232    1096    0       5       81.6376447    42.0310186    0.000   0.332   34.603  0.593   3      0.000   1.000   1232    1101    81.6284729    42.0342855    906200.0000000  -47000.0000000  907200.0000000  -47000.0000000  
321     1200    1104    0       5       81.6258024    42.4392382    0.000   0.225   24.168  0.475   3      0.000   1.000   1200    1109    81.6166276    42.4420522    907800.0000000  -40600.0000000  908800.0000000  -40600.0000000  
322     1280    1104    0       6       81.6179472    41.4323102    0.000   0.303   32.509  0.559   3      0.000   1.200   1280    1110    81.6069478    41.4370079    907800.0000000  -56600.0000000  909000.0000000  -56600.0000000  
323     1048    1112    0       5       81.6189166    44.3573868    0.000   0.211   22.654  0.437   3      0.000   1.000   1048    1117    81.6097332    44.3580926    909400.0000000  -10200.0000000  910400.0000000  -10200.0000000  
324     1376    1120    0       7       81.5758372    40.2436453    0.000   0.269   28.681  0.455   3      0.000   1.400   1376    1127    81.5630246    40.2509101    911000.0000000  -75800.0000000  912400.0000000  -75800.0000000  
325     1192    1136    0       5       81.5677240    42.5572289    0.000   0.226   24.097  0.455   3      0.000   1.000   1192    1141    81.5585490    42.5598948    914200.0000000  -39000.0000000  915200.0000000  -39000.0000000  
326     1224    1136    0       5       81.5650139    42.1569753    0.000   0.277   30.049  0.470   3      0.000   1.000   1224    1141    81.5558419    42.1600767    914200.0000000  -45400.0000000  915200.0000000  -45400.0000000  
327     1264    1136    0       6       81.5610499    41.6570531    0.000   0.247   26.031  0.503   3      0.000   1.200   1264    1142    81.5500487    41.6614255    914200.0000000  -53400.0000000  915400.0000000  -53400.0000000  
328     1296    1136    0       6       81.5574181    41.2574783    0.000   0.299   32.365  0.498   3      0.000   1.200   1296    1142    81.5464217    41.2623705    914200.0000000  -59800.0000000  915400.0000000  -59800.0000000  
329     1016    1144    0       4       81.5605942    44.7622595    0.000   0.187   20.118  0.425   3      0.000   0.800   1016    1148    81.5532477    44.7624670    915800.0000000  -3800.0000000  916600.0000000  -3800.0000000  
330     1120    1144    0       4       81.5576330    43.4613045    0.000   0.336   36.697  0.525   3      0.000   0.800   1120    1148    81.5502891    43.4626468    915800.0000000  -24600.0000000  916600.0000000  -24600.0000000  
331     1152    1152    0       4       81.5411651    43.0646462    0.000   0.301   31.641  0.456   3      0.000   0.800   1152    1156    81.5338228    43.0663311    917400.0000000  -31000.0000000  918200.0000000  -31000.0000000  
332     1056    1168    0       4       81.5158935    44.2656385    0.000   0.272   28.016  0.482   3      0.000   0.800   1056    1172    81.5085479    44.2662761    920600.0000000  -11800.0000000  921400.0000000  -11800.0000000  
333     1088    1168    0       4       81.5149361    43.8674263    0.000   0.273   28.761  0.500   3      0.000   0.800   1088    1172    81.5075913    43.8684094    920600.0000000  -18200.0000000  921400.0000000  -18200.0000000  
334     1200    1168    0       5       81.5083709    42.4747966    0.000   0.288   30.722  0.447   3      0.000   1.000   1200    1173    81.4991972    42.4775330    920600.0000000  -40600.0000000  921600.0000000  -40600.0000000  
335     1416    1168    0       7       81.4816372    39.7988373    0.000   0.199   20.203  0.382   2      0.000   1.400   1416    1175    81.4688348    39.8066917    920600.0000000  -83800.0000000  922000.0000000  -83800.0000000  
336     1280    1176    0       6       81.4859613    41.4878786    0.000   0.274   27.514  0.476   3      0.000   1.200   1280    1182    81.4749631    41.4924313    922200.0000000  -56600.0000000  923400.0000000  -56600.0000000  
337     1368    1176    0       7       81.4745296    40.3999043    0.000   0.189   17.749  0.352   2      0.000   1.400   1368    1183    81.4617158    40.4068473    922200.0000000  -74200.0000000  923600.0000000  -74200.0000000  
338     1320    1184    0       6       81.4664887    40.9999006    0.000   0.220   22.867  0.380   2      0.000   1.200   1320    1190    81.4554969    41.0050731    923800.0000000  -64600.0000000  925000.0000000  -64600.0000000  
339     1096    1200    -1      4       81.4558788    43.7763927    0.000   0.224   24.056  0.538   3      -0.200  0.800   1095    1204    81.4485738    43.7897928    927000.0000000  -19800.0000000  927800.0000000  -19600.0000000  
340     1184    1200    0       5       81.4508955    42.6896433    0.000   0.161   16.074  0.460   3      0.000   1.000   1184    1205    81.4417210    42.6921303    927000.0000000  -37400.0000000  928000.0000000  -37400.0000000  
341     1136    1208    0       4       81.4393088    43.2852175    0.000   0.285   29.515  0.545   3      0.000   0.800   1136    1212    81.4319666    43.2866926    928600.0000000  -27800.0000000  929400.0000000  -27800.0000000  
342     1416    1216    -1      7       81.3938502    39.8522253    0.000   0.090   7.976   0.214   1      -0.200  1.400   1415    1223    81.3812125    39.8721218    930200.0000000  -83800.0000000  931600.0000000  -83600.0000000  
343     1176    1232    -1      4       81.3927556    42.8035312    0.000   0.176   18.072  0.381   2      -0.200  0.800   1175    1236    81.3854860    42.8176587    933400.0000000  -35800.0000000  934200.0000000  -35600.0000000  
344     1288    1232    0       6       81.3824136    41.4320732    0.000   0.238   23.875  0.443   3      0.000   1.200   1288    1238    81.3714175    41.4366425    933400.0000000  -58200.0000000  934600.0000000  -58200.0000000  
345     1320    1232    0       6       81.3785567    41.0409100    0.000   0.255   26.685  0.560   3      0.000   1.200   1320    1238    81.3675656    41.0459772    933400.0000000  -64600.0000000  934600.0000000  -64600.0000000  
346     1112    1240    -1      4       81.3817696    43.5908693    0.000   0.239   23.168  0.302   2      -0.200  0.800   1111    1244    81.3744718    43.6043114    935000.0000000  -23000.0000000  935800.0000000  -22800.0000000  
347     1208    1240    -1      5       81.3756275    42.4157838    0.000   0.211   20.659  0.460   3      -0.200  1.000   1207    1245    81.3665382    42.4307590    935000.0000000  -42200.0000000  936000.0000000  -42000.0000000  
348     1392    1248    -1      7       81.3391424    40.1786485    0.000   0.213   21.874  0.439   3      -0.200  1.400   1391    1255    81.3264887    40.1979414    936600.0000000  -79000.0000000  938000.0000000  -78800.0000000  
349     1440    1248    -1      8       81.3312882    39.5960448    0.000   0.202   21.104  0.411   3      -0.200  1.600   1439    1256    81.3168369    39.6173125    936600.0000000  -88600.0000000  938200.0000000  -88400.0000000  
350     1176    1264    -1      4       81.3340398    42.8184746    0.000   0.267   28.204  0.422   3      -0.200  0.800   1175    1268    81.3267702    42.8324935    939800.0000000  -35800.0000000  940600.0000000  -35600.0000000  
351     1256    1272    -1      6       81.3125349    41.8505083    0.000   0.283   30.634  0.529   3      -0.200  1.200   1255    1278    81.3016356    41.8666303    941400.0000000  -51800.0000000  942600.0000000  -51600.0000000  
352     1464    1280    -2      8       81.2685610    39.3435537    0.000   0.160   15.732  0.317   2      -0.400  1.600   1462    1288    81.2543052    39.3771014    943000.0000000  -93400.0000000  944600.0000000  -93000.0000000  
353     1368    1288    -1      7       81.2695189    40.5085381    0.000   0.294   30.547  0.541   3      -0.200  1.400   1367    1295    81.2568499    40.5271973    944600.0000000  -74200.0000000  946000.0000000  -74000.0000000  
354     1320    1312    -1      6       81.2320155    41.1074247    0.000   0.265   26.278  0.442   3      -0.200  1.200   1319    1318    81.2211499    41.1243228    949400.0000000  -64600.0000000  950600.0000000  -64400.0000000  
355     1288    1320    -1      6       81.2211474    41.4979383    0.000   0.303   33.131  0.574   3      -0.200  1.200   1287    1326    81.2102646    41.5143305    951000.0000000  -58200.0000000  952200.0000000  -58000.0000000  
356     1384    1320    -1      8       81.2086149    40.3470660    0.000   0.177   16.807  0.400   2      -0.200  1.600   1383    1328    81.1941251    40.3667975    951000.0000000  -77400.0000000  952600.0000000  -77200.0000000  
357     1208    1328    -1      5       81.2142165    42.4634662    0.000   0.259   26.590  0.439   3      -0.200  1.000   1207    1333    81.2051272    42.4781161    952600.0000000  -42200.0000000  953600.0000000  -42000.0000000  
358     1488    1336    -1      8       81.1618461    39.1241802    0.000   0.270   27.652  0.485   3      -0.200  1.600   1487    1344    81.1474248    39.1458117    954200.0000000  -98200.0000000  955800.0000000  -98000.0000000  
359     1320    1344    -1      7       81.1734036    41.1334099    0.000   0.195   21.907  0.473   3      -0.200  1.400   1319    1351    81.1607060    41.1509655    955800.0000000  -64600.0000000  957200.0000000  -64400.0000000  
360     1288    1352    -1      6       81.1625106    41.5212911    0.000   0.198   19.475  0.462   3      -0.200  1.200   1287    1358    81.1516276    41.5375455    957400.0000000  -58200.0000000  958600.0000000  -58000.0000000  
361     1368    1352    -1      7       81.1523805    40.5683461    0.000   0.185   18.777  0.324   2      -0.200  1.400   1367    1359    81.1397105    40.5866718    957400.0000000  -74200.0000000  958800.0000000  -74000.0000000  
362     1448    1360    -1      8       81.1251978    39.6267782    0.000   0.193   21.826  0.336   2      -0.200  1.600   1447    1368    81.1107486    39.6475008    959000.0000000  -90200.0000000  960600.0000000  -90000.0000000  
363     1496    1368    -1      8       81.1019060    39.0686263    0.000   0.134   13.389  0.295   1      -0.200  1.600   1495    1376    81.0874890    39.0902020    960600.0000000  -99800.0000000  962200.0000000  -99600.0000000  
364     1336    1400    -2      6       81.0688332    40.9893413    0.000   0.222   21.908  0.426   3      -0.400  1.200   1334    1406    81.0581028    41.0178522    967000.0000000  -67800.0000000  968200.0000000  -67400.0000000  
365     1368    1416    -2      7       81.0352506    40.6265852    0.000   0.251   25.081  0.528   3      -0.400  1.400   1366    1423    81.0227188    40.6563147    970200.0000000  -74200.0000000  971600.0000000  -73800.0000000  
366     1440    1416    -2      8       81.0242023    39.7821433    0.000   0.232   23.031  0.492   3      -0.400  1.600   1438    1424    81.0099124    39.8140767    970200.0000000  -88600.0000000  971800.0000000  -88200.0000000  
367     1400    1424    -2      7       81.0159469    40.2588039    0.000   0.219   24.224  0.517   3      -0.400  1.400   1398    1431    81.0034455    40.2889831    971800.0000000  -80600.0000000  973200.0000000  -80200.0000000  
368     1528    1472    -3      7       80.9058992    38.8238983    0.000   0.188   19.337  0.409   3      -0.600  1.400   1525    1479    80.8937177    38.8672059    981400.0000000  -106200.0000000  982800.0000000  -105600.0000000  
369     1392    1480    -2      7       80.9147079    40.4052296    0.000   0.175   16.861  0.338   2      -0.400  1.400   1390    1487    80.9021962    40.4348696    983000.0000000  -79000.0000000  984400.0000000  -78600.0000000  
370     1464    1480    -3      7       80.9031660    39.5723210    0.000   0.143   14.908  0.278   1      -0.600  1.400   1461    1487    80.8908962    39.6146069    983000.0000000  -93400.0000000  984400.0000000  -92800.0000000  
371     1432    1488    -3      7       80.8939082    39.9504161    0.000   0.123   11.763  0.240   1      -0.600  1.400   1429    1495    80.8815947    39.9921470    984600.0000000  -87000.0000000  986000.0000000  -86400.0000000  
372     1496    1496    -3      7       80.8682117    39.2215386    0.000   0.277   26.993  0.489   3      -0.600  1.400   1493    1503    80.8559836    39.2641340    986200.0000000  -99800.0000000  987600.0000000  -99200.0000000  
373     1464    1520    -3      7       80.8300917    39.6158783    0.000   0.178   18.057  0.299   1      -0.600  1.400   1461    1527    80.8178180    39.6577678    991000.0000000  -93400.0000000  992400.0000000  -92800.0000000  
