CP      startX  startY  dispX   dispY   sLat          sLon          theta   pCorr   pkStr   cCorr   conf   velX    velY    endX    endY    eLat          eLon          nps_startX    nps_startY    nps_endX      nps_endY      
0       616     32      0       0       76.0499080    -105.7203570  0.000   0.329   35.500  0.494   3      0.000   0.000   616     32      76.0499080    -105.7203570  -1324400.0000000  -742600.0000000  -1324400.0000000  -742600.0000000  
1       720     56      0       0       75.9941828    -104.9502477  0.000   0.482   53.554  0.762   3      0.000   0.000   720     56      75.9941828    -104.9502477  -1319600.0000000  -763400.0000000  -1319600.0000000  -763400.0000000  
2       792     56      0       0       75.9281111    -104.4840080  0.000   0.228   25.784  0.262   1      0.000   0.000   792     56      75.9281111    -104.4840080  -1319600.0000000  -777800.0000000  -1319600.0000000  -777800.0000000  
3       616     64      0       0       76.1006835    -105.6018093  0.000   0.458   51.364  0.718   3      0.000   0.000   616     64      76.1006835    -105.6018093  -1318000.0000000  -742600.0000000  -1318000.0000000  -742600.0000000  
4       752     72      0       0       75.9900731    -104.6819004  0.000   0.428   47.817  0.725   3      0.000   0.000   752     72      75.9900731    -104.6819004  -1316400.0000000  -769800.0000000  -1316400.0000000  -769800.0000000  
5       808     88      0       0       75.9633846    -104.2587627  0.000   0.405   45.699  0.761   3      0.000   0.000   808     88      75.9633846    -104.2587627  -1313200.0000000  -781000.0000000  -1313200.0000000  -781000.0000000  
6       640     96      0       0       76.1298263    -105.3238503  0.000   0.513   59.987  0.769   3      0.000   0.000   640     96      76.1298263    -105.3238503  -1311600.0000000  -747400.0000000  -1311600.0000000  -747400.0000000  
7       688     96      0       0       76.0863580    -105.0082770  0.000   0.480   54.468  0.769   3      0.000   0.000   688     96      76.0863580    -105.0082770  -1311600.0000000  -757000.0000000  -1311600.0000000  -757000.0000000  
8       720     96      0       0       76.0571502    -104.7990025  0.000   0.483   54.688  0.731   3      0.000   0.000   720     96      76.0571502    -104.7990025  -1311600.0000000  -763400.0000000  -1311600.0000000  -763400.0000000  
9       776     104     0       0       76.0181347    -104.4042723  0.000   0.352   38.141  0.658   3      0.000   0.000   776     104     76.0181347    -104.4042723  -1310000.0000000  -774600.0000000  -1310000.0000000  -774600.0000000  
10      592     120     0       0       76.2109456    -105.5515683  0.000   0.412   44.900  0.491   3      0.000   0.000   592     120     76.2109456    -105.5515683  -1306800.0000000  -737800.0000000  -1306800.0000000  -737800.0000000  
11      704     136     0       0       76.1347241    -104.7512152  0.000   0.465   53.568  0.753   3      0.000   0.000   704     136     76.1347241    -104.7512152  -1303600.0000000  -760200.0000000  -1303600.0000000  -760200.0000000  
12      608     152     0       0       76.2472526    -105.3244426  0.000   0.413   46.328  0.734   3      0.000   0.000   608     152     76.2472526    -105.3244426  -1300400.0000000  -741000.0000000  -1300400.0000000  -741000.0000000  
13      576     160     0       0       76.2886883    -105.5075424  0.000   0.415   45.704  0.550   3      0.000   0.000   576     160     76.2886883    -105.5075424  -1298800.0000000  -734600.0000000  -1298800.0000000  -734600.0000000  
14      672     160     0       0       76.2017863    -104.8698967  0.000   0.529   62.790  0.776   3      0.000   0.000   672     160     76.2017863    -104.8698967  -1298800.0000000  -753800.0000000  -1298800.0000000  -753800.0000000  
15      576     192     0       0       76.3393813    -105.3861054  0.000   0.476   55.317  0.727   3      0.000   0.000   576     192     76.3393813    -105.3861054  -1292400.0000000  -734600.0000000  -1292400.0000000  -734600.0000000  
16      664     192     0       0       76.2594804    -104.7998265  0.000   0.474   54.264  0.742   3      0.000   0.000   664     192     76.2594804    -104.7998265  -1292400.0000000  -752200.0000000  -1292400.0000000  -752200.0000000  
17      696     192     0       0       76.2300781    -104.5883453  0.000   0.478   55.123  0.808   3      0.000   0.000   696     192     76.2300781    -104.5883453  -1292400.0000000  -758600.0000000  -1292400.0000000  -758600.0000000  
18      576     224     0       0       76.3900182    -105.2637560  0.000   0.514   60.059  0.728   3      0.000   0.000   576     224     76.3900182    -105.2637560  -1286000.0000000  -734600.0000000  -1286000.0000000  -734600.0000000  
19      648     224     0       0       76.3244987    -104.7823605  0.000   0.497   59.281  0.819   3      0.000   0.000   648     224     76.3244987    -104.7823605  -1286000.0000000  -749000.0000000  -1286000.0000000  -749000.0000000  
20      688     224     0       0       76.2876925    -104.5169346  0.000   0.523   61.807  0.800   3      0.000   0.000   688     224     76.2876925    -104.5169346  -1286000.0000000  -757000.0000000  -1286000.0000000  -757000.0000000  
21      616     232     0       0       76.3663507    -104.9648389  0.000   0.426   48.828  0.777   3      0.000   0.000   616     232     76.3663507    -104.9648389  -1284400.0000000  -742600.0000000  -1284400.0000000  -742600.0000000  
22      536     264     0       0       76.4893977    -105.3798385  0.000   0.329   37.954  0.412   3      0.000   0.000   536     264     76.4893977    -105.3798385  -1278000.0000000  -726600.0000000  -1278000.0000000  -726600.0000000  
23      616     264     0       0       76.4167763    -104.8406638  0.000   0.457   53.038  0.809   3      0.000   0.000   616     264     76.4167763    -104.8406638  -1278000.0000000  -742600.0000000  -1278000.0000000  -742600.0000000  
24      584     288     0       0       76.4838315    -104.9622929  0.000   0.447   51.635  0.704   3      0.000   0.000   584     288     76.4838315    -104.9622929  -1273200.0000000  -736200.0000000  -1273200.0000000  -736200.0000000  
25      560     320     0       0       76.5561844    -104.9995699  0.000   0.291   30.289  0.319   2      0.000   0.000   560     320     76.5561844    -104.9995699  -1266800.0000000  -731400.0000000  -1266800.0000000  -731400.0000000  
26      528     344     0       0       76.6231783    -105.1232810  0.000   0.356   39.030  0.593   3      0.000   0.000   528     344     76.6231783    -105.1232810  -1262000.0000000  -725000.0000000  -1262000.0000000  -725000.0000000  
27      552     376     0       0       76.6517857    -104.8333013  0.000   0.391   44.310  0.685   3      0.000   0.000   552     376     76.6517857    -104.8333013  -1255600.0000000  -729800.0000000  -1255600.0000000  -729800.0000000  
28      504     408     0       0       76.7460844    -105.0353049  0.000   0.434   49.440  0.752   3      0.000   0.000   504     408     76.7460844    -105.0353049  -1249200.0000000  -720200.0000000  -1249200.0000000  -720200.0000000  
29      568     408     0       0       76.6874386    -104.5966319  0.000   0.407   45.442  0.653   3      0.000   0.000   568     408     76.6874386    -104.5966319  -1249200.0000000  -733000.0000000  -1249200.0000000  -733000.0000000  
30      576     440     0       0       76.7302928    -104.4133183  0.000   0.413   46.252  0.594   3      0.000   0.000   576     440     76.7302928    -104.4133183  -1242800.0000000  -734600.0000000  -1242800.0000000  -734600.0000000  
31      752     440     0       0       76.5642342    -103.2256034  0.000   0.419   49.695  0.747   3      0.000   0.000   752     440     76.5642342    -103.2256034  -1242800.0000000  -769800.0000000  -1242800.0000000  -769800.0000000  
32      784     440     0       0       76.5334418    -103.0128541  0.000   0.411   46.702  0.640   3      0.000   0.000   784     440     76.5334418    -103.0128541  -1242800.0000000  -776200.0000000  -1242800.0000000  -776200.0000000  
33      712     448     0       0       76.6148937    -103.4600258  0.000   0.458   52.042  0.711   3      0.000   0.000   712     448     76.6148937    -103.4600258  -1241200.0000000  -761800.0000000  -1241200.0000000  -761800.0000000  
34      480     456     0       0       76.8437333    -105.0098251  0.000   0.418   47.747  0.605   3      0.000   0.000   480     456     76.8437333    -105.0098251  -1239600.0000000  -715400.0000000  -1239600.0000000  -715400.0000000  
35      672     456     0       0       76.6653344    -103.6962413  0.000   0.446   50.678  0.709   3      0.000   0.000   672     456     76.6653344    -103.6962413  -1239600.0000000  -753800.0000000  -1239600.0000000  -753800.0000000  
36      608     464     0       0       76.7380720    -104.0975369  0.000   0.491   57.181  0.717   3      0.000   0.000   608     464     76.7380720    -104.0975369  -1238000.0000000  -741000.0000000  -1238000.0000000  -741000.0000000  
37      640     464     0       0       76.7080241    -103.8799616  0.000   0.551   67.509  0.838   3      0.000   0.000   640     464     76.7080241    -103.8799616  -1238000.0000000  -747400.0000000  -1238000.0000000  -747400.0000000  
38      784     472     0       0       76.5828565    -102.8797941  0.000   0.491   58.072  0.738   3      0.000   0.000   784     472     76.5828565    -102.8797941  -1236400.0000000  -776200.0000000  -1236400.0000000  -776200.0000000  
39      464     488     0       0       76.9088415    -104.9926255  0.000   0.375   42.851  0.568   3      0.000   0.000   464     488     76.9088415    -104.9926255  -1233200.0000000  -712200.0000000  -1233200.0000000  -712200.0000000  
40      528     488     0       0       76.8500974    -104.5486702  0.000   0.519   61.997  0.805   3      0.000   0.000   528     488     76.8500974    -104.5486702  -1233200.0000000  -725000.0000000  -1233200.0000000  -725000.0000000  
41      672     488     0       0       76.7151280    -103.5644209  0.000   0.480   54.348  0.732   3      0.000   0.000   672     488     76.7151280    -103.5644209  -1233200.0000000  -753800.0000000  -1233200.0000000  -753800.0000000  
42      752     496     0       0       76.6508723    -102.9929441  0.000   0.519   60.721  0.769   3      0.000   0.000   752     496     76.6508723    -102.9929441  -1231600.0000000  -769800.0000000  -1231600.0000000  -769800.0000000  
43      720     512     0       0       76.7064635    -103.1407513  0.000   0.522   61.986  0.790   3      0.000   0.000   720     512     76.7064635    -103.1407513  -1228400.0000000  -763400.0000000  -1228400.0000000  -763400.0000000  
44      688     520     0       0       76.7495655    -103.3232358  0.000   0.487   57.642  0.760   3      0.000   0.000   688     520     76.7495655    -103.3232358  -1226800.0000000  -757000.0000000  -1226800.0000000  -757000.0000000  
45      608     528     0       0       76.8380324    -103.8344841  0.000   0.480   55.223  0.670   3      0.000   0.000   608     528     76.8380324    -103.8344841  -1225200.0000000  -741000.0000000  -1225200.0000000  -741000.0000000  
46      776     528     0       0       76.6769661    -102.6979716  0.000   0.452   50.900  0.744   3      0.000   0.000   776     528     76.6769661    -102.6979716  -1225200.0000000  -774600.0000000  -1225200.0000000  -774600.0000000  
47      488     544     0       0       76.9750705    -104.5980168  0.000   0.462   52.957  0.763   3      0.000   0.000   488     544     76.9750705    -104.5980168  -1222000.0000000  -717000.0000000  -1222000.0000000  -717000.0000000  
48      576     552     0       0       76.9056340    -103.9548438  0.000   0.435   48.005  0.702   3      0.000   0.000   576     552     76.9056340    -103.9548438  -1220400.0000000  -734600.0000000  -1220400.0000000  -734600.0000000  
49      664     552     0       0       76.8221757    -103.3521759  0.000   0.476   55.286  0.806   3      0.000   0.000   664     552     76.8221757    -103.3521759  -1220400.0000000  -752200.0000000  -1220400.0000000  -752200.0000000  
50      696     552     0       0       76.7914753    -103.1349375  0.000   0.489   56.776  0.763   3      0.000   0.000   696     552     76.7914753    -103.1349375  -1220400.0000000  -758600.0000000  -1220400.0000000  -758600.0000000  
51      512     576     0       0       77.0030759    -104.2989707  0.000   0.484   54.301  0.771   3      0.000   0.000   512     576     77.0030759    -104.2989707  -1215600.0000000  -721800.0000000  -1215600.0000000  -721800.0000000  
52      776     576     0       0       76.7508258    -102.4940531  0.000   0.421   48.140  0.680   3      0.000   0.000   776     576     76.7508258    -102.4940531  -1215600.0000000  -774600.0000000  -1215600.0000000  -774600.0000000  
53      568     584     0       0       76.9631328    -103.8768772  0.000   0.396   45.441  0.673   3      0.000   0.000   568     584     76.9631328    -103.8768772  -1214000.0000000  -733000.0000000  -1214000.0000000  -733000.0000000  
54      600     592     0       0       76.9453337    -103.6224578  0.000   0.458   53.768  0.714   3      0.000   0.000   600     592     76.9453337    -103.6224578  -1212400.0000000  -739400.0000000  -1212400.0000000  -739400.0000000  
55      720     592     0       0       76.8300863    -102.8030127  0.000   0.431   48.665  0.682   3      0.000   0.000   720     592     76.8300863    -102.8030127  -1212400.0000000  -763400.0000000  -1212400.0000000  -763400.0000000  
56      472     600     0       0       77.0778897    -104.4794775  0.000   0.362   40.715  0.670   3      0.000   0.000   472     600     77.0778897    -104.4794775  -1210800.0000000  -713800.0000000  -1210800.0000000  -713800.0000000  
57      648     608     0       0       76.9243597    -103.2251889  0.000   0.426   48.332  0.710   3      0.000   0.000   648     608     76.9243597    -103.2251889  -1209200.0000000  -749000.0000000  -1209200.0000000  -749000.0000000  
58      752     608     0       0       76.8235247    -102.5183846  0.000   0.391   43.310  0.620   3      0.000   0.000   752     608     76.8235247    -102.5183846  -1209200.0000000  -769800.0000000  -1209200.0000000  -769800.0000000  
59      688     616     0       0       76.8981695    -102.9179145  0.000   0.403   45.149  0.683   3      0.000   0.000   688     616     76.8981695    -102.9179145  -1207600.0000000  -757000.0000000  -1207600.0000000  -757000.0000000  
60      536     624     0       0       77.0557321    -103.9315593  0.000   0.343   38.251  0.646   3      0.000   0.000   536     624     77.0557321    -103.9315593  -1206000.0000000  -726600.0000000  -1206000.0000000  -726600.0000000  
61      576     624     0       0       77.0179357    -103.6535258  0.000   0.359   38.884  0.626   3      0.000   0.000   576     624     77.0179357    -103.6535258  -1206000.0000000  -734600.0000000  -1206000.0000000  -734600.0000000  
62      720     624     0       0       76.8794150    -102.6661218  0.000   0.470   52.815  0.788   3      0.000   0.000   720     624     76.8794150    -102.6661218  -1206000.0000000  -763400.0000000  -1206000.0000000  -763400.0000000  
63      616     632     0       0       76.9922601    -103.3431552  0.000   0.358   39.946  0.585   3      0.000   0.000   616     632     76.9922601    -103.3431552  -1204400.0000000  -742600.0000000  -1204400.0000000  -742600.0000000  
64      768     640     0       0       76.8569502    -102.2724786  0.000   0.385   42.125  0.633   3      0.000   0.000   768     640     76.8569502    -102.2724786  -1202800.0000000  -773000.0000000  -1202800.0000000  -773000.0000000  
65      648     648     0       0       76.9863064    -103.0546815  0.000   0.349   37.401  0.640   3      0.000   0.000   648     648     76.9863064    -103.0546815  -1201200.0000000  -749000.0000000  -1201200.0000000  -749000.0000000  
66      504     656     0       0       77.1358274    -104.0207934  0.000   0.348   37.479  0.625   3      0.000   0.000   504     656     77.1358274    -104.0207934  -1199600.0000000  -720200.0000000  -1199600.0000000  -720200.0000000  
67      536     656     0       0       77.1056867    -103.7966308  0.000   0.387   43.119  0.678   3      0.000   0.000   536     656     77.1056867    -103.7966308  -1199600.0000000  -726600.0000000  -1199600.0000000  -726600.0000000  
68      616     664     0       0       77.0418957    -103.2066149  0.000   0.424   45.898  0.741   3      0.000   0.000   616     664     77.0418957    -103.2066149  -1198000.0000000  -742600.0000000  -1198000.0000000  -742600.0000000  
69      768     672     0       0       76.9059904    -102.1332962  0.000   0.351   37.382  0.495   3      0.000   0.000   768     672     76.9059904    -102.1332962  -1196400.0000000  -773000.0000000  -1196400.0000000  -773000.0000000  
70      736     680     0       0       76.9498397    -102.3152148  0.000   0.348   37.193  0.584   3      0.000   0.000   736     680     76.9498397    -102.3152148  -1194800.0000000  -766600.0000000  -1194800.0000000  -766600.0000000  
71      480     688     0       0       77.2084051    -104.0546070  0.000   0.441   49.218  0.708   3      0.000   0.000   480     688     77.2084051    -104.0546070  -1193200.0000000  -715400.0000000  -1193200.0000000  -715400.0000000  
72      632     704     0       0       77.0883703    -102.9236944  0.000   0.453   51.888  0.754   3      0.000   0.000   632     704     77.0883703    -102.9236944  -1190000.0000000  -745800.0000000  -1190000.0000000  -745800.0000000  
73      768     704     0       0       76.9549579    -101.9930593  0.000   0.386   41.942  0.624   3      0.000   0.000   768     704     76.9549579    -101.9930593  -1190000.0000000  -773000.0000000  -1190000.0000000  -773000.0000000  
74      448     720     0       0       77.2884801    -104.1457031  0.000   0.411   44.765  0.695   3      0.000   0.000   448     720     77.2884801    -104.1457031  -1186800.0000000  -709000.0000000  -1186800.0000000  -709000.0000000  
75      480     720     0       0       77.2584385    -103.9185349  0.000   0.396   43.950  0.566   3      0.000   0.000   480     720     77.2584385    -103.9185349  -1186800.0000000  -715400.0000000  -1186800.0000000  -715400.0000000  
76      672     728     0       0       77.0864359    -102.5431991  0.000   0.459   53.124  0.767   3      0.000   0.000   672     728     77.0864359    -102.5431991  -1185200.0000000  -753800.0000000  -1185200.0000000  -753800.0000000  
77      720     736     0       0       77.0515071    -102.1787360  0.000   0.439   49.354  0.683   3      0.000   0.000   720     736     77.0515071    -102.1787360  -1183600.0000000  -763400.0000000  -1183600.0000000  -763400.0000000  
78      752     736     0       0       77.0197830    -101.9604813  0.000   0.394   42.605  0.599   3      0.000   0.000   752     736     77.0197830    -101.9604813  -1183600.0000000  -769800.0000000  -1183600.0000000  -769800.0000000  
79      416     744     0       0       77.3559883    -104.2720625  0.000   0.407   45.586  0.661   3      0.000   0.000   416     744     77.3559883    -104.2720625  -1182000.0000000  -702600.0000000  -1182000.0000000  -702600.0000000  
80      384     760     0       0       77.4108746    -104.4338752  0.000   0.343   35.947  0.513   3      0.000   0.000   384     760     77.4108746    -104.4338752  -1178800.0000000  -696200.0000000  -1178800.0000000  -696200.0000000  
81      504     760     0       0       77.2981108    -103.5767262  0.000   0.467   53.223  0.729   3      0.000   0.000   504     760     77.2981108    -103.5767262  -1178800.0000000  -720200.0000000  -1178800.0000000  -720200.0000000  
82      552     760     0       0       77.2522322    -103.2381774  0.000   0.326   37.287  0.551   3      0.000   0.000   552     760     77.2522322    -103.2381774  -1178800.0000000  -729800.0000000  -1178800.0000000  -729800.0000000  
83      696     768     0       0       77.1242775    -102.2018443  0.000   0.508   58.888  0.803   3      0.000   0.000   696     768     77.1242775    -102.2018443  -1177200.0000000  -758600.0000000  -1177200.0000000  -758600.0000000  
84      728     768     0       0       77.0925683    -101.9822916  0.000   0.499   59.476  0.768   3      0.000   0.000   728     768     77.0925683    -101.9822916  -1177200.0000000  -765000.0000000  -1177200.0000000  -765000.0000000  
85      760     768     0       0       77.0606738    -101.7638270  0.000   0.386   42.010  0.651   3      0.000   0.000   760     768     77.0606738    -101.7638270  -1177200.0000000  -771400.0000000  -1177200.0000000  -771400.0000000  
86      464     776     0       0       77.3609875    -103.7917517  0.000   0.525   62.761  0.797   3      0.000   0.000   464     776     77.3609875    -103.7917517  -1175600.0000000  -712200.0000000  -1175600.0000000  -712200.0000000  
87      648     776     0       0       77.1838010    -102.4979130  0.000   0.441   50.969  0.775   3      0.000   0.000   648     776     77.1838010    -102.4979130  -1175600.0000000  -749000.0000000  -1175600.0000000  -749000.0000000  
88      616     784     0       0       77.2274087    -102.6850783  0.000   0.469   54.334  0.752   3      0.000   0.000   616     784     77.2274087    -102.6850783  -1174000.0000000  -742600.0000000  -1174000.0000000  -742600.0000000  
89      416     792     0       0       77.4312045    -104.0664377  0.000   0.528   63.068  0.807   3      0.000   0.000   416     792     77.4312045    -104.0664377  -1172400.0000000  -702600.0000000  -1172400.0000000  -702600.0000000  
90      528     792     0       0       77.3249218    -103.2677833  0.000   0.489   55.894  0.806   3      0.000   0.000   528     792     77.3249218    -103.2677833  -1172400.0000000  -725000.0000000  -1172400.0000000  -725000.0000000  
91      384     800     0       0       77.4736769    -104.2627534  0.000   0.452   51.268  0.774   3      0.000   0.000   384     800     77.4736769    -104.2627534  -1170800.0000000  -696200.0000000  -1170800.0000000  -696200.0000000  
92      720     800     0       0       77.1494446    -101.8943310  0.000   0.458   52.002  0.687   3      0.000   0.000   720     800     77.1494446    -101.8943310  -1170800.0000000  -763400.0000000  -1170800.0000000  -763400.0000000  
93      752     800     0       0       77.1174714    -101.6751144  0.000   0.446   50.810  0.725   3      0.000   0.000   752     800     77.1174714    -101.6751144  -1170800.0000000  -769800.0000000  -1170800.0000000  -769800.0000000  
94      352     808     0       0       77.5160058    -104.4604130  0.000   0.212   28.435  0.320   2      0.000   0.000   352     808     77.5160058    -104.4604130  -1169200.0000000  -689800.0000000  -1169200.0000000  -689800.0000000  
95      584     808     0       0       77.2955963    -102.8029664  0.000   0.469   56.014  0.796   3      0.000   0.000   584     808     77.2955963    -102.8029664  -1169200.0000000  -736200.0000000  -1169200.0000000  -736200.0000000  
96      664     816     0       0       77.2294975    -102.2092531  0.000   0.457   52.759  0.727   3      0.000   0.000   664     816     77.2294975    -102.2092531  -1167600.0000000  -752200.0000000  -1167600.0000000  -752200.0000000  
97      488     824     0       0       77.4129372    -103.4116932  0.000   0.450   51.927  0.740   3      0.000   0.000   488     824     77.4129372    -103.4116932  -1166000.0000000  -717000.0000000  -1166000.0000000  -717000.0000000  
98      520     824     0       0       77.3822495    -103.1840529  0.000   0.414   47.910  0.729   3      0.000   0.000   520     824     77.3822495    -103.1840529  -1166000.0000000  -723400.0000000  -1166000.0000000  -723400.0000000  
99      448     832     0       0       77.4634937    -103.6628783  0.000   0.462   52.911  0.662   3      0.000   0.000   448     832     77.4634937    -103.6628783  -1164400.0000000  -709000.0000000  -1164400.0000000  -709000.0000000  
100     744     832     0       0       77.1742442    -101.5856099  0.000   0.421   47.387  0.737   3      0.000   0.000   744     832     77.1742442    -101.5856099  -1164400.0000000  -768200.0000000  -1164400.0000000  -768200.0000000  
101     408     840     0       0       77.5138138    -103.9161085  0.000   0.427   48.080  0.699   3      0.000   0.000   408     840     77.5138138    -103.9161085  -1162800.0000000  -701000.0000000  -1162800.0000000  -701000.0000000  
102     552     840     0       0       77.3761058    -102.8866736  0.000   0.492   57.347  0.777   3      0.000   0.000   552     840     77.3761058    -102.8866736  -1162800.0000000  -729800.0000000  -1162800.0000000  -729800.0000000  
103     520     856     0       0       77.4318347    -103.0426084  0.000   0.422   46.986  0.749   3      0.000   0.000   520     856     77.4318347    -103.0426084  -1159600.0000000  -723400.0000000  -1159600.0000000  -723400.0000000  
104     640     856     0       0       77.3145611    -102.1969002  0.000   0.465   50.147  0.714   3      0.000   0.000   640     856     77.3145611    -102.1969002  -1159600.0000000  -747400.0000000  -1159600.0000000  -747400.0000000  
105     600     864     0       0       77.3662586    -102.4411712  0.000   0.422   46.114  0.755   3      0.000   0.000   600     864     77.3662586    -102.4411712  -1158000.0000000  -739400.0000000  -1158000.0000000  -739400.0000000  
106     672     864     0       0       77.2950702    -101.9378882  0.000   0.480   56.024  0.751   3      0.000   0.000   672     864     77.2950702    -101.9378882  -1158000.0000000  -753800.0000000  -1158000.0000000  -753800.0000000  
107     720     864     0       0       77.2470812    -101.6055288  0.000   0.571   69.916  0.796   3      0.000   0.000   720     864     77.2470812    -101.6055288  -1158000.0000000  -763400.0000000  -1158000.0000000  -763400.0000000  
108     752     864     0       0       77.2148560    -101.3853577  0.000   0.528   63.463  0.773   3      0.000   0.000   752     864     77.2148560    -101.3853577  -1158000.0000000  -769800.0000000  -1158000.0000000  -769800.0000000  
109     336     872     0       0       77.6314238    -104.3007354  0.000   0.306   34.121  0.447   3      0.000   0.000   336     872     77.6314238    -104.3007354  -1156400.0000000  -686600.0000000  -1156400.0000000  -686600.0000000  
110     456     880     0       0       77.5305941    -103.3941587  0.000   0.500   58.634  0.776   3      0.000   0.000   456     880     77.5305941    -103.3941587  -1154800.0000000  -710600.0000000  -1154800.0000000  -710600.0000000  
111     736     896     0       0       77.2796313    -101.3489873  0.000   0.531   63.226  0.775   3      0.000   0.000   736     896     77.2796313    -101.3489873  -1151600.0000000  -766600.0000000  -1151600.0000000  -766600.0000000  
112     488     912     0       0       77.5494687    -103.0215326  0.000   0.486   56.502  0.742   3      0.000   0.000   488     912     77.5494687    -103.0215326  -1148400.0000000  -717000.0000000  -1148400.0000000  -717000.0000000  
113     536     912     0       0       77.5028446    -102.6782021  0.000   0.542   67.379  0.825   3      0.000   0.000   536     912     77.5028446    -102.6782021  -1148400.0000000  -726600.0000000  -1148400.0000000  -726600.0000000  
114     568     912     0       0       77.4715183    -102.4507507  0.000   0.488   57.273  0.752   3      0.000   0.000   568     912     77.4715183    -102.4507507  -1148400.0000000  -733000.0000000  -1148400.0000000  -733000.0000000  
115     704     912     0       0       77.3362451    -101.4968562  0.000   0.447   49.933  0.695   3      0.000   0.000   704     912     77.3362451    -101.4968562  -1148400.0000000  -760200.0000000  -1148400.0000000  -760200.0000000  
116     408     920     0       0       77.6386523    -103.5639679  0.000   0.421   46.479  0.763   3      0.000   0.000   408     920     77.6386523    -103.5639679  -1146800.0000000  -701000.0000000  -1146800.0000000  -701000.0000000  
117     344     928     0       0       77.7117115    -103.9965293  0.000   0.416   46.528  0.732   3      0.000   0.000   344     928     77.7117115    -103.9965293  -1145200.0000000  -688200.0000000  -1145200.0000000  -688200.0000000  
118     376     936     0       0       77.6939998    -103.7263332  0.000   0.451   49.653  0.744   3      0.000   0.000   376     936     77.6939998    -103.7263332  -1143600.0000000  -694600.0000000  -1143600.0000000  -694600.0000000  
119     504     944     0       0       77.5834247    -102.7625020  0.000   0.458   51.526  0.746   3      0.000   0.000   504     944     77.5834247    -102.7625020  -1142000.0000000  -720200.0000000  -1142000.0000000  -720200.0000000  
120     584     944     0       0       77.5049121    -102.1918042  0.000   0.491   56.883  0.780   3      0.000   0.000   584     944     77.5049121    -102.1918042  -1142000.0000000  -736200.0000000  -1142000.0000000  -736200.0000000  
121     752     944     0       0       77.3361475    -101.0168561  0.000   0.424   46.760  0.718   3      0.000   0.000   752     944     77.3361475    -101.0168561  -1142000.0000000  -769800.0000000  -1142000.0000000  -769800.0000000  
122     440     952     0       0       77.6577667    -103.1883144  0.000   0.473   53.576  0.776   3      0.000   0.000   440     952     77.6577667    -103.1883144  -1140400.0000000  -707400.0000000  -1140400.0000000  -707400.0000000  
123     472     952     0       0       77.6268699    -102.9566971  0.000   0.437   50.419  0.772   3      0.000   0.000   472     952     77.6268699    -102.9566971  -1140400.0000000  -713800.0000000  -1140400.0000000  -713800.0000000  
124     704     952     0       0       77.3970447    -101.3122514  0.000   0.470   51.540  0.723   3      0.000   0.000   704     952     77.3970447    -101.3122514  -1140400.0000000  -760200.0000000  -1140400.0000000  -760200.0000000  
125     536     960     0       0       77.5767979    -102.4604939  0.000   0.476   54.750  0.756   3      0.000   0.000   536     960     77.5767979    -102.4604939  -1138800.0000000  -726600.0000000  -1138800.0000000  -726600.0000000  
126     328     968     0       0       77.7893622    -103.9370621  0.000   0.416   47.512  0.777   3      0.000   0.000   328     968     77.7893622    -103.9370621  -1137200.0000000  -685000.0000000  -1137200.0000000  -685000.0000000  
127     632     968     0       0       77.4938780    -101.7422835  0.000   0.435   47.847  0.681   3      0.000   0.000   632     968     77.4938780    -101.7422835  -1137200.0000000  -745800.0000000  -1137200.0000000  -745800.0000000  
128     672     968     0       0       77.4536913    -101.4613480  0.000   0.424   46.214  0.700   3      0.000   0.000   672     968     77.4536913    -101.4613480  -1137200.0000000  -753800.0000000  -1137200.0000000  -753800.0000000  
129     600     976     0       0       77.5380533    -101.9314646  0.000   0.458   52.872  0.743   3      0.000   0.000   600     976     77.5380533    -101.9314646  -1135600.0000000  -739400.0000000  -1135600.0000000  -739400.0000000  
130     416     984     0       0       77.7305161    -103.2186087  0.000   0.492   58.472  0.753   3      0.000   0.000   416     984     77.7305161    -103.2186087  -1134000.0000000  -702600.0000000  -1134000.0000000  -702600.0000000  
131     352     1000    0       0       77.8166170    -103.6163658  0.000   0.519   60.300  0.821   3      0.000   0.000   352     1000    77.8166170    -103.6163658  -1130800.0000000  -689800.0000000  -1130800.0000000  -689800.0000000  
132     384     1000    0       0       77.7860810    -103.3806259  0.000   0.492   56.459  0.774   3      0.000   0.000   384     1000    77.7860810    -103.3806259  -1130800.0000000  -696200.0000000  -1130800.0000000  -696200.0000000  
133     472     1000    0       0       77.7010673    -102.7384648  0.000   0.416   47.766  0.705   3      0.000   0.000   472     1000    77.7010673    -102.7384648  -1130800.0000000  -713800.0000000  -1130800.0000000  -713800.0000000  
134     528     1000    0       0       77.6461852    -102.3344834  0.000   0.473   53.625  0.764   3      0.000   0.000   528     1000    77.6461852    -102.3344834  -1130800.0000000  -725000.0000000  -1130800.0000000  -725000.0000000  
135     720     1000    0       0       77.4535244    -100.9768212  0.000   0.526   61.140  0.798   3      0.000   0.000   720     1000    77.4535244    -100.9768212  -1130800.0000000  -763400.0000000  -1130800.0000000  -763400.0000000  
136     656     1008    0       0       77.5306695    -101.3872831  0.000   0.380   40.636  0.676   3      0.000   0.000   656     1008    77.5306695    -101.3872831  -1129200.0000000  -750600.0000000  -1129200.0000000  -750600.0000000  
137     440     1016    0       0       77.7569161    -102.8978905  0.000   0.466   54.191  0.747   3      0.000   0.000   440     1016    77.7569161    -102.8978905  -1127600.0000000  -707400.0000000  -1127600.0000000  -707400.0000000  
138     608     1024    0       0       77.6033680    -101.6518168  0.000   0.283   29.552  0.341   2      0.000   0.000   608     1024    77.6033680    -101.6518168  -1126000.0000000  -741000.0000000  -1126000.0000000  -741000.0000000  
139     360     1032    0       0       77.8588250    -103.4124036  0.000   0.466   54.408  0.781   3      0.000   0.000   360     1032    77.8588250    -103.4124036  -1124400.0000000  -691400.0000000  -1124400.0000000  -691400.0000000  
140     728     1040    0       0       77.5057504    -100.7321284  0.000   0.494   56.913  0.755   3      0.000   0.000   728     1040    77.5057504    -100.7321284  -1122800.0000000  -765000.0000000  -1122800.0000000  -765000.0000000  
141     432     1048    0       0       77.8141686    -102.8094167  0.000   0.547   67.484  0.838   3      0.000   0.000   432     1048    77.8141686    -102.8094167  -1121200.0000000  -705800.0000000  -1121200.0000000  -705800.0000000  
142     672     1048    0       0       77.5751397    -101.0864528  0.000   0.238   25.136  0.368   2      0.000   0.000   672     1048    77.5751397    -101.0864528  -1121200.0000000  -753800.0000000  -1121200.0000000  -753800.0000000  
143     400     1056    0       0       77.8575963    -103.0074987  0.000   0.573   70.079  0.822   3      0.000   0.000   400     1056    77.8575963    -103.0074987  -1119600.0000000  -699400.0000000  -1119600.0000000  -699400.0000000  
144     272     1072    0       0       78.0048567    -103.8870400  0.000   0.243   26.796  0.302   2      0.000   0.000   272     1072    78.0048567    -103.8870400  -1116400.0000000  -673800.0000000  -1116400.0000000  -673800.0000000  
145     672     1080    0       0       77.6235767    -100.9344214  0.000   0.282   31.130  0.532   3      0.000   0.000   672     1080    77.6235767    -100.9344214  -1114800.0000000  -753800.0000000  -1114800.0000000  -753800.0000000  
146     312     1088    0       0       77.9918691    -103.5138406  0.000   0.427   48.956  0.767   3      0.000   0.000   312     1088    77.9918691    -103.5138406  -1113200.0000000  -681800.0000000  -1113200.0000000  -681800.0000000  
147     344     1088    0       0       77.9612331    -103.2749075  0.000   0.495   58.216  0.802   3      0.000   0.000   344     1088    77.9612331    -103.2749075  -1113200.0000000  -688200.0000000  -1113200.0000000  -688200.0000000  
148     400     1088    0       0       77.9071273    -102.8597230  0.000   0.498   57.279  0.740   3      0.000   0.000   400     1088    77.9071273    -102.8597230  -1113200.0000000  -699400.0000000  -1113200.0000000  -699400.0000000  
149     728     1104    0       0       77.6021221    -100.4258085  0.000   0.373   39.657  0.667   3      0.000   0.000   728     1104    77.6021221    -100.4258085  -1110000.0000000  -765000.0000000  -1110000.0000000  -765000.0000000  
150     264     1128    0       0       78.0999374    -103.6913761  0.000   0.328   34.740  0.441   3      0.000   0.000   264     1128    78.0999374    -103.6913761  -1105200.0000000  -672200.0000000  -1105200.0000000  -672200.0000000  
151     296     1128    0       0       78.0694488    -103.4498039  0.000   0.440   49.735  0.754   3      0.000   0.000   296     1128    78.0694488    -103.4498039  -1105200.0000000  -678600.0000000  -1105200.0000000  -678600.0000000  
152     344     1128    0       0       78.0233267    -103.0897785  0.000   0.373   41.226  0.698   3      0.000   0.000   344     1128    78.0233267    -103.0897785  -1105200.0000000  -688200.0000000  -1105200.0000000  -688200.0000000  
153     384     1128    0       0       77.9845382    -102.7918929  0.000   0.405   44.997  0.745   3      0.000   0.000   384     1128    77.9845382    -102.7918929  -1105200.0000000  -696200.0000000  -1105200.0000000  -696200.0000000  
154     432     1136    0       0       77.9498868    -102.3993237  0.000   0.478   54.381  0.723   3      0.000   0.000   432     1136    77.9498868    -102.3993237  -1103600.0000000  -705800.0000000  -1103600.0000000  -705800.0000000  
155     736     1152    0       0       77.6658344    -100.1367798  0.000   0.409   45.046  0.654   3      0.000   0.000   736     1152    77.6658344    -100.1367798  -1100400.0000000  -766600.0000000  -1100400.0000000  -766600.0000000  
156     464     1160    0       0       77.9551043    -102.0502409  0.000   0.407   44.559  0.688   3      0.000   0.000   464     1160    77.9551043    -102.0502409  -1098800.0000000  -712200.0000000  -1098800.0000000  -712200.0000000  
157     256     1168    0       0       78.1699552    -103.5670549  0.000   0.406   45.315  0.428   3      0.000   0.000   256     1168    78.1699552    -103.5670549  -1097200.0000000  -670600.0000000  -1097200.0000000  -670600.0000000  
158     344     1168    0       0       78.0853016    -102.9027080  0.000   0.376   40.697  0.605   3      0.000   0.000   344     1168    78.0853016    -102.9027080  -1097200.0000000  -688200.0000000  -1097200.0000000  -688200.0000000  
159     424     1168    0       0       78.0069931    -102.3070222  0.000   0.557   67.381  0.797   3      0.000   0.000   424     1168    78.0069931    -102.3070222  -1097200.0000000  -704200.0000000  -1097200.0000000  -704200.0000000  
160     640     1168    0       0       77.7893424    -100.7377598  0.000   0.459   50.899  0.718   3      0.000   0.000   640     1168    77.7893424    -100.7377598  -1097200.0000000  -747400.0000000  -1097200.0000000  -747400.0000000  
161     376     1184    0       0       78.0788207    -102.5878119  0.000   0.520   64.460  0.829   3      0.000   0.000   376     1184    78.0788207    -102.5878119  -1094000.0000000  -694600.0000000  -1094000.0000000  -694600.0000000  
162     536     1184    0       0       77.9196072    -101.4091521  0.000   0.360   41.130  0.479   3      0.000   0.000   536     1184    77.9196072    -101.4091521  -1094000.0000000  -726600.0000000  -1094000.0000000  -726600.0000000  
163     608     1184    0       0       77.8463518    -100.8890013  0.000   0.376   41.245  0.673   3      0.000   0.000   608     1184    77.8463518    -100.8890013  -1094000.0000000  -741000.0000000  -1094000.0000000  -741000.0000000  
164     672     1184    0       0       77.7804187    -100.4319508  0.000   0.378   40.997  0.625   3      0.000   0.000   672     1184    77.7804187    -100.4319508  -1094000.0000000  -753800.0000000  -1094000.0000000  -753800.0000000  
165     472     1192    0       0       77.9961288    -101.8384494  0.000   0.505   60.726  0.835   3      0.000   0.000   472     1192    77.9961288    -101.8384494  -1092400.0000000  -713800.0000000  -1092400.0000000  -713800.0000000  
166     504     1192    0       0       77.9640518    -101.6038416  0.000   0.372   41.274  0.653   3      0.000   0.000   504     1192    77.9640518    -101.6038416  -1092400.0000000  -720200.0000000  -1092400.0000000  -720200.0000000  
167     712     1192    0       0       77.7508113    -100.1094842  0.000   0.376   42.192  0.729   3      0.000   0.000   712     1192    77.7508113    -100.1094842  -1092400.0000000  -761800.0000000  -1092400.0000000  -761800.0000000  
168     344     1200    0       0       78.1347946    -102.7516360  0.000   0.419   45.637  0.738   3      0.000   0.000   344     1200    78.1347946    -102.7516360  -1090800.0000000  -688200.0000000  -1090800.0000000  -688200.0000000  
169     432     1200    0       0       78.0482187    -102.0951927  0.000   0.527   63.870  0.793   3      0.000   0.000   432     1200    78.0482187    -102.0951927  -1090800.0000000  -705800.0000000  -1090800.0000000  -705800.0000000  
170     248     1208    0       0       78.2399255    -103.4412436  0.000   0.480   56.390  0.762   3      0.000   0.000   248     1208    78.2399255    -103.4412436  -1089200.0000000  -669000.0000000  -1089200.0000000  -669000.0000000  
171     576     1208    0       0       77.9153998    -101.0027000  0.000   0.516   59.882  0.818   3      0.000   0.000   576     1208    77.9153998    -101.0027000  -1089200.0000000  -734600.0000000  -1089200.0000000  -734600.0000000  
172     376     1224    0       0       78.1404587    -102.3972283  0.000   0.371   41.275  0.731   3      0.000   0.000   376     1224    78.1404587    -102.3972283  -1086000.0000000  -694600.0000000  -1086000.0000000  -694600.0000000  
173     496     1224    0       0       78.0208864    -101.5076212  0.000   0.483   54.507  0.727   3      0.000   0.000   496     1224    78.0208864    -101.5076212  -1086000.0000000  -718600.0000000  -1086000.0000000  -718600.0000000  
174     440     1232    0       0       78.0892839    -101.8818893  0.000   0.457   50.899  0.723   3      0.000   0.000   440     1232    78.0892839    -101.8818893  -1084400.0000000  -707400.0000000  -1084400.0000000  -707400.0000000  
175     544     1232    0       0       77.9844084    -101.1177145  0.000   0.524   61.061  0.796   3      0.000   0.000   544     1232    77.9844084    -101.1177145  -1084400.0000000  -728200.0000000  -1084400.0000000  -728200.0000000  
176     368     1264    1       0       78.2098841    -102.2647737  0.000   0.392   44.254  0.592   3      0.200   0.000   369     1264    78.2088957    -102.2572528  -1078000.0000000  -693000.0000000  -1078000.0000000  -693200.0000000  
177     520     1264    0       0       78.0573866    -101.1361166  0.000   0.515   60.883  0.789   3      0.000   0.000   520     1264    78.0573866    -101.1361166  -1078000.0000000  -723400.0000000  -1078000.0000000  -723400.0000000  
178     400     1272    1       0       78.1904194    -101.9858626  0.000   0.472   52.568  0.756   3      0.200   0.000   401     1272    78.1894236    -101.9783777  -1076400.0000000  -699400.0000000  -1076400.0000000  -699600.0000000  
179     432     1288    0       0       78.1828958    -101.6687068  0.000   0.229   25.298  0.596   3      0.000   0.000   432     1288    78.1828958    -101.6687068  -1073200.0000000  -705800.0000000  -1073200.0000000  -705800.0000000  
180     464     1288    0       0       78.1506623    -101.4308407  0.000   0.389   42.049  0.720   3      0.000   0.000   464     1288    78.1506623    -101.4308407  -1073200.0000000  -712200.0000000  -1073200.0000000  -712200.0000000  
181     688     1456    0       0       78.1690139    -98.9392153   0.000   0.466   53.279  0.741   3      0.000   0.000   688     1456    78.1690139    -98.9392153   -1039600.0000000  -757000.0000000  -1039600.0000000  -757000.0000000  
182     640     1480    0       0       78.2560216    -99.1607298   0.000   0.513   57.102  0.723   3      0.000   0.000   640     1480    78.2560216    -99.1607298   -1034800.0000000  -747400.0000000  -1034800.0000000  -747400.0000000  
183     704     1488    0       0       78.1989325    -98.6553928   0.000   0.514   61.253  0.791   3      0.000   0.000   704     1488    78.1989325    -98.6553928   -1033200.0000000  -760200.0000000  -1033200.0000000  -760200.0000000  
184     608     1496    0       0       78.3139359    -99.3102498   0.000   0.487   53.672  0.736   3      0.000   0.000   608     1496    78.3139359    -99.3102498   -1031600.0000000  -741000.0000000  -1031600.0000000  -741000.0000000  
185     576     1512    0       0       78.3717762    -99.4612682   0.000   0.456   52.156  0.729   3      0.000   0.000   576     1512    78.3717762    -99.4612682   -1028400.0000001  -734600.0000001  -1028400.0000001  -734600.0000001  
186     544     1544    0       0       78.4533771    -99.5291982   0.000   0.448   49.587  0.715   3      0.000   0.000   544     1544    78.4533771    -99.5291982   -1022000.0000001  -728200.0000001  -1022000.0000001  -728200.0000001  
187     704     1544    0       0       78.2812128    -98.3568156   0.000   0.381   41.766  0.684   3      0.000   0.000   704     1544    78.2812128    -98.3568156   -1022000.0000000  -760200.0000000  -1022000.0000000  -760200.0000000  
188     600     1552    0       0       78.4055115    -99.0722446   0.000   0.469   54.837  0.734   3      0.000   0.000   600     1552    78.4055115    -99.0722446   -1020400.0000001  -739400.0000001  -1020400.0000001  -739400.0000001  
189     544     1576    0       0       78.5009766    -99.3589253   0.000   0.437   49.263  0.696   3      0.000   0.000   544     1576    78.5009766    -99.3589253   -1015600.0000001  -728200.0000001  -1015600.0000001  -728200.0000001  
190     672     1576    0       0       78.3630499    -98.4164067   0.000   0.439   49.527  0.679   3      0.000   0.000   672     1576    78.3630499    -98.4164067   -1015600.0000000  -753800.0000000  -1015600.0000000  -753800.0000000  
191     576     1592    0       0       78.4904751    -99.0352663   0.000   0.453   51.331  0.769   3      0.000   0.000   576     1592    78.4904751    -99.0352663   -1012400.0000001  -734600.0000001  -1012400.0000001  -734600.0000001  
192     624     1592    0       0       78.4387146    -98.6809537   0.000   0.465   53.664  0.718   3      0.000   0.000   624     1592    78.4387146    -98.6809537   -1012400.0000001  -744200.0000001  -1012400.0000001  -744200.0000001  
193     528     1624    0       0       78.5893237    -99.2206146   0.000   0.442   51.621  0.705   3      0.000   0.000   528     1624    78.5893237    -99.2206146   -1006000.0000001  -725000.0000001  -1006000.0000001  -725000.0000001  
194     488     1632    0       0       78.6438487    -99.4785139   0.000   0.467   53.705  0.714   3      0.000   0.000   488     1632    78.6438487    -99.4785139   -1004400.0000001  -717000.0000001  -1004400.0000001  -717000.0000001  
195     576     1640    0       0       78.5613973    -98.7754016   0.000   0.461   53.498  0.742   3      0.000   0.000   576     1640    78.5613973    -98.7754016   -1002800.0000001  -734600.0000001  -1002800.0000001  -734600.0000001  
196     432     1664    0       0       78.7508885    -99.7314987   0.000   0.430   47.888  0.743   3      0.000   0.000   432     1664    78.7508885    -99.7314987   -998000.0000001  -705800.0000001  -998000.0000001  -705800.0000001  
197     464     1664    0       0       78.7169888    -99.4873114   0.000   0.454   50.787  0.749   3      0.000   0.000   464     1664    78.7169888    -99.4873114   -998000.0000001  -712200.0000001  -998000.0000001  -712200.0000001  
198     392     1672    0       0       78.8049690    -99.9956321   0.000   0.478   55.384  0.815   3      0.000   0.000   392     1672    78.8049690    -99.9956321   -996400.0000001  -697800.0000001  -996400.0000001  -697800.0000001  
199     496     1680    0       0       78.7066246    -99.1573005   0.000   0.480   54.259  0.679   3      0.000   0.000   496     1680    78.7066246    -99.1573005   -994800.0000001  -718600.0000001  -994800.0000001  -718600.0000001  
200     552     1688    0       0       78.6581374    -98.6916801   0.000   0.454   53.456  0.801   3      0.000   0.000   552     1688    78.6581374    -98.6916801   -993200.0000001  -729800.0000001  -993200.0000001  -729800.0000001  
