CP      startX  startY  dispX   dispY   sLat          sLon          theta   pCorr   pkStr   cCorr   conf   velX    velY    endX    endY    eLat          eLon          nps_startX    nps_startY    nps_endX      nps_endY      
0       1208    384     0       0       70.7408198    -103.6292617  0.000   0.378   41.477  0.660   3      0.000   0.000   1208    384     70.7408198    -103.6292617  -1797600.0000000  -1096000.0000000  -1797600.0000000  -1096000.0000000  
1       1240    384     0       0       70.7108293    -103.4807874  0.000   0.484   55.709  0.812   3      0.000   0.000   1240    384     70.7108293    -103.4807874  -1797600.0000000  -1102400.0000000  -1797600.0000000  -1102400.0000000  
2       1272    400     0       0       70.7051708    -103.2871512  0.000   0.534   65.780  0.835   3      0.000   0.000   1272    400     70.7051708    -103.2871512  -1794400.0000000  -1108800.0000000  -1794400.0000000  -1108800.0000000  
3       1176    408     0       0       70.8075505    -103.7102557  0.000   0.314   32.311  0.580   3      0.000   0.000   1176    408     70.8075505    -103.7102557  -1792800.0000000  -1089600.0000000  -1792800.0000000  -1089600.0000000  
4       1208    416     0       0       70.7898861    -103.5383574  0.000   0.428   50.251  0.797   3      0.000   0.000   1208    416     70.7898861    -103.5383574  -1791200.0000000  -1096000.0000000  -1791200.0000000  -1096000.0000000  
5       1392    424     0       0       70.6274238    -102.6665736  0.000   0.398   44.120  0.626   3      0.000   0.000   1392    424     70.6274238    -102.6665736  -1789600.0000000  -1132800.0000000  -1789600.0000000  -1132800.0000000  
6       1120    432     0       0       70.8965704    -103.9044773  0.000   0.400   43.846  0.702   3      0.000   0.000   1120    432     70.8965704    -103.9044773  -1788000.0000000  -1078400.0000000  -1788000.0000000  -1078400.0000000  
7       1304    432     0       0       70.7236903    -103.0476471  0.000   0.447   51.407  0.754   3      0.000   0.000   1304    432     70.7236903    -103.0476471  -1788000.0000000  -1115200.0000000  -1788000.0000000  -1115200.0000000  
8       1360    432     0       0       70.6702614    -102.7899899  0.000   0.491   56.446  0.747   3      0.000   0.000   1360    432     70.6702614    -102.7899899  -1788000.0000000  -1126400.0000000  -1788000.0000000  -1126400.0000000  
9       1424    432     0       0       70.6087428    -102.4973019  0.000   0.373   40.538  0.567   3      0.000   0.000   1424    432     70.6087428    -102.4973019  -1788000.0000000  -1139200.0000000  -1788000.0000000  -1139200.0000000  
10      1272    440     0       0       70.7662659    -103.1725534  0.000   0.428   49.419  0.710   3      0.000   0.000   1272    440     70.7662659    -103.1725534  -1786400.0000000  -1108800.0000000  -1786400.0000000  -1108800.0000000  
11      1456    440     0       0       70.5898969    -102.3283636  0.000   0.363   38.539  0.573   3      0.000   0.000   1456    440     70.5898969    -102.3283636  -1786400.0000000  -1145600.0000000  -1786400.0000000  -1145600.0000000  
12      1200    448     0       0       70.8464308    -103.4842926  0.000   0.495   57.286  0.775   3      0.000   0.000   1200    448     70.8464308    -103.4842926  -1784800.0000000  -1094400.0000000  -1784800.0000000  -1094400.0000000  
13      1488    448     0       0       70.5708867    -102.1597605  0.000   0.446   50.463  0.798   3      0.000   0.000   1488    448     70.5708867    -102.1597605  -1784800.0000000  -1152000.0000000  -1784800.0000000  -1152000.0000000  
14      1080    456     0       0       70.9706070    -104.0249045  0.000   0.356   39.184  0.650   3      0.000   0.000   1080    456     70.9706070    -104.0249045  -1783200.0000000  -1070400.0000000  -1783200.0000000  -1070400.0000000  
15      1392    456     0       0       70.6759634    -102.5737377  0.000   0.387   43.087  0.596   3      0.000   0.000   1392    456     70.6759634    -102.5737377  -1783200.0000000  -1132800.0000000  -1783200.0000000  -1132800.0000000  
16      1040    464     0       0       71.0198723    -104.1916189  0.000   0.416   46.642  0.690   3      0.000   0.000   1040    464     71.0198723    -104.1916189  -1781600.0000000  -1062400.0000000  -1781600.0000000  -1062400.0000000  
17      1240    464     0       0       70.8332124    -103.2520356  0.000   0.548   66.814  0.858   3      0.000   0.000   1240    464     70.8332124    -103.2520356  -1781600.0000000  -1102400.0000000  -1781600.0000000  -1102400.0000000  
18      1576    472     0       0       70.5207670    -101.6919385  0.000   0.274   28.527  0.501   3      0.000   0.000   1576    472     70.5207670    -101.6919385  -1780000.0000000  -1169600.0000000  -1780000.0000000  -1169600.0000000  
19      1328    480     0       0       70.7738641    -102.7981141  0.000   0.499   57.929  0.745   3      0.000   0.000   1328    480     70.7738641    -102.7981141  -1778400.0000000  -1120000.0000000  -1778400.0000000  -1120000.0000000  
20      1512    480     0       0       70.5956765    -101.9571117  0.000   0.380   41.452  0.684   3      0.000   0.000   1512    480     70.5956765    -101.9571117  -1778400.0000000  -1156800.0000000  -1778400.0000000  -1156800.0000000  
21      1008    488     0       0       71.0863893    -104.2758461  0.000   0.453   51.160  0.766   3      0.000   0.000   1008    488     71.0863893    -104.2758461  -1776800.0000000  -1056000.0000000  -1776800.0000000  -1056000.0000000  
22      1640    488     0       0       70.4813500    -101.3575846  0.000   0.218   21.536  0.376   2      0.000   0.000   1640    488     70.4813500    -101.3575846  -1776800.0000000  -1182400.0000000  -1776800.0000000  -1182400.0000000  
23      1240    496     0       0       70.8820928    -103.1597004  0.000   0.526   64.528  0.838   3      0.000   0.000   1240    496     70.8820928    -103.1597004  -1775200.0000000  -1102400.0000000  -1775200.0000000  -1102400.0000000  
24      1544    496     0       0       70.5883210    -101.7651743  0.000   0.342   35.967  0.497   3      0.000   0.000   1544    496     70.5883210    -101.7651743  -1775200.0000000  -1163200.0000000  -1775200.0000000  -1163200.0000000  
25      1608    496     0       0       70.5250944    -101.4770969  0.000   0.289   29.985  0.465   3      0.000   0.000   1608    496     70.5250944    -101.4770969  -1775200.0000000  -1176000.0000000  -1775200.0000000  -1176000.0000000  
26      1672    496     0       0       70.4613993    -101.1909259  0.000   0.317   33.353  0.528   3      0.000   0.000   1672    496     70.4613993    -101.1909259  -1775200.0000000  -1188800.0000000  -1775200.0000000  -1188800.0000000  
27      1368    504     0       0       70.7718672    -102.5438605  0.000   0.392   43.214  0.679   3      0.000   0.000   1368    504     70.7718672    -102.5438605  -1773600.0000000  -1128000.0000000  -1773600.0000000  -1128000.0000000  
28      1712    504     0       0       70.4332592    -100.9890842  0.000   0.279   28.651  0.505   3      0.000   0.000   1712    504     70.4332592    -100.9890842  -1773600.0000000  -1196800.0000000  -1773600.0000000  -1196800.0000000  
29      968     512     0       0       71.1602076    -104.3989910  0.000   0.406   46.178  0.766   3      0.000   0.000   968     512     71.1602076    -104.3989910  -1772000.0000000  -1048000.0000000  -1772000.0000000  -1048000.0000000  
30      1096    512     0       0       71.0419706    -103.7896239  0.000   0.421   45.546  0.740   3      0.000   0.000   1096    512     71.0419706    -103.7896239  -1772000.0000000  -1073600.0000000  -1772000.0000000  -1073600.0000000  
31      1128    512     0       0       71.0120908    -103.6384940  0.000   0.407   44.820  0.624   3      0.000   0.000   1128    512     71.0120908    -103.6384940  -1772000.0000000  -1080000.0000000  -1772000.0000000  -1080000.0000000  
32      1336    512     0       0       70.8148098    -102.6679440  0.000   0.477   54.929  0.746   3      0.000   0.000   1336    512     70.8148098    -102.6679440  -1772000.0000000  -1121600.0000000  -1772000.0000000  -1121600.0000000  
33      1400    512     0       0       70.7530574    -102.3734172  0.000   0.438   49.511  0.657   3      0.000   0.000   1400    512     70.7530574    -102.3734172  -1772000.0000000  -1134400.0000000  -1772000.0000000  -1134400.0000000  
34      1056    520     0       0       71.0914684    -103.9563543  0.000   0.403   44.952  0.642   3      0.000   0.000   1056    520     71.0914684    -103.9563543  -1770400.0000000  -1065600.0000000  -1770400.0000000  -1065600.0000000  
35      1472    520     0       0       70.6950629    -102.0207468  0.000   0.354   38.350  0.557   3      0.000   0.000   1472    520     70.6950629    -102.0207468  -1770400.0000000  -1148800.0000000  -1770400.0000000  -1148800.0000000  
36      1768    520     0       0       70.4005849    -100.6930435  0.000   0.450   50.421  0.755   3      0.000   0.000   1768    520     70.4005849    -100.6930435  -1770400.0000000  -1208000.0000000  -1770400.0000000  -1208000.0000000  
37      1240    528     0       0       70.9309308    -103.0668834  0.000   0.453   52.207  0.729   3      0.000   0.000   1240    528     70.9309308    -103.0668834  -1768800.0000000  -1102400.0000000  -1768800.0000000  -1102400.0000000  
38      1272    528     0       0       70.9004437    -102.9178128  0.000   0.468   55.258  0.761   3      0.000   0.000   1272    528     70.9004437    -102.9178128  -1768800.0000000  -1108800.0000000  -1768800.0000000  -1108800.0000000  
39      1520    528     0       0       70.6600155    -101.7789188  0.000   0.339   36.212  0.548   3      0.000   0.000   1520    528     70.6600155    -101.7789188  -1768800.0000000  -1158400.0000000  -1768800.0000000  -1158400.0000000  
40      1440    536     0       0       70.7504399    -102.1194994  0.000   0.410   45.724  0.661   3      0.000   0.000   1440    536     70.7504399    -102.1194994  -1767200.0000000  -1142400.0000000  -1767200.0000000  -1142400.0000000  
41      1608    544     0       0       70.5968900    -101.3339031  0.000   0.229   22.868  0.411   3      0.000   0.000   1608    544     70.5968900    -101.3339031  -1765600.0000000  -1176000.0000000  -1765600.0000000  -1176000.0000000  
42      1648    544     0       0       70.5569774    -101.1544491  0.000   0.382   41.804  0.544   3      0.000   0.000   1648    544     70.5569774    -101.1544491  -1765600.0000000  -1184000.0000000  -1765600.0000000  -1184000.0000000  
43      968     552     0       0       71.2221050    -104.2852707  0.000   0.292   31.590  0.658   3      0.000   0.000   968     552     71.2221050    -104.2852707  -1764000.0000000  -1048000.0000000  -1764000.0000000  -1048000.0000000  
44      1032    552     0       0       71.1630372    -103.9789592  0.000   0.416   45.726  0.734   3      0.000   0.000   1032    552     71.1630372    -103.9789592  -1764000.0000000  -1060800.0000000  -1764000.0000000  -1060800.0000000  
45      1184    552     0       0       71.0206933    -103.2593092  0.000   0.294   30.059  0.470   3      0.000   0.000   1184    552     71.0206933    -103.2593092  -1764000.0000000  -1091200.0000000  -1764000.0000000  -1091200.0000000  
46      1472    552     0       0       70.7432612    -101.9259275  0.000   0.373   40.867  0.600   3      0.000   0.000   1472    552     70.7432612    -101.9259275  -1764000.0000000  -1148800.0000000  -1764000.0000000  -1148800.0000000  
47      1560    552     0       0       70.6565308    -101.5263461  0.000   0.301   30.913  0.506   3      0.000   0.000   1560    552     70.6565308    -101.5263461  -1764000.0000000  -1166400.0000000  -1764000.0000000  -1166400.0000000  
48      1712    552     0       0       70.5046266    -100.8447537  0.000   0.408   44.803  0.677   3      0.000   0.000   1712    552     70.5046266    -100.8447537  -1764000.0000000  -1196800.0000000  -1764000.0000000  -1196800.0000000  
49      1744    552     0       0       70.4723135    -100.7026426  0.000   0.408   45.928  0.676   3      0.000   0.000   1744    552     70.4723135    -100.7026426  -1764000.0000000  -1203200.0000000  -1764000.0000000  -1203200.0000000  
50      1776    552     0       0       70.4398860    -100.5610107  0.000   0.415   45.746  0.743   3      0.000   0.000   1776    552     70.4398860    -100.5610107  -1764000.0000000  -1209600.0000000  -1764000.0000000  -1209600.0000000  
51      1000    560     0       0       71.2049872    -104.1089684  0.000   0.432   48.926  0.685   3      0.000   0.000   1000    560     71.2049872    -104.1089684  -1762400.0000000  -1054400.0000000  -1762400.0000000  -1054400.0000000  
52      1256    560     0       0       70.9644564    -102.8988670  0.000   0.479   55.591  0.744   3      0.000   0.000   1256    560     70.9644564    -102.8988670  -1762400.0000000  -1105600.0000000  -1762400.0000000  -1105600.0000000  
53      1392    560     0       0       70.8334155    -102.2687174  0.000   0.417   45.839  0.658   3      0.000   0.000   1392    560     70.8334155    -102.2687174  -1762400.0000000  -1132800.0000000  -1762400.0000000  -1132800.0000000  
54      1680    560     0       0       70.5487298    -100.9632330  0.000   0.314   33.382  0.476   3      0.000   0.000   1680    560     70.5487298    -100.9632330  -1762400.0000000  -1190400.0000000  -1762400.0000000  -1190400.0000000  
55      1816    560     0       0       70.4110069    -100.3603328  0.000   0.395   44.382  0.670   3      0.000   0.000   1816    560     70.4110069    -100.3603328  -1762400.0000000  -1217600.0000000  -1762400.0000000  -1217600.0000000  
56      272     568     0       0       71.8552854    -107.7004278  0.000   0.542   66.323  0.798   3      0.000   0.000   272     568     71.8552854    -107.7004278  -1760800.0000000  -908800.0000000  -1760800.0000000  -908800.0000000  
57      1104    568     0       0       71.1205342    -103.5904450  0.000   0.333   36.235  0.597   3      0.000   0.000   1104    568     71.1205342    -103.5904450  -1760800.0000000  -1075200.0000000  -1760800.0000000  -1075200.0000000  
58      1296    568     0       0       70.9383013    -102.6891106  0.000   0.487   56.698  0.747   3      0.000   0.000   1296    568     70.9383013    -102.6891106  -1760800.0000000  -1113600.0000000  -1760800.0000000  -1113600.0000000  
59      1344    568     0       0       70.8920424    -102.4665279  0.000   0.500   60.095  0.819   3      0.000   0.000   1344    568     70.8920424    -102.4665279  -1760800.0000000  -1123200.0000000  -1760800.0000000  -1123200.0000000  
60      1504    568     0       0       70.7358671    -101.7325046  0.000   0.302   31.373  0.521   3      0.000   0.000   1504    568     70.7358671    -101.7325046  -1760800.0000000  -1155200.0000000  -1760800.0000000  -1155200.0000000  
61      1608    576     0       0       70.6446955    -101.2378397  0.000   0.264   27.909  0.398   2      0.000   0.000   1608    576     70.6446955    -101.2378397  -1759200.0000000  -1176000.0000000  -1759200.0000000  -1176000.0000000  
62      1648    576     0       0       70.6046772    -101.0581372  0.000   0.335   35.435  0.485   3      0.000   0.000   1648    576     70.6046772    -101.0581372  -1759200.0000000  -1184000.0000000  -1759200.0000000  -1184000.0000000  
63      240     584     0       0       71.9073201    -107.8227934  0.000   0.484   56.178  0.744   3      0.000   0.000   240     584     71.9073201    -107.8227934  -1757600.0000000  -902400.0000000  -1757600.0000000  -902400.0000000  
64      952     584     0       0       71.2863051    -104.2707616  0.000   0.336   36.344  0.643   3      0.000   0.000   952     584     71.2863051    -104.2707616  -1757600.0000000  -1044800.0000000  -1757600.0000000  -1044800.0000000  
65      1160    584     0       0       71.0923318    -103.2791416  0.000   0.292   30.950  0.558   3      0.000   0.000   1160    584     71.0923318    -103.2791416  -1757600.0000000  -1086400.0000000  -1757600.0000000  -1086400.0000000  
66      1424    584     0       0       70.8384667    -102.0504448  0.000   0.424   47.094  0.648   3      0.000   0.000   1424    584     70.8384667    -102.0504448  -1757600.0000000  -1139200.0000000  -1757600.0000000  -1139200.0000000  
67      1200    592     0       0       71.0666215    -103.0674106  0.000   0.317   33.244  0.519   3      0.000   0.000   1200    592     71.0666215    -103.0674106  -1756000.0000000  -1094400.0000000  -1756000.0000000  -1094400.0000000  
68      1544    592     0       0       70.7323131    -101.4789283  0.000   0.303   31.959  0.442   3      0.000   0.000   1544    592     70.7323131    -101.4789283  -1756000.0000000  -1163200.0000000  -1756000.0000000  -1163200.0000000  
69      1680    592     0       0       70.5963211    -100.8664848  0.000   0.325   34.195  0.574   3      0.000   0.000   1680    592     70.5963211    -100.8664848  -1756000.0000000  -1190400.0000000  -1756000.0000000  -1190400.0000000  
70      272     600     0       0       71.9065144    -107.6153078  0.000   0.462   52.821  0.752   3      0.000   0.000   272     600     71.9065144    -107.6153078  -1754400.0000000  -908800.0000000  -1754400.0000000  -908800.0000000  
71      1032    600     0       0       71.2369816    -103.8406955  0.000   0.340   36.972  0.555   3      0.000   0.000   1032    600     71.2369816    -103.8406955  -1754400.0000000  -1060800.0000000  -1754400.0000000  -1060800.0000000  
72      1296    600     0       0       70.9868954    -102.5947874  0.000   0.404   44.316  0.729   3      0.000   0.000   1296    600     70.9868954    -102.5947874  -1754400.0000000  -1113600.0000000  -1754400.0000000  -1113600.0000000  
73      1360    600     0       0       70.9249871    -102.2977980  0.000   0.485   57.272  0.751   3      0.000   0.000   1360    600     70.9249871    -102.2977980  -1754400.0000000  -1126400.0000000  -1754400.0000000  -1126400.0000000  
74      1328    608     0       0       70.9681233    -102.4223321  0.000   0.461   51.540  0.678   3      0.000   0.000   1328    608     70.9681233    -102.4223321  -1752800.0000000  -1120000.0000000  -1752800.0000000  -1120000.0000000  
75      1648    608     0       0       70.6523294    -100.9613419  0.000   0.284   29.232  0.456   3      0.000   0.000   1648    608     70.6523294    -100.9613419  -1752800.0000000  -1184000.0000000  -1752800.0000000  -1184000.0000000  
76      176     616     0       0       72.0111654    -108.0696801  0.000   0.521   61.136  0.834   3      0.000   0.000   176     616     72.0111654    -108.0696801  -1751200.0000000  -889600.0000000  -1751200.0000000  -889600.0000000  
77      240     616     0       0       71.9586128    -107.7377771  0.000   0.464   54.280  0.726   3      0.000   0.000   240     616     71.9586128    -107.7377771  -1751200.0000000  -902400.0000000  -1751200.0000000  -902400.0000000  
78      960     616     0       0       71.3283989    -104.1402844  0.000   0.342   36.681  0.610   3      0.000   0.000   960     616     71.3283989    -104.1402844  -1751200.0000000  -1046400.0000000  -1751200.0000000  -1046400.0000000  
79      1096    616     0       0       71.2016912    -103.4889823  0.000   0.338   36.232  0.586   3      0.000   0.000   1096    616     71.2016912    -103.4889823  -1751200.0000000  -1073600.0000000  -1751200.0000000  -1073600.0000000  
80      1128    616     0       0       71.1715401    -103.3370366  0.000   0.348   38.694  0.582   3      0.000   0.000   1128    616     71.1715401    -103.3370366  -1751200.0000000  -1080000.0000000  -1751200.0000000  -1080000.0000000  
81      1392    616     0       0       70.9180027    -102.1023547  0.000   0.421   46.884  0.723   3      0.000   0.000   1392    616     70.9180027    -102.1023547  -1751200.0000000  -1132800.0000000  -1751200.0000000  -1132800.0000000  
82      1496    624     0       0       70.8278334    -101.6011102  0.000   0.414   46.586  0.644   3      0.000   0.000   1496    624     70.8278334    -101.6011102  -1749600.0000000  -1153600.0000000  -1749600.0000000  -1153600.0000000  
83      1584    624     0       0       70.7403338    -101.2012463  0.000   0.259   26.302  0.392   2      0.000   0.000   1584    624     70.7403338    -101.2012463  -1749600.0000000  -1171200.0000000  -1749600.0000000  -1171200.0000000  
84      992     632     0       0       71.3234653    -103.9399352  0.000   0.398   43.162  0.607   3      0.000   0.000   992     632     71.3234653    -103.9399352  -1748000.0000000  -1052800.0000000  -1748000.0000000  -1052800.0000000  
85      1544    632     0       0       70.7921863    -101.3583702  0.000   0.302   32.397  0.551   3      0.000   0.000   1544    632     70.7921863    -101.3583702  -1748000.0000000  -1163200.0000000  -1748000.0000000  -1163200.0000000  
86      136     640     0       0       72.0823540    -108.2149039  0.000   0.347   37.277  0.580   3      0.000   0.000   136     640     72.0823540    -108.2149039  -1746400.0000000  -881600.0000000  -1746400.0000000  -881600.0000000  
87      208     640     0       0       72.0234708    -107.8396623  0.000   0.560   69.288  0.832   3      0.000   0.000   208     640     72.0234708    -107.8396623  -1746400.0000000  -896000.0000000  -1746400.0000000  -896000.0000000  
88      1184    640     0       0       71.1550919    -103.0016950  0.000   0.412   45.478  0.566   3      0.000   0.000   1184    640     71.1550919    -103.0016950  -1746400.0000000  -1091200.0000000  -1746400.0000000  -1091200.0000000  
89      1464    640     0       0       70.8834690    -101.6993212  0.000   0.475   55.768  0.777   3      0.000   0.000   1464    640     70.8834690    -101.6993212  -1746400.0000000  -1147200.0000000  -1746400.0000000  -1147200.0000000  
90      1648    640     0       0       70.6999336    -100.8640599  0.000   0.406   44.882  0.643   3      0.000   0.000   1648    640     70.6999336    -100.8640599  -1746400.0000000  -1184000.0000000  -1746400.0000000  -1184000.0000000  
91      168     648     0       0       72.0691332    -108.0265977  0.000   0.424   48.585  0.745   3      0.000   0.000   168     648     72.0691332    -108.0265977  -1744800.0000000  -888000.0000000  -1744800.0000000  -888000.0000000  
92      1216    648     0       0       71.1367100    -102.8272649  0.000   0.411   46.227  0.638   3      0.000   0.000   1216    648     71.1367100    -102.8272649  -1744800.0000000  -1097600.0000000  -1744800.0000000  -1097600.0000000  
93      1376    648     0       0       70.9819237    -102.0805989  0.000   0.414   45.928  0.679   3      0.000   0.000   1376    648     70.9819237    -102.0805989  -1744800.0000000  -1129600.0000000  -1744800.0000000  -1129600.0000000  
94      960     656     0       0       71.3901581    -104.0246443  0.000   0.389   43.027  0.569   3      0.000   0.000   960     656     71.3901581    -104.0246443  -1743200.0000000  -1046400.0000000  -1743200.0000000  -1046400.0000000  
95      928     664     0       0       71.4321003    -104.1563765  0.000   0.392   42.356  0.703   3      0.000   0.000   928     664     71.4321003    -104.1563765  -1741600.0000000  -1040000.0000000  -1741600.0000000  -1040000.0000000  
96      1080    664     0       0       71.2903494    -103.4248143  0.000   0.405   44.158  0.656   3      0.000   0.000   1080    664     71.2903494    -103.4248143  -1741600.0000000  -1070400.0000000  -1741600.0000000  -1070400.0000000  
97      1112    664     0       0       71.2601357    -103.2722426  0.000   0.394   43.777  0.703   3      0.000   0.000   1112    664     71.2601357    -103.2722426  -1741600.0000000  -1076800.0000000  -1741600.0000000  -1076800.0000000  
98      1536    664     0       0       70.8480130    -101.2977871  0.000   0.361   38.756  0.624   3      0.000   0.000   1536    664     70.8480130    -101.2977871  -1741600.0000000  -1161600.0000000  -1741600.0000000  -1161600.0000000  
99      1568    664     0       0       70.8160437    -101.1523104  0.000   0.272   28.795  0.475   3      0.000   0.000   1568    664     70.8160437    -101.1523104  -1741600.0000000  -1168000.0000000  -1741600.0000000  -1168000.0000000  
100     128     672     0       0       72.1403662    -108.1721260  0.000   0.426   45.617  0.625   3      0.000   0.000   128     672     72.1403662    -108.1721260  -1740000.0000000  -880000.0000000  -1740000.0000000  -880000.0000000  
101     1000    672     0       0       71.3776359    -103.7851003  0.000   0.423   47.595  0.656   3      0.000   0.000   1000    672     71.3776359    -103.7851003  -1740000.0000000  -1054400.0000000  -1740000.0000000  -1054400.0000000  
102     1040    672     0       0       71.3402248    -103.5928164  0.000   0.450   50.540  0.665   3      0.000   0.000   1040    672     71.3402248    -103.5928164  -1740000.0000000  -1062400.0000000  -1740000.0000000  -1062400.0000000  
103     1480    672     0       0       70.9156697    -101.5293387  0.000   0.413   46.519  0.629   3      0.000   0.000   1480    672     70.9156697    -101.5293387  -1740000.0000000  -1150400.0000000  -1740000.0000000  -1150400.0000000  
104     1640    672     0       0       70.7555715    -100.8023152  0.000   0.432   49.379  0.709   3      0.000   0.000   1640    672     70.7555715    -100.8023152  -1740000.0000000  -1182400.0000000  -1740000.0000000  -1182400.0000000  
105     1184    680     0       0       71.2160737    -102.8833584  0.000   0.389   43.430  0.642   3      0.000   0.000   1184    680     71.2160737    -102.8833584  -1738400.0000000  -1091200.0000000  -1738400.0000000  -1091200.0000000  
106     1240    680     0       0       71.1623214    -102.6193223  0.000   0.368   40.243  0.652   3      0.000   0.000   1240    680     71.1623214    -102.6193223  -1738400.0000000  -1102400.0000000  -1738400.0000000  -1102400.0000000  
107     96      688     0       0       72.1921237    -108.2978778  0.000   0.461   52.891  0.669   3      0.000   0.000   96      688     72.1921237    -108.2978778  -1736800.0000000  -873600.0000000  -1736800.0000000  -873600.0000000  
108     1328    688     0       0       71.0891737    -102.1834824  0.000   0.356   37.257  0.585   3      0.000   0.000   1328    688     71.0891737    -102.1834824  -1736800.0000000  -1120000.0000000  -1736800.0000000  -1120000.0000000  
109     1416    688     0       0       71.0029439    -101.7752935  0.000   0.460   52.729  0.775   3      0.000   0.000   1416    688     71.0029439    -101.7752935  -1736800.0000000  -1137600.0000000  -1736800.0000000  -1137600.0000000  
110     1680    688     0       0       70.7388047    -100.5733217  0.000   0.515   60.064  0.785   3      0.000   0.000   1680    688     70.7388047    -100.5733217  -1736800.0000000  -1190400.0000000  -1736800.0000000  -1190400.0000000  
111     1776    688     0       0       70.6407793    -100.1445924  0.000   0.496   57.207  0.712   3      0.000   0.000   1776    688     70.6407793    -100.1445924  -1736800.0000000  -1209600.0000000  -1736800.0000000  -1209600.0000000  
112     896     696     0       0       71.5110857    -104.2191721  0.000   0.415   47.026  0.717   3      0.000   0.000   896     696     71.5110857    -104.2191721  -1735200.0000000  -1033600.0000000  -1735200.0000000  -1033600.0000000  
113     1080    696     0       0       71.3393831    -103.3306376  0.000   0.345   36.473  0.571   3      0.000   0.000   1080    696     71.3393831    -103.3306376  -1735200.0000000  -1070400.0000000  -1735200.0000000  -1070400.0000000  
114     1152    696     0       0       71.2710321    -102.9874940  0.000   0.378   40.513  0.602   3      0.000   0.000   1152    696     71.2710321    -102.9874940  -1735200.0000000  -1084800.0000000  -1735200.0000000  -1084800.0000000  
115     1272    696     0       0       71.1556900    -102.4212534  0.000   0.408   44.836  0.698   3      0.000   0.000   1272    696     71.1556900    -102.4212534  -1735200.0000000  -1108800.0000000  -1735200.0000000  -1108800.0000000  
116     1544    696     0       0       70.8878295    -101.1638788  0.000   0.389   42.249  0.682   3      0.000   0.000   1544    696     70.8878295    -101.1638788  -1735200.0000000  -1163200.0000000  -1735200.0000000  -1163200.0000000  
117     1608    696     0       0       70.8235424    -100.8732630  0.000   0.412   46.536  0.635   3      0.000   0.000   1608    696     70.8235424    -100.8732630  -1735200.0000000  -1176000.0000000  -1735200.0000000  -1176000.0000000  
118     1736    696     0       0       70.6935649    -100.2979789  0.000   0.449   51.603  0.828   3      0.000   0.000   1736    696     70.6935649    -100.2979789  -1735200.0000000  -1201600.0000000  -1735200.0000000  -1201600.0000000  
119     968     704     0       0       71.4567376    -103.8460990  0.000   0.381   41.126  0.601   3      0.000   0.000   968     704     71.4567376    -103.8460990  -1733600.0000000  -1048000.0000000  -1733600.0000000  -1048000.0000000  
120     1112    712     0       0       71.3335428    -103.1304111  0.000   0.307   33.433  0.565   3      0.000   0.000   1112    712     71.3335428    -103.1304111  -1732000.0000000  -1076800.0000000  -1732000.0000000  -1076800.0000000  
121     1008    720     0       0       71.4439741    -103.6058061  0.000   0.373   39.774  0.575   3      0.000   0.000   1008    720     71.4439741    -103.6058061  -1730400.0000000  -1056000.0000000  -1730400.0000000  -1056000.0000000  
122     1040    720     0       0       71.4139020    -103.4516524  0.000   0.367   39.032  0.572   3      0.000   0.000   1040    720     71.4139020    -103.4516524  -1730400.0000000  -1062400.0000000  -1730400.0000000  -1062400.0000000  
123     1344    720     0       0       71.1218621    -102.0124593  0.000   0.468   54.131  0.706   3      0.000   0.000   1344    720     71.1218621    -102.0124593  -1730400.0000000  -1123200.0000000  -1730400.0000000  -1123200.0000000  
124     1448    720     0       0       71.0193785    -101.5305591  0.000   0.439   49.856  0.744   3      0.000   0.000   1448    720     71.0193785    -101.5305591  -1730400.0000000  -1144000.0000000  -1730400.0000000  -1144000.0000000  
125     1696    720     0       0       70.7698923    -100.4027596  0.000   0.514   60.849  0.754   3      0.000   0.000   1696    720     70.7698923    -100.4027596  -1730400.0000000  -1193600.0000000  -1730400.0000000  -1193600.0000000  
126     128     728     0       0       72.2304429    -108.0228321  0.000   0.332   36.052  0.640   3      0.000   0.000   128     728     72.2304429    -108.0228321  -1728800.0000000  -880000.0000000  -1728800.0000000  -880000.0000000  
127     1144    728     0       0       71.3274787    -102.9303145  0.000   0.380   42.775  0.632   3      0.000   0.000   1144    728     71.3274787    -102.9303145  -1728800.0000000  -1083200.0000000  -1728800.0000000  -1083200.0000000  
128     1488    728     0       0       70.9915916    -101.3221712  0.000   0.375   40.809  0.648   3      0.000   0.000   1488    728     70.9915916    -101.3221712  -1728800.0000000  -1152000.0000000  -1728800.0000000  -1152000.0000000  
129     1616    728     0       0       70.8630293    -100.7386346  0.000   0.460   54.077  0.752   3      0.000   0.000   1616    728     70.8630293    -100.7386346  -1728800.0000000  -1177600.0000000  -1728800.0000000  -1177600.0000000  
130     1648    728     0       0       70.8305941    -100.5940000  0.000   0.497   58.999  0.747   3      0.000   0.000   1648    728     70.8305941    -100.5940000  -1728800.0000000  -1184000.0000000  -1728800.0000000  -1184000.0000000  
131     1776    728     0       0       70.6996939    -100.0204377  0.000   0.376   40.727  0.659   3      0.000   0.000   1776    728     70.6996939    -100.0204377  -1728800.0000000  -1209600.0000000  -1728800.0000000  -1209600.0000000  
132     1224    736     0       0       71.2627903    -102.5270906  0.000   0.405   44.868  0.634   3      0.000   0.000   1224    736     71.2627903    -102.5270906  -1727200.0000000  -1099200.0000000  -1727200.0000000  -1099200.0000000  
133     1256    736     0       0       71.2318155    -102.3762387  0.000   0.453   51.785  0.718   3      0.000   0.000   1256    736     71.2318155    -102.3762387  -1727200.0000000  -1105600.0000000  -1727200.0000000  -1105600.0000000  
134     1520    736     0       0       70.9715751    -101.1509987  0.000   0.392   42.599  0.586   3      0.000   0.000   1520    736     70.9715751    -101.1509987  -1727200.0000000  -1158400.0000000  -1727200.0000000  -1158400.0000000  
135     864     752     0       0       71.6272108    -104.2125135  0.000   0.413   44.990  0.723   3      0.000   0.000   864     752     71.6272108    -104.2125135  -1724000.0000000  -1027200.0000000  -1724000.0000000  -1027200.0000000  
136     912     752     0       0       71.5828118    -103.9776309  0.000   0.282   28.934  0.477   3      0.000   0.000   912     752     71.5828118    -103.9776309  -1724000.0000000  -1036800.0000000  -1724000.0000000  -1036800.0000000  
137     1040    752     0       0       71.4629664    -103.3569094  0.000   0.400   43.561  0.589   3      0.000   0.000   1040    752     71.4629664    -103.3569094  -1724000.0000000  -1062400.0000000  -1724000.0000000  -1062400.0000000  
138     1088    752     0       0       71.4174879    -103.1262485  0.000   0.363   39.574  0.558   3      0.000   0.000   1088    752     71.4174879    -103.1262485  -1724000.0000000  -1072000.0000000  -1724000.0000000  -1072000.0000000  
139     1192    752     0       0       71.3179633    -102.6304233  0.000   0.387   42.566  0.597   3      0.000   0.000   1192    752     71.3179633    -102.6304233  -1724000.0000000  -1092800.0000000  -1724000.0000000  -1092800.0000000  
140     1552    752     0       0       70.9633116    -100.9555427  0.000   0.383   40.958  0.579   3      0.000   0.000   1552    752     70.9633116    -100.9555427  -1724000.0000000  -1164800.0000000  -1724000.0000000  -1164800.0000000  
141     1288    760     0       0       71.2370041    -102.1532773  0.000   0.408   47.204  0.713   3      0.000   0.000   1288    760     71.2370041    -102.1532773  -1722400.0000000  -1112000.0000000  -1722400.0000000  -1112000.0000000  
142     1584    760     0       0       70.9429404    -100.7850258  0.000   0.426   48.083  0.737   3      0.000   0.000   1584    760     70.9429404    -100.7850258  -1722400.0000000  -1171200.0000000  -1722400.0000000  -1171200.0000000  
143     1616    760     0       0       70.9105360    -100.6396944  0.000   0.416   46.134  0.669   3      0.000   0.000   1616    760     70.9105360    -100.6396944  -1722400.0000000  -1177600.0000000  -1722400.0000000  -1177600.0000000  
144     48      768     0       0       72.3599716    -108.3391366  0.000   0.429   47.089  0.699   3      0.000   0.000   48      768     72.3599716    -108.3391366  -1720800.0000000  -864000.0000000  -1720800.0000000  -864000.0000000  
145     1344    768     0       0       71.1942214    -101.8667252  0.000   0.443   49.760  0.685   3      0.000   0.000   1344    768     71.1942214    -101.8667252  -1720800.0000000  -1123200.0000000  -1720800.0000000  -1123200.0000000  
146     1472    768     0       0       71.0673891    -101.2730666  0.000   0.449   50.257  0.636   3      0.000   0.000   1472    768     71.0673891    -101.2730666  -1720800.0000000  -1148800.0000000  -1720800.0000000  -1148800.0000000  
147     1656    768     0       0       70.8817074    -100.4338627  0.000   0.457   52.592  0.694   3      0.000   0.000   1656    768     70.8817074    -100.4338627  -1720800.0000000  -1185600.0000000  -1720800.0000000  -1185600.0000000  
148     88      776     0       0       72.3403402    -108.1052997  0.000   0.402   44.527  0.691   3      0.000   0.000   88      776     72.3403402    -108.1052997  -1719200.0000000  -872000.0000000  -1719200.0000000  -872000.0000000  
149     832     776     0       0       71.6938287    -104.2996614  0.000   0.397   43.763  0.780   3      0.000   0.000   832     776     71.6938287    -104.2996614  -1719200.0000000  -1020800.0000000  -1719200.0000000  -1020800.0000000  
150     1416    776     0       0       71.1351186    -101.5072694  0.000   0.363   38.753  0.562   3      0.000   0.000   1416    776     71.1351186    -101.5072694  -1719200.0000000  -1137600.0000000  -1719200.0000000  -1137600.0000000  
151     1752    784     0       0       70.8068379    -99.9524953   0.000   0.437   50.010  0.716   3      0.000   0.000   1752    784     70.8068379    -99.9524953   -1717600.0000000  -1204800.0000000  -1717600.0000000  -1204800.0000000  
152     880     792     0       0       71.6742470    -104.0166068  0.000   0.408   45.072  0.698   3      0.000   0.000   880     792     71.6742470    -104.0166068  -1716000.0000000  -1030400.0000000  -1716000.0000000  -1030400.0000000  
153     968     792     0       0       71.5921468    -103.5866441  0.000   0.393   44.023  0.648   3      0.000   0.000   968     792     71.5921468    -103.5866441  -1716000.0000000  -1048000.0000000  -1716000.0000000  -1048000.0000000  
154     1032    792     0       0       71.5318138    -103.2763970  0.000   0.352   38.749  0.635   3      0.000   0.000   1032    792     71.5318138    -103.2763970  -1716000.0000000  -1060800.0000000  -1716000.0000000  -1060800.0000000  
155     1264    792     0       0       71.3087970    -102.1690246  0.000   0.426   47.262  0.657   3      0.000   0.000   1264    792     71.3087970    -102.1690246  -1716000.0000000  -1107200.0000000  -1716000.0000000  -1107200.0000000  
156     1296    792     0       0       71.2775157    -102.0184026  0.000   0.374   40.390  0.602   3      0.000   0.000   1296    792     71.2775157    -102.0184026  -1716000.0000000  -1113600.0000000  -1716000.0000000  -1113600.0000000  
157     56      800     0       0       72.4050587    -108.2108048  0.000   0.432   48.157  0.689   3      0.000   0.000   56      800     72.4050587    -108.2108048  -1714400.0000000  -865600.0000000  -1714400.0000000  -865600.0000000  
158     800     800     0       0       71.7604165    -104.3874564  0.000   0.389   41.475  0.689   3      0.000   0.000   800     800     71.7604165    -104.3874564  -1714400.0000000  -1014400.0000000  -1714400.0000000  -1014400.0000000  
159     1000    800     0       0       71.5743179    -103.4074174  0.000   0.394   43.239  0.624   3      0.000   0.000   1000    800     71.5743179    -103.4074174  -1714400.0000000  -1054400.0000000  -1714400.0000000  -1054400.0000000  
160     1176    800     0       0       71.4063297    -102.5616896  0.000   0.346   39.185  0.649   3      0.000   0.000   1176    800     71.4063297    -102.5616896  -1714400.0000000  -1089600.0000000  -1714400.0000000  -1089600.0000000  
161     1336    800     0       0       71.2502859    -101.8063635  0.000   0.399   43.458  0.601   3      0.000   0.000   1336    800     71.2502859    -101.8063635  -1714400.0000000  -1121600.0000000  -1714400.0000000  -1121600.0000000  
162     1464    800     0       0       71.1232291    -101.2113274  0.000   0.392   42.399  0.601   3      0.000   0.000   1464    800     71.1232291    -101.2113274  -1714400.0000000  -1147200.0000000  -1714400.0000000  -1147200.0000000  
163     1664    800     0       0       70.9208601    -100.2978956  0.000   0.473   53.834  0.685   3      0.000   0.000   1664    800     70.9208601    -100.2978956  -1714400.0000000  -1187200.0000000  -1714400.0000000  -1187200.0000000  
164     848     808     0       0       71.7285982    -104.1268452  0.000   0.446   50.378  0.685   3      0.000   0.000   848     808     71.7285982    -104.1268452  -1712800.0000000  -1024000.0000000  -1712800.0000000  -1024000.0000000  
165     1424    808     0       0       71.1751270    -101.3717335  0.000   0.420   48.581  0.649   3      0.000   0.000   1424    808     71.1751270    -101.3717335  -1712800.0000000  -1139200.0000000  -1712800.0000000  -1139200.0000000  
166     1496    808     0       0       71.1030968    -101.0390616  0.000   0.400   44.544  0.732   3      0.000   0.000   1496    808     71.1030968    -101.0390616  -1712800.0000000  -1153600.0000000  -1712800.0000000  -1153600.0000000  
167     24      816     0       0       72.4568253    -108.3385995  0.000   0.342   33.215  0.487   3      0.000   0.000   24      816     72.4568253    -108.3385995  -1711200.0000000  -859200.0000000  -1711200.0000000  -859200.0000000  
168     936     816     0       0       71.6590546    -103.6713071  0.000   0.412   46.061  0.688   3      0.000   0.000   936     816     71.6590546    -103.6713071  -1711200.0000000  -1041600.0000000  -1711200.0000000  -1041600.0000000  
169     1208    816     0       0       71.3996280    -102.3609985  0.000   0.395   43.567  0.680   3      0.000   0.000   1208    816     71.3996280    -102.3609985  -1711200.0000000  -1096000.0000000  -1711200.0000000  -1096000.0000000  
170     1528    816     0       0       71.0827981    -100.8671704  0.000   0.416   46.912  0.692   3      0.000   0.000   1528    816     71.0827981    -100.8671704  -1711200.0000000  -1160000.0000000  -1711200.0000000  -1160000.0000000  
171     1560    816     0       0       71.0504486    -100.7206042  0.000   0.434   48.685  0.709   3      0.000   0.000   1560    816     71.0504486    -100.7206042  -1711200.0000000  -1166400.0000000  -1711200.0000000  -1166400.0000000  
172     768     824     0       0       71.8269739    -104.4759052  0.000   0.395   42.413  0.655   3      0.000   0.000   768     824     71.8269739    -104.4759052  -1709600.0000000  -1008000.0000000  -1709600.0000000  -1008000.0000000  
173     1136    824     0       0       71.4813757    -102.6799927  0.000   0.473   53.605  0.707   3      0.000   0.000   1136    824     71.4813757    -102.6799927  -1709600.0000000  -1081600.0000000  -1709600.0000000  -1081600.0000000  
174     1608    824     0       0       71.0135548    -100.4766872  0.000   0.419   47.656  0.699   3      0.000   0.000   1608    824     71.0135548    -100.4766872  -1709600.0000000  -1176000.0000000  -1709600.0000000  -1176000.0000000  
175     1712    824     0       0       70.9069636    -100.0061804  0.000   0.444   50.136  0.671   3      0.000   0.000   1712    824     70.9069636    -100.0061804  -1709600.0000000  -1196800.0000000  -1709600.0000000  -1196800.0000000  
176     1744    824     0       0       70.8739202    -99.8624864   0.000   0.483   57.875  0.789   3      0.000   0.000   1744    824     70.8739202    -99.8624864   -1709600.0000000  -1203200.0000000  -1709600.0000000  -1203200.0000000  
177     56      832     0       0       72.4565961    -108.1244927  0.000   0.303   31.569  0.457   3      0.000   0.000   56      832     72.4565961    -108.1244927  -1708000.0000000  -865600.0000000  -1708000.0000000  -865600.0000000  
178     1016    832     0       0       71.6082269    -103.2340532  0.000   0.359   39.591  0.585   3      0.000   0.000   1016    832     71.6082269    -103.2340532  -1708000.0000000  -1057600.0000000  -1708000.0000000  -1057600.0000000  
179     1272    832     0       0       71.3614061    -102.0091598  0.000   0.421   46.314  0.678   3      0.000   0.000   1272    832     71.3614061    -102.0091598  -1708000.0000000  -1108800.0000000  -1708000.0000000  -1108800.0000000  
180     1336    832     0       0       71.2984407    -101.7081159  0.000   0.388   43.037  0.611   3      0.000   0.000   1336    832     71.2984407    -101.7081159  -1708000.0000000  -1121600.0000000  -1708000.0000000  -1121600.0000000  
181     728     840     0       0       71.8883614    -104.6284576  0.000   0.384   42.812  0.614   3      0.000   0.000   728     840     71.8883614    -104.6284576  -1706400.0000000  -1000000.0000000  -1706400.0000000  -1000000.0000000  
182     1416    848     0       0       71.2429920    -101.2851211  0.000   0.450   51.012  0.712   3      0.000   0.000   1416    848     71.2429920    -101.2851211  -1704800.0000000  -1137600.0000000  -1704800.0000000  -1137600.0000000  
183     1520    848     0       0       71.1384971    -100.8041588  0.000   0.418   46.594  0.616   3      0.000   0.000   1520    848     71.1384971    -100.8041588  -1704800.0000000  -1158400.0000000  -1704800.0000000  -1158400.0000000  
184     808     856     0       0       71.8398036    -104.1829013  0.000   0.361   39.062  0.662   3      0.000   0.000   808     856     71.8398036    -104.1829013  -1703200.0000000  -1016000.0000000  -1703200.0000000  -1016000.0000000  
185     1080    856     0       0       71.5838946    -102.8521143  0.000   0.409   45.857  0.646   3      0.000   0.000   1080    856     71.5838946    -102.8521143  -1703200.0000000  -1070400.0000000  -1703200.0000000  -1070400.0000000  
186     1368    856     0       0       71.3027922    -101.4841778  0.000   0.428   47.904  0.728   3      0.000   0.000   1368    856     71.3027922    -101.4841778  -1703200.0000000  -1128000.0000000  -1703200.0000000  -1128000.0000000  
187     1584    856     0       0       71.0854205    -100.4857666  0.000   0.503   58.606  0.751   3      0.000   0.000   1584    856     71.0854205    -100.4857666  -1703200.0000000  -1171200.0000000  -1703200.0000000  -1171200.0000000  
188     1640    856     0       0       71.0281788    -100.2307433  0.000   0.464   53.652  0.743   3      0.000   0.000   1640    856     71.0281788    -100.2307433  -1703200.0000000  -1182400.0000000  -1703200.0000000  -1182400.0000000  
189     896     864     0       0       71.7703755    -103.7243200  0.000   0.470   54.025  0.696   3      0.000   0.000   896     864     71.7703755    -103.7243200  -1701600.0000000  -1033600.0000000  -1701600.0000000  -1033600.0000000  
190     1216    864     0       0       71.4645253    -102.1763670  0.000   0.421   46.927  0.672   3      0.000   0.000   1216    864     71.4645253    -102.1763670  -1701600.0000000  -1097600.0000000  -1701600.0000000  -1097600.0000000  
191     1264    864     0       0       71.4175447    -101.9486829  0.000   0.480   55.580  0.678   3      0.000   0.000   1264    864     71.4175447    -101.9486829  -1701600.0000000  -1107200.0000000  -1701600.0000000  -1107200.0000000  
192     984     872     0       0       71.6998206    -103.2693038  0.000   0.434   49.980  0.673   3      0.000   0.000   984     872     71.6998206    -103.2693038  -1700000.0000000  -1051200.0000000  -1700000.0000000  -1051200.0000000  
193     1176    872     0       0       71.5155877    -102.3425174  0.000   0.360   39.623  0.601   3      0.000   0.000   1176    872     71.5155877    -102.3425174  -1700000.0000000  -1089600.0000000  -1700000.0000000  -1089600.0000000  
194     1296    872     0       0       71.3981145    -101.7728428  0.000   0.489   58.705  0.722   3      0.000   0.000   1296    872     71.3981145    -101.7728428  -1700000.0000000  -1113600.0000000  -1700000.0000000  -1113600.0000000  
195     856     880     0       0       71.8323731    -103.8737982  0.000   0.443   50.143  0.739   3      0.000   0.000   856     880     71.8323731    -103.8737982  -1698400.0000000  -1025600.0000000  -1698400.0000000  -1025600.0000000  
196     1032    880     0       0       71.6664217    -103.0116012  0.000   0.444   51.965  0.730   3      0.000   0.000   1032    880     71.6664217    -103.0116012  -1698400.0000000  -1060800.0000000  -1698400.0000000  -1060800.0000000  
197     1728    880     0       0       70.9727591    -99.7569851   0.000   0.442   50.097  0.702   3      0.000   0.000   1728    880     70.9727591    -99.7569851   -1698400.0000000  -1200000.0000000  -1698400.0000000  -1200000.0000000  
198     1072    888     0       0       71.6403459    -102.7935203  0.000   0.461   52.907  0.760   3      0.000   0.000   1072    888     71.6403459    -102.7935203  -1696800.0000000  -1068800.0000000  -1696800.0000000  -1068800.0000000  
199     1136    888     0       0       71.5786531    -102.4851305  0.000   0.416   45.955  0.655   3      0.000   0.000   1136    888     71.5786531    -102.4851305  -1696800.0000000  -1081600.0000000  -1696800.0000000  -1081600.0000000  
200     1376    888     0       0       71.3428012    -101.3473522  0.000   0.479   56.328  0.762   3      0.000   0.000   1376    888     71.3428012    -101.3473522  -1696800.0000000  -1129600.0000000  -1696800.0000000  -1129600.0000000  
201     1416    888     0       0       71.3028148    -101.1605792  0.000   0.359   39.765  0.607   3      0.000   0.000   1416    888     71.3028148    -101.1605792  -1696800.0000000  -1137600.0000000  -1696800.0000000  -1137600.0000000  
202     1576    888     0       0       71.1409825    -100.4216014  0.000   0.479   55.157  0.756   3      0.000   0.000   1576    888     71.1409825    -100.4216014  -1696800.0000000  -1169600.0000000  -1696800.0000000  -1169600.0000000  
203     1640    888     0       0       71.0754175    -100.1296306  0.000   0.437   49.185  0.745   3      0.000   0.000   1640    888     71.0754175    -100.1296306  -1696800.0000000  -1182400.0000000  -1696800.0000000  -1182400.0000000  
204     1672    888     0       0       71.0424594    -99.9844177   0.000   0.413   46.633  0.731   3      0.000   0.000   1672    888     71.0424594    -99.9844177   -1696800.0000000  -1188800.0000000  -1696800.0000000  -1188800.0000000  
205     680     896     0       0       72.0191858    -104.7049108  0.000   0.326   34.367  0.559   3      0.000   0.000   680     896     72.0191858    -104.7049108  -1695200.0000000  -990400.0000000  -1695200.0000000  -990400.0000000  
206     808     904     0       0       71.9140415    -104.0402237  0.000   0.370   41.374  0.661   3      0.000   0.000   808     904     71.9140415    -104.0402237  -1693600.0000000  -1016000.0000000  -1693600.0000000  -1016000.0000000  
207     1240    904     0       0       71.5014637    -101.9390472  0.000   0.407   45.869  0.749   3      0.000   0.000   1240    904     71.5014637    -101.9390472  -1693600.0000000  -1102400.0000000  -1693600.0000000  -1102400.0000000  
208     1520    904     0       0       71.2217290    -100.6283884  0.000   0.443   49.483  0.665   3      0.000   0.000   1520    904     71.2217290    -100.6283884  -1693600.0000000  -1158400.0000000  -1693600.0000000  -1158400.0000000  
209     752     912     0       0       71.9781602    -104.2958963  0.000   0.464   52.964  0.714   3      0.000   0.000   752     912     71.9781602    -104.2958963  -1692000.0000000  -1004800.0000000  -1692000.0000000  -1004800.0000000  
210     1032    912     0       0       71.7152858    -102.9143298  0.000   0.439   49.474  0.712   3      0.000   0.000   1032    912     71.7152858    -102.9143298  -1692000.0000000  -1060800.0000000  -1692000.0000000  -1060800.0000000  
211     1272    912     0       0       71.4820192    -101.7624070  0.000   0.429   48.436  0.723   3      0.000   0.000   1272    912     71.4820192    -101.7624070  -1692000.0000000  -1108800.0000000  -1692000.0000000  -1108800.0000000  
212     1304    912     0       0       71.4503803    -101.6110572  0.000   0.454   52.769  0.659   3      0.000   0.000   1304    912     71.4503803    -101.6110572  -1692000.0000000  -1115200.0000000  -1692000.0000000  -1115200.0000000  
213     640     920     0       0       72.0928873    -104.8363781  0.000   0.451   49.901  0.766   3      0.000   0.000   640     920     72.0928873    -104.8363781  -1690400.0000000  -982400.0000000  -1690400.0000000  -982400.0000000  
214     944     920     0       0       71.8112681    -103.3199351  0.000   0.426   47.969  0.678   3      0.000   0.000   944     920     71.8112681    -103.3199351  -1690400.0000000  -1043200.0000000  -1690400.0000000  -1043200.0000000  
215     1112    920     0       0       71.6504828    -102.5024971  0.000   0.409   45.614  0.686   3      0.000   0.000   1112    920     71.6504828    -102.5024971  -1690400.0000000  -1076800.0000000  -1690400.0000000  -1076800.0000000  
216     1144    920     0       0       71.6194528    -102.3484512  0.000   0.435   50.752  0.743   3      0.000   0.000   1144    920     71.6194528    -102.3484512  -1690400.0000000  -1083200.0000000  -1690400.0000000  -1083200.0000000  
217     1344    920     0       0       71.4226525    -101.3976268  0.000   0.423   47.438  0.610   3      0.000   0.000   1344    920     71.4226525    -101.3976268  -1690400.0000000  -1123200.0000000  -1690400.0000000  -1123200.0000000  
218     1376    920     0       0       71.3907134    -101.2474030  0.000   0.463   53.175  0.699   3      0.000   0.000   1376    920     71.3907134    -101.2474030  -1690400.0000000  -1129600.0000000  -1690400.0000000  -1129600.0000000  
219     1440    920     0       0       71.3264682    -100.9485283  0.000   0.414   45.731  0.659   3      0.000   0.000   1440    920     71.3264682    -100.9485283  -1690400.0000000  -1142400.0000000  -1690400.0000000  -1142400.0000000  
220     1488    920     0       0       71.2779661    -100.7257458  0.000   0.434   48.341  0.681   3      0.000   0.000   1488    920     71.2779661    -100.7257458  -1690400.0000000  -1152000.0000000  -1690400.0000000  -1152000.0000000  
221     1624    920     0       0       71.1390835    -100.1008977  0.000   0.407   46.266  0.668   3      0.000   0.000   1624    920     71.1390835    -100.1008977  -1690400.0000000  -1179200.0000000  -1690400.0000000  -1179200.0000000  
222     1664    920     0       0       71.0978305    -99.9189040   0.000   0.485   55.461  0.733   3      0.000   0.000   1664    920     71.0978305    -99.9189040   -1690400.0000000  -1187200.0000000  -1690400.0000000  -1187200.0000000  
223     1696    920     0       0       71.0646971    -99.7738912   0.000   0.457   51.649  0.700   3      0.000   0.000   1696    920     71.0646971    -99.7738912   -1690400.0000000  -1193600.0000000  -1690400.0000000  -1193600.0000000  
224     1000    928     0       0       71.7703002    -103.0214612  0.000   0.462   52.519  0.693   3      0.000   0.000   1000    928     71.7703002    -103.0214612  -1688800.0000000  -1054400.0000000  -1688800.0000000  -1054400.0000000  
225     1176    928     0       0       71.6004029    -102.1702218  0.000   0.487   58.017  0.779   3      0.000   0.000   1176    928     71.6004029    -102.1702218  -1688800.0000000  -1089600.0000000  -1688800.0000000  -1089600.0000000  
226     1728    928     0       0       71.0431759    -99.6037803   0.000   0.493   57.668  0.753   3      0.000   0.000   1728    928     71.0431759    -99.6037803   -1688800.0000000  -1200000.0000000  -1688800.0000000  -1200000.0000000  
227     824     936     0       0       71.9485841    -103.8647594  0.000   0.419   47.406  0.716   3      0.000   0.000   824     936     71.9485841    -103.8647594  -1687200.0000000  -1019200.0000000  -1687200.0000000  -1019200.0000000  
228     864     936     0       0       71.9111973    -103.6661363  0.000   0.395   43.951  0.630   3      0.000   0.000   864     936     71.9111973    -103.6661363  -1687200.0000000  -1027200.0000000  -1687200.0000000  -1027200.0000000  
229     904     936     0       0       71.8736012    -103.4683480  0.000   0.460   52.765  0.718   3      0.000   0.000   904     936     71.8736012    -103.4683480  -1687200.0000000  -1035200.0000000  -1687200.0000000  -1035200.0000000  
230     1592    944     0       0       71.2074091    -100.1707307  0.000   0.449   51.736  0.694   3      0.000   0.000   1592    944     71.2074091    -100.1707307  -1685600.0000000  -1172800.0000000  -1685600.0000000  -1172800.0000000  
231     1048    952     0       0       71.7609201    -102.7141161  0.000   0.424   47.897  0.780   3      0.000   0.000   1048    952     71.7609201    -102.7141161  -1684000.0000000  -1064000.0000000  -1684000.0000000  -1064000.0000000  
232     1080    952     0       0       71.7300600    -102.5587585  0.000   0.421   48.249  0.746   3      0.000   0.000   1080    952     71.7300600    -102.5587585  -1684000.0000000  -1070400.0000000  -1684000.0000000  -1070400.0000000  
233     1120    952     0       0       71.6913033    -102.3653119  0.000   0.497   58.585  0.806   3      0.000   0.000   1120    952     71.6913033    -102.3653119  -1684000.0000000  -1078400.0000000  -1684000.0000000  -1078400.0000000  
234     1408    952     0       0       71.4064261    -100.9970149  0.000   0.430   47.791  0.709   3      0.000   0.000   1408    952     71.4064261    -100.9970149  -1684000.0000000  -1136000.0000000  -1684000.0000000  -1136000.0000000  
235     1624    952     0       0       71.1862619    -99.9988470   0.000   0.430   49.022  0.722   3      0.000   0.000   1624    952     71.1862619    -99.9988470   -1684000.0000000  -1179200.0000000  -1684000.0000000  -1179200.0000000  
236     1656    952     0       0       71.1531858    -99.8529986   0.000   0.382   42.623  0.634   3      0.000   0.000   1656    952     71.1531858    -99.8529986   -1684000.0000000  -1185600.0000000  -1684000.0000000  -1185600.0000000  
237     776     960     0       0       72.0302856    -104.0322371  0.000   0.467   54.346  0.783   3      0.000   0.000   776     960     72.0302856    -104.0322371  -1682400.0000000  -1009600.0000000  -1682400.0000000  -1009600.0000000  
238     1000    960     0       0       71.8191831    -102.9236517  0.000   0.418   45.633  0.702   3      0.000   0.000   1000    960     71.8191831    -102.9236517  -1682400.0000000  -1054400.0000000  -1682400.0000000  -1054400.0000000  
239     1152    960     0       0       71.6722659    -102.1863543  0.000   0.496   58.084  0.784   3      0.000   0.000   1152    960     71.6722659    -102.1863543  -1682400.0000000  -1084800.0000000  -1682400.0000000  -1084800.0000000  
240     1344    960     0       0       71.4825831    -101.2722255  0.000   0.519   61.550  0.719   3      0.000   0.000   1344    960     71.4825831    -101.2722255  -1682400.0000000  -1123200.0000000  -1682400.0000000  -1123200.0000000  
241     1376    960     0       0       71.4505338    -101.1217285  0.000   0.480   55.452  0.699   3      0.000   0.000   1376    960     71.4505338    -101.1217285  -1682400.0000000  -1129600.0000000  -1682400.0000000  -1129600.0000000  
242     1504    960     0       0       71.3211176    -100.5250225  0.000   0.467   53.048  0.694   3      0.000   0.000   1504    960     71.3211176    -100.5250225  -1682400.0000000  -1155200.0000000  -1682400.0000000  -1155200.0000000  
243     1728    960     0       0       71.0900537    -99.5009990   0.000   0.413   45.372  0.616   3      0.000   0.000   1728    960     71.0900537    -99.5009990   -1682400.0000000  -1200000.0000000  -1682400.0000000  -1200000.0000000  
244     624     968     0       0       72.1822223    -104.7757896  0.000   0.279   29.394  0.393   2      0.000   0.000   624     968     72.1822223    -104.7757896  -1680800.0000000  -979200.0000000  -1680800.0000000  -979200.0000000  
245     720     968     0       0       72.0944339    -104.2895673  0.000   0.404   44.222  0.662   3      0.000   0.000   720     968     72.0944339    -104.2895673  -1680800.0000000  -998400.0000000  -1680800.0000000  -998400.0000000  
246     808     968     0       0       72.0128750    -103.8481267  0.000   0.465   53.422  0.762   3      0.000   0.000   808     968     72.0128750    -103.8481267  -1680800.0000000  -1016000.0000000  -1680800.0000000  -1016000.0000000  
247     1240    968     0       0       71.5979371    -101.7400064  0.000   0.419   45.934  0.721   3      0.000   0.000   1240    968     71.5979371    -101.7400064  -1680800.0000000  -1102400.0000000  -1680800.0000000  -1102400.0000000  
248     1464    968     0       0       71.3736620    -100.6852077  0.000   0.387   42.319  0.637   3      0.000   0.000   1464    968     71.3736620    -100.6852077  -1680800.0000000  -1147200.0000000  -1680800.0000000  -1147200.0000000  
249     1544    968     0       0       71.2921184    -100.3147742  0.000   0.447   49.479  0.687   3      0.000   0.000   1544    968     71.2921184    -100.3147742  -1680800.0000000  -1163200.0000000  -1680800.0000000  -1163200.0000000  
250     1592    976     0       0       71.2546367    -100.0684803  0.000   0.425   47.022  0.669   3      0.000   0.000   1592    976     71.2546367    -100.0684803  -1679200.0000000  -1172800.0000000  -1679200.0000000  -1172800.0000000  
251     1072    984     0       0       71.7864379    -102.4987627  0.000   0.456   52.750  0.714   3      0.000   0.000   1072    984     71.7864379    -102.4987627  -1677600.0000000  -1068800.0000000  -1677600.0000000  -1068800.0000000  
252     752     992     0       0       72.1020275    -104.0563571  0.000   0.500   59.203  0.736   3      0.000   0.000   752     992     72.1020275    -104.0563571  -1676000.0000000  -1004800.0000000  -1676000.0000000  -1004800.0000000  
253     992     992     0       0       71.8756932    -102.8645109  0.000   0.433   48.713  0.652   3      0.000   0.000   992     992     71.8756932    -102.8645109  -1676000.0000000  -1052800.0000000  -1676000.0000000  -1052800.0000000  
254     1432    992     0       0       71.4417976    -100.7581241  0.000   0.426   48.001  0.664   3      0.000   0.000   1432    992     71.4417976    -100.7581241  -1676000.0000000  -1140800.0000000  -1676000.0000000  -1140800.0000000  
255     1632    992     0       0       71.2368749    -99.8339793   0.000   0.370   39.791  0.558   3      0.000   0.000   1632    992     71.2368749    -99.8339793   -1676000.0000000  -1180800.0000000  -1676000.0000000  -1180800.0000000  
256     592     1000    0       0       72.2611448    -104.8440876  0.000   0.237   25.983  0.316   2      0.000   0.000   592     1000    72.2611448    -104.8440876  -1674400.0000000  -972800.0000000  -1674400.0000000  -972800.0000000  
257     712     1000    0       0       72.1514098    -104.2339117  0.000   0.393   43.744  0.696   3      0.000   0.000   712     1000    72.1514098    -104.2339117  -1674400.0000000  -996800.0000000  -1674400.0000000  -996800.0000000  
258     952     1000    0       0       71.9261714    -103.0364673  0.000   0.387   41.210  0.649   3      0.000   0.000   952     1000    71.9261714    -103.0364673  -1674400.0000000  -1044800.0000000  -1674400.0000000  -1044800.0000000  
259     1024    1000    0       0       71.8571364    -102.6831764  0.000   0.415   46.590  0.621   3      0.000   0.000   1024    1000    71.8571364    -102.6831764  -1674400.0000000  -1059200.0000000  -1674400.0000000  -1059200.0000000  
260     1224    1000    0       0       71.6619320    -101.7161437  0.000   0.383   42.713  0.687   3      0.000   0.000   1224    1000    71.6619320    -101.7161437  -1674400.0000000  -1099200.0000000  -1674400.0000000  -1099200.0000000  
261     1256    1000    0       0       71.6302380    -101.5633679  0.000   0.450   52.643  0.783   3      0.000   0.000   1256    1000    71.6302380    -101.5633679  -1674400.0000000  -1105600.0000000  -1674400.0000000  -1105600.0000000  
262     1504    1000    0       0       71.3804160    -100.3974773  0.000   0.385   42.565  0.596   3      0.000   0.000   1504    1000    71.3804160    -100.3974773  -1674400.0000000  -1155200.0000000  -1674400.0000000  -1155200.0000000  
263     1544    1000    0       0       71.3394396    -100.2124225  0.000   0.386   41.983  0.642   3      0.000   0.000   1544    1000    71.3394396    -100.2124225  -1674400.0000000  -1163200.0000000  -1674400.0000000  -1163200.0000000  
264     1704    1000    0       0       71.1736888    -99.4804530   0.000   0.217   22.202  0.408   3      0.000   0.000   1704    1000    71.1736888    -99.4804530   -1674400.0000000  -1195200.0000000  -1674400.0000000  -1195200.0000000  
265     816     1008    0       0       72.0670643    -103.6869567  0.000   0.486   55.814  0.738   3      0.000   0.000   816     1008    72.0670643    -103.6869567  -1672800.0000000  -1017600.0000000  -1672800.0000000  -1017600.0000000  
266     1104    1008    0       0       71.7917838    -102.2689286  0.000   0.476   55.581  0.689   3      0.000   0.000   1104    1008    71.7917838    -102.2689286  -1672800.0000000  -1075200.0000000  -1672800.0000000  -1075200.0000000  
267     1184    1008    0       0       71.7134442    -101.8828075  0.000   0.575   72.040  0.798   3      0.000   0.000   1184    1008    71.7134442    -101.8828075  -1672800.0000000  -1091200.0000000  -1672800.0000000  -1091200.0000000  
268     1400    1008    0       0       71.4979972    -100.8570606  0.000   0.414   46.804  0.608   3      0.000   0.000   1400    1008    71.4979972    -100.8570606  -1672800.0000000  -1134400.0000000  -1672800.0000000  -1134400.0000000  
269     1472    1008    0       0       71.4249345    -100.5205600  0.000   0.380   41.147  0.569   3      0.000   0.000   1472    1008    71.4249345    -100.5205600  -1672800.0000000  -1148800.0000000  -1672800.0000000  -1148800.0000000  
270     1592    1008    0       0       71.3018114    -99.9657046   0.000   0.369   40.088  0.619   3      0.000   0.000   1592    1008    71.3018114    -99.9657046   -1672800.0000000  -1172800.0000000  -1672800.0000000  -1172800.0000000  
271     848     1016    0       0       72.0493096    -103.5028085  0.000   0.437   49.258  0.681   3      0.000   0.000   848     1016    72.0493096    -103.5028085  -1671200.0000000  -1024000.0000000  -1671200.0000000  -1024000.0000000  
272     1056    1016    0       0       71.8505596    -102.4773705  0.000   0.431   47.848  0.710   3      0.000   0.000   1056    1016    71.8505596    -102.4773705  -1671200.0000000  -1065600.0000000  -1671200.0000000  -1065600.0000000  
273     1304    1016    0       0       71.6064369    -101.2846224  0.000   0.385   42.645  0.670   3      0.000   0.000   1304    1016    71.6064369    -101.2846224  -1671200.0000000  -1115200.0000000  -1671200.0000000  -1115200.0000000  
274     1336    1016    0       0       71.5743866    -101.1330747  0.000   0.394   43.127  0.683   3      0.000   0.000   1336    1016    71.5743866    -101.1330747  -1671200.0000000  -1121600.0000000  -1671200.0000000  -1121600.0000000  
275     888     1024    0       0       72.0237942    -103.2792863  0.000   0.416   45.151  0.630   3      0.000   0.000   888     1024    72.0237942    -103.2792863  -1669600.0000000  -1032000.0000000  -1669600.0000000  -1032000.0000000  
276     1368    1024    0       0       71.5541509    -100.9566098  0.000   0.426   48.420  0.739   3      0.000   0.000   1368    1024    71.5541509    -100.9566098  -1669600.0000000  -1128000.0000000  -1669600.0000000  -1128000.0000000  
277     712     1032    0       0       72.2009794    -104.1373797  0.000   0.209   25.210  0.287   1      0.000   0.000   712     1032    72.2009794    -104.1373797  -1668000.0000000  -996800.0000000  -1668000.0000000  -996800.0000000  
278     744     1032    0       0       72.1713007    -103.9756643  0.000   0.356   41.990  0.489   3      0.000   0.000   744     1032    72.1713007    -103.9756643  -1668000.0000000  -1003200.0000000  -1668000.0000000  -1003200.0000000  
279     952     1032    0       0       71.9750824    -102.9378394  0.000   0.413   46.499  0.727   3      0.000   0.000   952     1032    71.9750824    -102.9378394  -1668000.0000000  -1044800.0000000  -1668000.0000000  -1044800.0000000  
280     984     1032    0       0       71.9443941    -102.7802207  0.000   0.393   42.510  0.580   3      0.000   0.000   984     1032    71.9443941    -102.7802207  -1668000.0000000  -1051200.0000000  -1668000.0000000  -1051200.0000000  
281     1016    1032    0       0       71.9135743    -102.6231466  0.000   0.415   45.652  0.724   3      0.000   0.000   1016    1032    71.9135743    -102.6231466  -1668000.0000000  -1057600.0000000  -1668000.0000000  -1057600.0000000  
282     1504    1032    0       0       71.4277959    -100.2948450  0.000   0.328   34.887  0.543   3      0.000   0.000   1504    1032    71.4277959    -100.2948450  -1668000.0000000  -1155200.0000000  -1668000.0000000  -1155200.0000000  
283     1632    1032    0       0       71.2956624    -99.7048012   0.000   0.244   24.457  0.393   2      0.000   0.000   1632    1032    71.2956624    -99.7048012   -1668000.0000000  -1180800.0000000  -1668000.0000000  -1180800.0000000  
284     1704    1032    0       0       71.2205114    -99.3766318   0.000   0.190   18.524  0.326   2      0.000   0.000   1704    1032    71.2205114    -99.3766318   -1668000.0000000  -1195200.0000000  -1668000.0000000  -1195200.0000000  
285     784     1040    0       0       72.1463460    -103.7499081  0.000   0.368   39.254  0.587   3      0.000   0.000   784     1040    72.1463460    -103.7499081  -1666400.0000000  -1011200.0000000  -1666400.0000000  -1011200.0000000  
286     1272    1048    0       0       71.6863633    -101.3353549  0.000   0.409   46.276  0.700   3      0.000   0.000   1272    1048    71.6863633    -101.3353549  -1664800.0000000  -1108800.0000000  -1664800.0000000  -1108800.0000000  
287     1304    1048    0       0       71.6543482    -101.1830458  0.000   0.454   50.534  0.703   3      0.000   0.000   1304    1048    71.6543482    -101.1830458  -1664800.0000000  -1115200.0000000  -1664800.0000000  -1115200.0000000  
288     1336    1048    0       0       71.6222088    -101.0312772  0.000   0.445   50.415  0.737   3      0.000   0.000   1336    1048    71.6222088    -101.0312772  -1664800.0000000  -1121600.0000000  -1664800.0000000  -1121600.0000000  
289     872     1056    0       0       72.0880418    -103.2604482  0.000   0.417   46.916  0.666   3      0.000   0.000   872     1056    72.0880418    -103.2604482  -1663200.0000000  -1028800.0000000  -1663200.0000000  -1028800.0000000  
290     1064    1056    0       0       71.9035197    -102.3135515  0.000   0.354   38.690  0.560   3      0.000   0.000   1064    1056    71.9035197    -102.3135515  -1663200.0000000  -1067200.0000000  -1663200.0000000  -1067200.0000000  
291     1104    1056    0       0       71.8644845    -102.1187603  0.000   0.386   42.142  0.597   3      0.000   0.000   1104    1056    71.8644845    -102.1187603  -1663200.0000000  -1075200.0000000  -1663200.0000000  -1075200.0000000  
292     1368    1056    0       0       71.6018710    -100.8544605  0.000   0.404   45.132  0.679   3      0.000   0.000   1368    1056    71.6018710    -100.8544605  -1663200.0000000  -1128000.0000000  -1663200.0000000  -1128000.0000000  
293     952     1064    0       0       72.0239470    -102.8386665  0.000   0.417   47.722  0.730   3      0.000   0.000   952     1064    72.0239470    -102.8386665  -1661600.0000000  -1044800.0000000  -1661600.0000000  -1044800.0000000  
294     1160    1064    0       0       71.8215647    -101.8222316  0.000   0.449   51.057  0.708   3      0.000   0.000   1160    1064    71.8215647    -101.8222316  -1661600.0000000  -1086400.0000000  -1661600.0000000  -1086400.0000000  
295     1232    1064    0       0       71.7502435    -101.4757664  0.000   0.439   49.759  0.709   3      0.000   0.000   1232    1064    71.7502435    -101.4757664  -1661600.0000000  -1100800.0000000  -1661600.0000000  -1100800.0000000  
296     1504    1064    0       0       71.4751232    -100.1916790  0.000   0.372   41.248  0.621   3      0.000   0.000   1504    1064    71.4751232    -100.1916790  -1661600.0000000  -1155200.0000000  -1661600.0000000  -1155200.0000000  
297     1544    1064    0       0       71.4339235    -100.0061284  0.000   0.368   39.445  0.659   3      0.000   0.000   1544    1064    71.4339235    -100.0061284  -1661600.0000000  -1163200.0000000  -1661600.0000000  -1163200.0000000  
298     1584    1064    0       0       71.3925379    -99.8214154   0.000   0.246   24.994  0.423   3      0.000   0.000   1584    1064    71.3925379    -99.8214154   -1661600.0000000  -1171200.0000000  -1661600.0000000  -1171200.0000000  
299     1680    1080    0       0       71.3158589    -99.3292039   0.000   0.238   25.104  0.372   2      0.000   0.000   1680    1080    71.3158589    -99.3292039   -1658400.0000000  -1190400.0000000  -1658400.0000000  -1190400.0000000  
300     920     1088    0       0       72.0912759    -102.9225560  0.000   0.248   26.311  0.360   2      0.000   0.000   920     1088    72.0912759    -102.9225560  -1656800.0000000  -1038400.0000000  -1656800.0000000  -1038400.0000000  
301     1272    1088    0       0       71.7462928    -101.2079034  0.000   0.382   41.617  0.599   3      0.000   0.000   1272    1088    71.7462928    -101.2079034  -1656800.0000000  -1108800.0000000  -1656800.0000000  -1108800.0000000  
302     1336    1088    0       0       71.6819145    -100.9032708  0.000   0.387   41.518  0.627   3      0.000   0.000   1336    1088    71.6819145    -100.9032708  -1656800.0000000  -1121600.0000000  -1656800.0000000  -1121600.0000000  
303     1416    1096    0       0       71.6126223    -100.4997048  0.000   0.334   36.055  0.615   3      0.000   0.000   1416    1096    71.6126223    -100.4997048  -1655200.0000000  -1137600.0000000  -1655200.0000000  -1137600.0000000  
304     1504    1096    0       0       71.5223972    -100.0879758  0.000   0.430   50.542  0.696   3      0.000   0.000   1504    1096    71.5223972    -100.0879758  -1655200.0000000  -1155200.0000000  -1655200.0000000  -1155200.0000000  
305     1640    1096    0       0       71.3811804    -99.4597027   0.000   0.234   24.215  0.330   2      0.000   0.000   1640    1096    71.3811804    -99.4597027   -1655200.0000000  -1182400.0000000  -1655200.0000000  -1182400.0000000  
306     1024    1104    0       0       72.0152780    -102.3587379  0.000   0.404   44.464  0.673   3      0.000   0.000   1024    1104    72.0152780    -102.3587379  -1653600.0000000  -1059200.0000000  -1653600.0000000  -1059200.0000000  
307     1232    1104    0       0       71.8102812    -101.3483302  0.000   0.489   56.239  0.717   3      0.000   0.000   1232    1104    71.8102812    -101.3483302  -1653600.0000000  -1100800.0000000  -1653600.0000000  -1100800.0000000  
308     1456    1112    0       0       71.5954086    -100.2601439  0.000   0.363   40.191  0.583   3      0.000   0.000   1456    1112    71.5954086    -100.2601439  -1652000.0000000  -1145600.0000000  -1652000.0000000  -1145600.0000000  
309     1600    1120    0       0       71.4581538    -99.5649131   0.000   0.363   39.647  0.430   3      0.000   0.000   1600    1120    71.4581538    -99.5649131   -1650400.0000000  -1174400.0000000  -1650400.0000000  -1174400.0000000  
310     1144    1128    0       0       71.9338417    -101.6965813  0.000   0.380   42.813  0.636   3      0.000   0.000   1144    1128    71.9338417    -101.6965813  -1648800.0000000  -1083200.0000000  -1648800.0000000  -1083200.0000000  
311     1224    1136    0       0       71.8662609    -101.2842537  0.000   0.440   50.985  0.704   3      0.000   0.000   1224    1136    71.8662609    -101.2842537  -1647200.0000000  -1099200.0000000  -1647200.0000000  -1099200.0000000  
312     1392    1136    0       0       71.6964812    -100.4832109  0.000   0.407   45.008  0.635   3      0.000   0.000   1392    1136    71.6964812    -100.4832109  -1647200.0000000  -1132800.0000000  -1647200.0000000  -1132800.0000000  
313     1424    1136    0       0       71.6637565    -100.3323487  0.000   0.383   41.483  0.600   3      0.000   0.000   1424    1136    71.6637565    -100.3323487  -1647200.0000000  -1139200.0000000  -1647200.0000000  -1139200.0000000  
314     1080    1144    0       0       72.0211137    -101.9575344  0.000   0.201   25.303  0.238   1      0.000   0.000   1080    1144    72.0211137    -101.9575344  -1645600.0000000  -1070400.0000000  -1645600.0000000  -1070400.0000000  
315     1360    1144    0       0       71.7409784    -100.6086728  0.000   0.401   45.193  0.652   3      0.000   0.000   1360    1144    71.7409784    -100.6086728  -1645600.0000000  -1126400.0000000  -1645600.0000000  -1126400.0000000  
316     1496    1144    0       0       71.6014810    -99.9687412   0.000   0.336   36.187  0.658   3      0.000   0.000   1496    1144    71.6014810    -99.9687412   -1645600.0000000  -1153600.0000000  -1645600.0000000  -1153600.0000000  
317     1176    1152    0       0       71.9381812    -101.4646288  0.000   0.392   43.245  0.642   3      0.000   0.000   1176    1152    71.9381812    -101.4646288  -1644000.0000000  -1089600.0000000  -1644000.0000000  -1089600.0000000  
318     1136    1160    0       0       71.9899605    -101.6331592  0.000   0.183   21.149  0.213   1      0.000   0.000   1136    1160    71.9899605    -101.6331592  -1642400.0000000  -1081600.0000000  -1642400.0000000  -1081600.0000000  
319     1312    1160    0       0       71.8135325    -100.7850612  0.000   0.393   42.970  0.674   3      0.000   0.000   1312    1160    71.8135325    -100.7850612  -1642400.0000000  -1116800.0000000  -1642400.0000000  -1116800.0000000  
320     1568    1160    0       0       71.5502335    -99.5812972   0.000   0.432   48.222  0.642   3      0.000   0.000   1568    1160    71.5502335    -99.5812972   -1642400.0000000  -1168000.0000000  -1642400.0000000  -1168000.0000000  
321     1224    1168    0       0       71.9142051    -101.1811926  0.000   0.425   48.368  0.601   3      0.000   0.000   1224    1168    71.9142051    -101.1811926  -1640800.0000000  -1099200.0000000  -1640800.0000000  -1099200.0000000  
322     1528    1168    0       0       71.6036491    -99.7407509   0.000   0.308   31.579  0.472   3      0.000   0.000   1528    1168    71.6036491    -99.7407509   -1640800.0000000  -1160000.0000000  -1640800.0000000  -1160000.0000000  
323     1280    1184    0       0       71.8817084    -100.8601599  0.000   0.400   43.824  0.571   3      0.000   0.000   1280    1184    71.8817084    -100.8601599  -1637600.0000000  -1110400.0000000  -1637600.0000000  -1110400.0000000  
324     1440    1184    0       0       71.7183285    -100.1001314  0.000   0.351   37.921  0.539   3      0.000   0.000   1440    1184    71.7183285    -100.1001314  -1637600.0000000  -1142400.0000000  -1637600.0000000  -1142400.0000000  
325     1312    1192    0       0       71.8611885    -100.6809686  0.000   0.422   47.858  0.664   3      0.000   0.000   1312    1192    71.8611885    -100.6809686  -1636000.0000000  -1116800.0000000  -1636000.0000000  -1116800.0000000  
326     1368    1200    0       0       71.8159655    -100.3880551  0.000   0.416   44.896  0.685   3      0.000   0.000   1368    1200    71.8159655    -100.3880551  -1634400.0000000  -1128000.0000000  -1634400.0000000  -1128000.0000000  
327     1400    1200    0       0       71.7831512    -100.2363614  0.000   0.420   46.457  0.641   3      0.000   0.000   1400    1200    71.7831512    -100.2363614  -1634400.0000000  -1134400.0000000  -1634400.0000000  -1134400.0000000  
328     1448    1216    0       0       71.7573084    -99.9570921   0.000   0.274   28.449  0.488   3      0.000   0.000   1448    1216    71.7573084    -99.9570921   -1631200.0000000  -1144000.0000000  -1631200.0000000  -1144000.0000000  
