CP      startX  startY  dispX   dispY   sLat          sLon          theta   pCorr   pkStr   cCorr   conf   velX    velY    endX    endY    eLat          eLon          nps_startX    nps_startY    nps_endX      nps_endY      
0       1208    384     0       0       70.7408198    -103.6292617  0.000   0.405   45.322  0.680   3      0.000   0.000   1208    384     70.7408198    -103.6292617  -1797600.0000000  -1096000.0000000  -1797600.0000000  -1096000.0000000  
1       1240    384     0       0       70.7108293    -103.4807874  0.000   0.463   53.823  0.806   3      0.000   0.000   1240    384     70.7108293    -103.4807874  -1797600.0000000  -1102400.0000000  -1797600.0000000  -1102400.0000000  
2       1272    400     0       0       70.7051708    -103.2871512  0.000   0.532   64.698  0.845   3      0.000   0.000   1272    400     70.7051708    -103.2871512  -1794400.0000000  -1108800.0000000  -1794400.0000000  -1108800.0000000  
3       1176    408     0       0       70.8075505    -103.7102557  0.000   0.309   32.543  0.557   3      0.000   0.000   1176    408     70.8075505    -103.7102557  -1792800.0000000  -1089600.0000000  -1792800.0000000  -1089600.0000000  
4       1392    424     0       0       70.6274238    -102.6665736  0.000   0.391   42.327  0.620   3      0.000   0.000   1392    424     70.6274238    -102.6665736  -1789600.0000000  -1132800.0000000  -1789600.0000000  -1132800.0000000  
5       1120    432     0       0       70.8965704    -103.9044773  0.000   0.386   42.421  0.688   3      0.000   0.000   1120    432     70.8965704    -103.9044773  -1788000.0000000  -1078400.0000000  -1788000.0000000  -1078400.0000000  
6       1264    432     0       0       70.7616233    -103.2325777  0.000   0.528   62.959  0.767   3      0.000   0.000   1264    432     70.7616233    -103.2325777  -1788000.0000000  -1107200.0000000  -1788000.0000000  -1107200.0000000  
7       1296    432     0       0       70.7312923    -103.0845739  0.000   0.482   55.900  0.722   3      0.000   0.000   1296    432     70.7312923    -103.0845739  -1788000.0000000  -1113600.0000000  -1788000.0000000  -1113600.0000000  
8       1352    432     0       0       70.6779171    -102.8267091  0.000   0.446   51.002  0.741   3      0.000   0.000   1352    432     70.6779171    -102.8267091  -1788000.0000000  -1124800.0000000  -1788000.0000000  -1124800.0000000  
9       1424    432     0       0       70.6087428    -102.4973019  0.000   0.386   42.342  0.565   3      0.000   0.000   1424    432     70.6087428    -102.4973019  -1788000.0000000  -1139200.0000000  -1788000.0000000  -1139200.0000000  
10      1216    440     0       0       70.8191371    -103.4325998  0.000   0.495   57.108  0.788   3      0.000   0.000   1216    440     70.8191371    -103.4325998  -1786400.0000000  -1097600.0000000  -1786400.0000000  -1097600.0000000  
11      1456    440     0       0       70.5898969    -102.3283636  0.000   0.358   38.390  0.538   3      0.000   0.000   1456    440     70.5898969    -102.3283636  -1786400.0000000  -1145600.0000000  -1786400.0000000  -1145600.0000000  
12      1488    448     0       0       70.5708867    -102.1597605  0.000   0.504   58.864  0.828   3      0.000   0.000   1488    448     70.5708867    -102.1597605  -1784800.0000000  -1152000.0000000  -1784800.0000000  -1152000.0000000  
13      1080    456     0       0       70.9706070    -104.0249045  0.000   0.373   41.717  0.706   3      0.000   0.000   1080    456     70.9706070    -104.0249045  -1783200.0000000  -1070400.0000000  -1783200.0000000  -1070400.0000000  
14      1032    464     0       0       71.0272353    -104.2295918  0.000   0.403   44.517  0.717   3      0.000   0.000   1032    464     71.0272353    -104.2295918  -1781600.0000000  -1060800.0000000  -1781600.0000000  -1060800.0000000  
15      1248    464     0       0       70.8256439    -103.2148414  0.000   0.572   71.444  0.816   3      0.000   0.000   1248    464     70.8256439    -103.2148414  -1781600.0000000  -1104000.0000000  -1781600.0000000  -1104000.0000000  
16      1296    472     0       0       70.7922575    -102.9691623  0.000   0.459   52.574  0.757   3      0.000   0.000   1296    472     70.7922575    -102.9691623  -1780000.0000000  -1113600.0000000  -1780000.0000000  -1113600.0000000  
17      1408    472     0       0       70.6847702    -102.4538895  0.000   0.424   48.118  0.667   3      0.000   0.000   1408    472     70.6847702    -102.4538895  -1780000.0000000  -1136000.0000000  -1780000.0000000  -1136000.0000000  
18      1584    472     0       0       70.5128757    -101.6559821  0.000   0.317   33.406  0.562   3      0.000   0.000   1584    472     70.5128757    -101.6559821  -1780000.0000000  -1171200.0000000  -1780000.0000000  -1171200.0000000  
19      1328    480     0       0       70.7738641    -102.7981141  0.000   0.482   55.595  0.729   3      0.000   0.000   1328    480     70.7738641    -102.7981141  -1778400.0000000  -1120000.0000000  -1778400.0000000  -1120000.0000000  
20      1520    480     0       0       70.5878390    -101.9209046  0.000   0.416   46.166  0.711   3      0.000   0.000   1520    480     70.5878390    -101.9209046  -1778400.0000000  -1158400.0000000  -1778400.0000000  -1158400.0000000  
21      976     488     0       0       71.1157256    -104.4285959  0.000   0.329   35.355  0.570   3      0.000   0.000   976     488     71.1157256    -104.4285959  -1776800.0000000  -1049600.0000000  -1776800.0000000  -1049600.0000000  
22      1632    488     0       0       70.4893030    -101.3933584  0.000   0.226   23.300  0.397   2      0.000   0.000   1632    488     70.4893030    -101.3933584  -1776800.0000000  -1180800.0000000  -1776800.0000000  -1180800.0000000  
23      1008    496     0       0       71.0987555    -104.2531710  0.000   0.464   52.616  0.767   3      0.000   0.000   1008    496     71.0987555    -104.2531710  -1775200.0000000  -1056000.0000000  -1775200.0000000  -1056000.0000000  
24      1240    496     0       0       70.8820928    -103.1597004  0.000   0.530   64.497  0.828   3      0.000   0.000   1240    496     70.8820928    -103.1597004  -1775200.0000000  -1102400.0000000  -1775200.0000000  -1102400.0000000  
25      1680    496     0       0       70.4534048    -101.1552884  0.000   0.402   44.575  0.568   3      0.000   0.000   1680    496     70.4534048    -101.1552884  -1775200.0000000  -1190400.0000000  -1775200.0000000  -1190400.0000000  
26      1128    504     0       0       70.9998073    -103.6614697  0.000   0.436   48.444  0.713   3      0.000   0.000   1128    504     70.9998073    -103.6614697  -1773600.0000000  -1080000.0000000  -1773600.0000000  -1080000.0000000  
27      1600    504     0       0       70.5450019    -101.4892240  0.000   0.349   36.923  0.555   3      0.000   0.000   1600    504     70.5450019    -101.4892240  -1773600.0000000  -1174400.0000000  -1773600.0000000  -1174400.0000000  
28      1712    504     0       0       70.4332592    -100.9890842  0.000   0.335   36.676  0.611   3      0.000   0.000   1712    504     70.4332592    -100.9890842  -1773600.0000000  -1196800.0000000  -1773600.0000000  -1196800.0000000  
29      1096    512     0       0       71.0419706    -103.7896239  0.000   0.449   50.570  0.752   3      0.000   0.000   1096    512     71.0419706    -103.7896239  -1772000.0000000  -1073600.0000000  -1772000.0000000  -1073600.0000000  
30      1336    512     0       0       70.8148098    -102.6679440  0.000   0.439   49.583  0.730   3      0.000   0.000   1336    512     70.8148098    -102.6679440  -1772000.0000000  -1121600.0000000  -1772000.0000000  -1121600.0000000  
31      1368    512     0       0       70.7839946    -102.5204397  0.000   0.409   45.332  0.725   3      0.000   0.000   1368    512     70.7839946    -102.5204397  -1772000.0000000  -1128000.0000000  -1772000.0000000  -1128000.0000000  
32      1400    512     0       0       70.7530574    -102.3734172  0.000   0.423   47.135  0.665   3      0.000   0.000   1400    512     70.7530574    -102.3734172  -1772000.0000000  -1134400.0000000  -1772000.0000000  -1134400.0000000  
33      968     520     0       0       71.1725920    -104.3763078  0.000   0.421   48.972  0.809   3      0.000   0.000   968     520     71.1725920    -104.3763078  -1770400.0000000  -1048000.0000000  -1770400.0000000  -1048000.0000000  
34      1768    520     0       0       70.4005849    -100.6930435  0.000   0.424   46.909  0.773   3      0.000   0.000   1768    520     70.4005849    -100.6930435  -1770400.0000000  -1208000.0000000  -1770400.0000000  -1208000.0000000  
35      1232    528     0       0       70.9385332    -103.1042268  0.000   0.451   51.276  0.706   3      0.000   0.000   1232    528     70.9385332    -103.1042268  -1768800.0000000  -1100800.0000000  -1768800.0000000  -1100800.0000000  
36      1272    528     0       0       70.9004437    -102.9178128  0.000   0.475   55.965  0.757   3      0.000   0.000   1272    528     70.9004437    -102.9178128  -1768800.0000000  -1108800.0000000  -1768800.0000000  -1108800.0000000  
37      1536    528     0       0       70.6442555    -101.7064367  0.000   0.377   40.669  0.671   3      0.000   0.000   1536    528     70.6442555    -101.7064367  -1768800.0000000  -1161600.0000000  -1768800.0000000  -1161600.0000000  
38      1800    528     0       0       70.3799945    -100.5277861  0.000   0.382   44.203  0.705   3      0.000   0.000   1800    528     70.3799945    -100.5277861  -1768800.0000000  -1214400.0000000  -1768800.0000000  -1214400.0000000  
39      1128    536     0       0       71.0489260    -103.5693852  0.000   0.302   33.609  0.548   3      0.000   0.000   1128    536     71.0489260    -103.5693852  -1767200.0000000  -1080000.0000000  -1767200.0000000  -1080000.0000000  
40      1440    536     0       0       70.7504399    -102.1194994  0.000   0.419   45.969  0.643   3      0.000   0.000   1440    536     70.7504399    -102.1194994  -1767200.0000000  -1142400.0000000  -1767200.0000000  -1142400.0000000  
41      1480    536     0       0       70.7113309    -101.9369474  0.000   0.325   34.695  0.589   3      0.000   0.000   1480    536     70.7113309    -101.9369474  -1767200.0000000  -1150400.0000000  -1767200.0000000  -1150400.0000000  
42      1176    544     0       0       71.0160172    -103.3201309  0.000   0.338   36.043  0.519   3      0.000   0.000   1176    544     71.0160172    -103.3201309  -1765600.0000000  -1089600.0000000  -1765600.0000000  -1089600.0000000  
43      1608    544     0       0       70.5968900    -101.3339031  0.000   0.269   27.814  0.422   3      0.000   0.000   1608    544     70.5968900    -101.3339031  -1765600.0000000  -1176000.0000000  -1765600.0000000  -1176000.0000000  
44      1656    544     0       0       70.5489730    -101.1186484  0.000   0.346   37.747  0.570   3      0.000   0.000   1656    544     70.5489730    -101.1186484  -1765600.0000000  -1185600.0000000  -1765600.0000000  -1185600.0000000  
45      1720    544     0       0       70.4846773    -100.8333227  0.000   0.363   40.225  0.640   3      0.000   0.000   1720    544     70.4846773    -100.8333227  -1765600.0000000  -1198400.0000000  -1765600.0000000  -1198400.0000000  
46      968     552     0       0       71.2221050    -104.2852707  0.000   0.349   38.775  0.658   3      0.000   0.000   968     552     71.2221050    -104.2852707  -1764000.0000000  -1048000.0000000  -1764000.0000000  -1048000.0000000  
47      1032    552     0       0       71.1630372    -103.9789592  0.000   0.394   42.424  0.707   3      0.000   0.000   1032    552     71.1630372    -103.9789592  -1764000.0000000  -1060800.0000000  -1764000.0000000  -1060800.0000000  
48      1568    552     0       0       70.6486017    -101.4902018  0.000   0.326   33.276  0.461   3      0.000   0.000   1568    552     70.6486017    -101.4902018  -1764000.0000000  -1168000.0000000  -1764000.0000000  -1168000.0000000  
49      1688    552     0       0       70.5287859    -100.9516519  0.000   0.308   31.886  0.546   3      0.000   0.000   1688    552     70.5287859    -100.9516519  -1764000.0000000  -1192000.0000000  -1764000.0000000  -1192000.0000000  
50      1752    552     0       0       70.4642173    -100.6671897  0.000   0.396   44.197  0.682   3      0.000   0.000   1752    552     70.4642173    -100.6671897  -1764000.0000000  -1204800.0000000  -1764000.0000000  -1204800.0000000  
51      1000    560     0       0       71.2049872    -104.1089684  0.000   0.426   47.579  0.715   3      0.000   0.000   1000    560     71.2049872    -104.1089684  -1762400.0000000  -1054400.0000000  -1762400.0000000  -1054400.0000000  
52      1256    560     0       0       70.9644564    -102.8988670  0.000   0.496   57.877  0.706   3      0.000   0.000   1256    560     70.9644564    -102.8988670  -1762400.0000000  -1105600.0000000  -1762400.0000000  -1105600.0000000  
53      1392    560     0       0       70.8334155    -102.2687174  0.000   0.457   52.257  0.677   3      0.000   0.000   1392    560     70.8334155    -102.2687174  -1762400.0000000  -1132800.0000000  -1762400.0000000  -1132800.0000000  
54      1808    560     0       0       70.4191652    -100.3955578  0.000   0.435   48.661  0.700   3      0.000   0.000   1808    560     70.4191652    -100.3955578  -1762400.0000000  -1216000.0000000  -1762400.0000000  -1216000.0000000  
55      272     568     0       0       71.8552854    -107.7004278  0.000   0.496   58.908  0.812   3      0.000   0.000   272     568     71.8552854    -107.7004278  -1760800.0000000  -908800.0000000  -1760800.0000000  -908800.0000000  
56      1296    568     0       0       70.9383013    -102.6891106  0.000   0.475   53.962  0.720   3      0.000   0.000   1296    568     70.9383013    -102.6891106  -1760800.0000000  -1113600.0000000  -1760800.0000000  -1113600.0000000  
57      1344    568     0       0       70.8920424    -102.4665279  0.000   0.523   63.329  0.819   3      0.000   0.000   1344    568     70.8920424    -102.4665279  -1760800.0000000  -1123200.0000000  -1760800.0000000  -1123200.0000000  
58      1456    568     0       0       70.7830366    -101.9514344  0.000   0.357   38.763  0.606   3      0.000   0.000   1456    568     70.7830366    -101.9514344  -1760800.0000000  -1145600.0000000  -1760800.0000000  -1145600.0000000  
59      1488    568     0       0       70.7516202    -101.8053597  0.000   0.376   39.799  0.585   3      0.000   0.000   1488    568     70.7516202    -101.8053597  -1760800.0000000  -1152000.0000000  -1760800.0000000  -1152000.0000000  
60      1536    576     0       0       70.7162660    -101.5632118  0.000   0.364   39.067  0.542   3      0.000   0.000   1536    576     70.7162660    -101.5632118  -1759200.0000000  -1161600.0000000  -1759200.0000000  -1161600.0000000  
61      1608    576     0       0       70.6446955    -101.2378397  0.000   0.342   35.815  0.450   3      0.000   0.000   1608    576     70.6446955    -101.2378397  -1759200.0000000  -1176000.0000000  -1759200.0000000  -1176000.0000000  
62      1648    576     0       0       70.6046772    -101.0581372  0.000   0.334   35.541  0.491   3      0.000   0.000   1648    576     70.6046772    -101.0581372  -1759200.0000000  -1184000.0000000  -1759200.0000000  -1184000.0000000  
63      240     584     0       0       71.9073201    -107.8227934  0.000   0.473   53.568  0.748   3      0.000   0.000   240     584     71.9073201    -107.8227934  -1757600.0000000  -902400.0000000  -1757600.0000000  -902400.0000000  
64      952     584     0       0       71.2863051    -104.2707616  0.000   0.355   38.557  0.709   3      0.000   0.000   952     584     71.2863051    -104.2707616  -1757600.0000000  -1044800.0000000  -1757600.0000000  -1044800.0000000  
65      1160    584     0       0       71.0923318    -103.2791416  0.000   0.333   35.301  0.577   3      0.000   0.000   1160    584     71.0923318    -103.2791416  -1757600.0000000  -1086400.0000000  -1757600.0000000  -1086400.0000000  
66      984     592     0       0       71.2691696    -104.0938580  0.000   0.405   44.708  0.667   3      0.000   0.000   984     592     71.2691696    -104.0938580  -1756000.0000000  -1051200.0000000  -1756000.0000000  -1051200.0000000  
67      1104    592     0       0       71.1573616    -103.5208359  0.000   0.396   43.808  0.590   3      0.000   0.000   1104    592     71.1573616    -103.5208359  -1756000.0000000  -1075200.0000000  -1756000.0000000  -1075200.0000000  
68      1200    592     0       0       71.0666215    -103.0674106  0.000   0.381   41.469  0.600   3      0.000   0.000   1200    592     71.0666215    -103.0674106  -1756000.0000000  -1094400.0000000  -1756000.0000000  -1094400.0000000  
69      1424    592     0       0       70.8505295    -102.0266238  0.000   0.470   53.384  0.655   3      0.000   0.000   1424    592     70.8505295    -102.0266238  -1756000.0000000  -1139200.0000000  -1756000.0000000  -1139200.0000000  
70      1680    592     0       0       70.5963211    -100.8664848  0.000   0.402   43.806  0.632   3      0.000   0.000   1680    592     70.5963211    -100.8664848  -1756000.0000000  -1190400.0000000  -1756000.0000000  -1190400.0000000  
71      272     600     0       0       71.9065144    -107.6153078  0.000   0.455   51.872  0.742   3      0.000   0.000   272     600     71.9065144    -107.6153078  -1754400.0000000  -908800.0000000  -1754400.0000000  -908800.0000000  
72      1032    600     0       0       71.2369816    -103.8406955  0.000   0.358   39.507  0.621   3      0.000   0.000   1032    600     71.2369816    -103.8406955  -1754400.0000000  -1060800.0000000  -1754400.0000000  -1060800.0000000  
73      1296    600     0       0       70.9868954    -102.5947874  0.000   0.413   45.732  0.695   3      0.000   0.000   1296    600     70.9868954    -102.5947874  -1754400.0000000  -1113600.0000000  -1754400.0000000  -1113600.0000000  
74      176     616     0       0       72.0111654    -108.0696801  0.000   0.511   60.655  0.838   3      0.000   0.000   176     616     72.0111654    -108.0696801  -1751200.0000000  -889600.0000000  -1751200.0000000  -889600.0000000  
75      240     616     0       0       71.9586128    -107.7377771  0.000   0.469   56.662  0.759   3      0.000   0.000   240     616     71.9586128    -107.7377771  -1751200.0000000  -902400.0000000  -1751200.0000000  -902400.0000000  
76      1336    616     0       0       70.9724880    -102.3614497  0.000   0.416   47.241  0.695   3      0.000   0.000   1336    616     70.9724880    -102.3614497  -1751200.0000000  -1121600.0000000  -1751200.0000000  -1121600.0000000  
77      1392    616     0       0       70.9180027    -102.1023547  0.000   0.424   46.914  0.726   3      0.000   0.000   1392    616     70.9180027    -102.1023547  -1751200.0000000  -1132800.0000000  -1751200.0000000  -1132800.0000000  
78      1648    616     0       0       70.6642350    -100.9370671  0.000   0.345   37.089  0.558   3      0.000   0.000   1648    616     70.6642350    -100.9370671  -1751200.0000000  -1184000.0000000  -1751200.0000000  -1184000.0000000  
79      144     624     0       0       72.0500986    -108.2153056  0.000   0.483   55.174  0.741   3      0.000   0.000   144     624     72.0500986    -108.2153056  -1749600.0000000  -883200.0000000  -1749600.0000000  -883200.0000000  
80      1096    624     0       0       71.2139590    -103.4656406  0.000   0.381   42.077  0.620   3      0.000   0.000   1096    624     71.2139590    -103.4656406  -1749600.0000000  -1073600.0000000  -1749600.0000000  -1073600.0000000  
81      1496    624     0       0       70.8278334    -101.6011102  0.000   0.438   48.734  0.673   3      0.000   0.000   1496    624     70.8278334    -101.6011102  -1749600.0000000  -1153600.0000000  -1749600.0000000  -1153600.0000000  
82      1584    624     0       0       70.7403338    -101.2012463  0.000   0.322   33.636  0.473   3      0.000   0.000   1584    624     70.7403338    -101.2012463  -1749600.0000000  -1171200.0000000  -1749600.0000000  -1171200.0000000  
83      960     632     0       0       71.3531103    -104.0941219  0.000   0.353   39.055  0.608   3      0.000   0.000   960     632     71.3531103    -104.0941219  -1748000.0000000  -1046400.0000000  -1748000.0000000  -1046400.0000000  
84      1544    632     0       0       70.7921863    -101.3583702  0.000   0.343   36.596  0.519   3      0.000   0.000   1544    632     70.7921863    -101.3583702  -1748000.0000000  -1163200.0000000  -1748000.0000000  -1163200.0000000  
85      208     640     0       0       72.0234708    -107.8396623  0.000   0.580   72.640  0.854   3      0.000   0.000   208     640     72.0234708    -107.8396623  -1746400.0000000  -896000.0000000  -1746400.0000000  -896000.0000000  
86      1008    640     0       0       71.3209144    -103.8398016  0.000   0.420   46.568  0.602   3      0.000   0.000   1008    640     71.3209144    -103.8398016  -1746400.0000000  -1056000.0000000  -1746400.0000000  -1056000.0000000  
87      1152    640     0       0       71.1855284    -103.1529573  0.000   0.413   45.400  0.616   3      0.000   0.000   1152    640     71.1855284    -103.1529573  -1746400.0000000  -1084800.0000000  -1746400.0000000  -1084800.0000000  
88      1208    640     0       0       71.1321818    -102.8885747  0.000   0.378   41.288  0.588   3      0.000   0.000   1208    640     71.1321818    -102.8885747  -1746400.0000000  -1096000.0000000  -1746400.0000000  -1096000.0000000  
89      1464    640     0       0       70.8834690    -101.6993212  0.000   0.487   59.147  0.785   3      0.000   0.000   1464    640     70.8834690    -101.6993212  -1746400.0000000  -1147200.0000000  -1746400.0000000  -1147200.0000000  
90      1376    648     0       0       70.9819237    -102.0805989  0.000   0.420   46.037  0.712   3      0.000   0.000   1376    648     70.9819237    -102.0805989  -1744800.0000000  -1129600.0000000  -1744800.0000000  -1129600.0000000  
91      128     656     0       0       72.1146121    -108.2145008  0.000   0.416   46.062  0.645   3      0.000   0.000   128     656     72.1146121    -108.2145008  -1743200.0000000  -880000.0000000  -1743200.0000000  -880000.0000000  
92      1048    656     0       0       71.3081485    -103.6012889  0.000   0.406   46.522  0.664   3      0.000   0.000   1048    656     71.3081485    -103.6012889  -1743200.0000000  -1064000.0000000  -1743200.0000000  -1064000.0000000  
93      1248    656     0       0       71.1181576    -102.6531821  0.000   0.389   42.560  0.562   3      0.000   0.000   1248    656     71.1181576    -102.6531821  -1743200.0000000  -1104000.0000000  -1743200.0000000  -1104000.0000000  
94      1496    656     0       0       70.8758186    -101.5045464  0.000   0.475   55.286  0.753   3      0.000   0.000   1496    656     70.8758186    -101.5045464  -1743200.0000000  -1153600.0000000  -1743200.0000000  -1153600.0000000  
95      928     664     0       0       71.4321003    -104.1563765  0.000   0.424   47.792  0.731   3      0.000   0.000   928     664     71.4321003    -104.1563765  -1741600.0000000  -1040000.0000000  -1741600.0000000  -1040000.0000000  
96      1112    664     0       0       71.2601357    -103.2722426  0.000   0.410   46.241  0.724   3      0.000   0.000   1112    664     71.2601357    -103.2722426  -1741600.0000000  -1076800.0000000  -1741600.0000000  -1076800.0000000  
97      1536    664     0       0       70.8480130    -101.2977871  0.000   0.370   39.275  0.677   3      0.000   0.000   1536    664     70.8480130    -101.2977871  -1741600.0000000  -1161600.0000000  -1741600.0000000  -1161600.0000000  
98      1568    664     0       0       70.8160437    -101.1523104  0.000   0.304   32.478  0.514   3      0.000   0.000   1568    664     70.8160437    -101.1523104  -1741600.0000000  -1168000.0000000  -1741600.0000000  -1168000.0000000  
99      1632    664     0       0       70.7517513    -100.8628375  0.000   0.406   46.868  0.698   3      0.000   0.000   1632    664     70.7517513    -100.8628375  -1741600.0000000  -1180800.0000000  -1741600.0000000  -1180800.0000000  
100     184     672     0       0       72.0945579    -107.8792056  0.000   0.519   61.807  0.821   3      0.000   0.000   184     672     72.0945579    -107.8792056  -1740000.0000000  -891200.0000000  -1740000.0000000  -891200.0000000  
101     960     672     0       0       71.4148438    -103.9781695  0.000   0.416   45.499  0.592   3      0.000   0.000   960     672     71.4148438    -103.9781695  -1740000.0000000  -1046400.0000000  -1740000.0000000  -1046400.0000000  
102     1080    672     0       0       71.3026118    -103.4013172  0.000   0.458   51.686  0.678   3      0.000   0.000   1080    672     71.3026118    -103.4013172  -1740000.0000000  -1070400.0000000  -1740000.0000000  -1070400.0000000  
103     1016    680     0       0       71.3749978    -103.6846926  0.000   0.392   43.869  0.593   3      0.000   0.000   1016    680     71.3749978    -103.6846926  -1738400.0000000  -1057600.0000000  -1738400.0000000  -1057600.0000000  
104     104     688     0       0       72.1856349    -108.2557683  0.000   0.403   44.891  0.725   3      0.000   0.000   104     688     72.1856349    -108.2557683  -1736800.0000000  -875200.0000000  -1736800.0000000  -875200.0000000  
105     136     688     0       0       72.1595862    -108.0876421  0.000   0.363   40.245  0.569   3      0.000   0.000   136     688     72.1595862    -108.0876421  -1736800.0000000  -881600.0000000  -1736800.0000000  -881600.0000000  
106     1048    688     0       0       71.3572775    -103.5074931  0.000   0.368   39.331  0.581   3      0.000   0.000   1048    688     71.3572775    -103.5074931  -1736800.0000000  -1064000.0000000  -1736800.0000000  -1064000.0000000  
107     1160    688     0       0       71.2511964    -102.9732714  0.000   0.389   42.994  0.717   3      0.000   0.000   1160    688     71.2511964    -102.9732714  -1736800.0000000  -1086400.0000000  -1736800.0000000  -1086400.0000000  
108     1200    688     0       0       71.2129327    -102.7839715  0.000   0.412   45.123  0.607   3      0.000   0.000   1200    688     71.2129327    -102.7839715  -1736800.0000000  -1094400.0000000  -1736800.0000000  -1094400.0000000  
109     1248    688     0       0       71.1667567    -102.5578476  0.000   0.448   50.609  0.693   3      0.000   0.000   1248    688     71.1667567    -102.5578476  -1736800.0000000  -1104000.0000000  -1736800.0000000  -1104000.0000000  
110     1288    688     0       0       71.1280621    -102.3702735  0.000   0.419   46.079  0.673   3      0.000   0.000   1288    688     71.1280621    -102.3702735  -1736800.0000000  -1112000.0000000  -1736800.0000000  -1112000.0000000  
111     1328    688     0       0       71.0891737    -102.1834824  0.000   0.366   39.691  0.558   3      0.000   0.000   1328    688     71.0891737    -102.1834824  -1736800.0000000  -1120000.0000000  -1736800.0000000  -1120000.0000000  
112     1416    688     0       0       71.0029439    -101.7752935  0.000   0.459   53.408  0.758   3      0.000   0.000   1416    688     71.0029439    -101.7752935  -1736800.0000000  -1137600.0000000  -1736800.0000000  -1137600.0000000  
113     1776    688     0       0       70.6407793    -100.1445924  0.000   0.491   56.645  0.720   3      0.000   0.000   1776    688     70.6407793    -100.1445924  -1736800.0000000  -1209600.0000000  -1736800.0000000  -1209600.0000000  
114     896     696     0       0       71.5110857    -104.2191721  0.000   0.401   45.497  0.759   3      0.000   0.000   896     696     71.5110857    -104.2191721  -1735200.0000000  -1033600.0000000  -1735200.0000000  -1033600.0000000  
115     1128    696     0       0       71.2938875    -103.1015916  0.000   0.357   40.164  0.603   3      0.000   0.000   1128    696     71.2938875    -103.1015916  -1735200.0000000  -1080000.0000000  -1735200.0000000  -1080000.0000000  
116     1536    696     0       0       70.8958322    -101.2003455  0.000   0.393   43.055  0.623   3      0.000   0.000   1536    696     70.8958322    -101.2003455  -1735200.0000000  -1161600.0000000  -1735200.0000000  -1161600.0000000  
117     1616    696     0       0       70.8154734    -100.8370757  0.000   0.448   49.996  0.673   3      0.000   0.000   1616    696     70.8154734    -100.8370757  -1735200.0000000  -1177600.0000000  -1735200.0000000  -1177600.0000000  
118     1656    696     0       0       70.7750186    -100.6566038  0.000   0.466   54.961  0.775   3      0.000   0.000   1656    696     70.7750186    -100.6566038  -1735200.0000000  -1185600.0000000  -1735200.0000000  -1185600.0000000  
119     1728    704     0       0       70.7135611    -100.3089713  0.000   0.568   70.993  0.840   3      0.000   0.000   1728    704     70.7135611    -100.3089713  -1733600.0000000  -1200000.0000000  -1733600.0000000  -1200000.0000000  
120     1568    712     0       0       70.8876258    -101.0056561  0.000   0.386   42.600  0.681   3      0.000   0.000   1568    712     70.8876258    -101.0056561  -1732000.0000000  -1168000.0000000  -1732000.0000000  -1168000.0000000  
121     1008    720     0       0       71.4439741    -103.6058061  0.000   0.440   48.476  0.648   3      0.000   0.000   1008    720     71.4439741    -103.6058061  -1730400.0000000  -1056000.0000000  -1730400.0000000  -1056000.0000000  
122     1040    720     0       0       71.4139020    -103.4516524  0.000   0.390   42.050  0.562   3      0.000   0.000   1040    720     71.4139020    -103.4516524  -1730400.0000000  -1062400.0000000  -1730400.0000000  -1062400.0000000  
123     1080    720     0       0       71.3761300    -103.2596741  0.000   0.328   34.770  0.598   3      0.000   0.000   1080    720     71.3761300    -103.2596741  -1730400.0000000  -1070400.0000000  -1730400.0000000  -1070400.0000000  
124     1176    720     0       0       71.2846606    -102.8021584  0.000   0.369   41.347  0.590   3      0.000   0.000   1176    720     71.2846606    -102.8021584  -1730400.0000000  -1089600.0000000  -1730400.0000000  -1089600.0000000  
125     1344    720     0       0       71.1218621    -102.0124593  0.000   0.479   54.231  0.710   3      0.000   0.000   1344    720     71.1218621    -102.0124593  -1730400.0000000  -1123200.0000000  -1730400.0000000  -1123200.0000000  
126     1448    720     0       0       71.0193785    -101.5305591  0.000   0.451   52.335  0.733   3      0.000   0.000   1448    720     71.0193785    -101.5305591  -1730400.0000000  -1144000.0000000  -1730400.0000000  -1144000.0000000  
127     1696    720     0       0       70.7698923    -100.4027596  0.000   0.535   64.739  0.774   3      0.000   0.000   1696    720     70.7698923    -100.4027596  -1730400.0000000  -1193600.0000000  -1730400.0000000  -1193600.0000000  
128     128     728     0       0       72.2304429    -108.0228321  0.000   0.409   46.035  0.675   3      0.000   0.000   128     728     72.2304429    -108.0228321  -1728800.0000000  -880000.0000000  -1728800.0000000  -880000.0000000  
129     896     728     0       0       71.5605636    -104.1260059  0.000   0.451   50.514  0.753   3      0.000   0.000   896     728     71.5605636    -104.1260059  -1728800.0000000  -1033600.0000000  -1728800.0000000  -1033600.0000000  
130     1136    728     0       0       71.3351185    -102.9684086  0.000   0.415   46.194  0.698   3      0.000   0.000   1136    728     71.3351185    -102.9684086  -1728800.0000000  -1081600.0000000  -1728800.0000000  -1081600.0000000  
131     1616    728     0       0       70.8630293    -100.7386346  0.000   0.460   53.428  0.778   3      0.000   0.000   1616    728     70.8630293    -100.7386346  -1728800.0000000  -1177600.0000000  -1728800.0000000  -1177600.0000000  
132     1648    728     0       0       70.8305941    -100.5940000  0.000   0.495   57.693  0.770   3      0.000   0.000   1648    728     70.8305941    -100.5940000  -1728800.0000000  -1184000.0000000  -1728800.0000000  -1184000.0000000  
133     1776    728     0       0       70.6996939    -100.0204377  0.000   0.437   50.020  0.740   3      0.000   0.000   1776    728     70.6996939    -100.0204377  -1728800.0000000  -1209600.0000000  -1728800.0000000  -1209600.0000000  
134     1488    736     0       0       71.0035591    -101.2976859  0.000   0.412   45.193  0.636   3      0.000   0.000   1488    736     71.0035591    -101.2976859  -1727200.0000000  -1152000.0000000  -1727200.0000000  -1152000.0000000  
135     960     744     0       0       71.5258000    -103.7674706  0.000   0.368   40.340  0.640   3      0.000   0.000   960     744     71.5258000    -103.7674706  -1725600.0000000  -1046400.0000000  -1725600.0000000  -1046400.0000000  
136     1224    744     0       0       71.2749321    -102.5030336  0.000   0.397   44.313  0.638   3      0.000   0.000   1224    744     71.2749321    -102.5030336  -1725600.0000000  -1099200.0000000  -1725600.0000000  -1099200.0000000  
137     1520    744     0       0       70.9835181    -101.1264300  0.000   0.364   39.073  0.651   3      0.000   0.000   1520    744     70.9835181    -101.1264300  -1725600.0000000  -1158400.0000000  -1725600.0000000  -1158400.0000000  
138     1728    744     0       0       70.7726057    -100.1848512  0.000   0.463   53.082  0.713   3      0.000   0.000   1728    744     70.7726057    -100.1848512  -1725600.0000000  -1200000.0000000  -1725600.0000000  -1200000.0000000  
139     864     752     0       0       71.6272108    -104.2125135  0.000   0.440   48.682  0.728   3      0.000   0.000   864     752     71.6272108    -104.2125135  -1724000.0000000  -1027200.0000000  -1724000.0000000  -1027200.0000000  
140     1032    752     0       0       71.4705178    -103.3954647  0.000   0.395   45.150  0.698   3      0.000   0.000   1032    752     71.4705178    -103.3954647  -1724000.0000000  -1060800.0000000  -1724000.0000000  -1060800.0000000  
141     1184    752     0       0       71.3256666    -102.6683725  0.000   0.435   48.657  0.653   3      0.000   0.000   1184    752     71.3256666    -102.6683725  -1724000.0000000  -1091200.0000000  -1724000.0000000  -1091200.0000000  
142     1264    752     0       0       71.2482795    -102.2903126  0.000   0.460   52.878  0.685   3      0.000   0.000   1264    752     71.2482795    -102.2903126  -1724000.0000000  -1107200.0000000  -1724000.0000000  -1107200.0000000  
143     1384    752     0       0       71.1307414    -101.7291774  0.000   0.444   49.366  0.697   3      0.000   0.000   1384    752     71.1307414    -101.7291774  -1724000.0000000  -1131200.0000000  -1724000.0000000  -1131200.0000000  
144     1552    752     0       0       70.9633116    -100.9555427  0.000   0.427   46.345  0.655   3      0.000   0.000   1552    752     70.9633116    -100.9555427  -1724000.0000000  -1164800.0000000  -1724000.0000000  -1164800.0000000  
145     928     760     0       0       71.5802798    -103.8760579  0.000   0.315   33.625  0.582   3      0.000   0.000   928     760     71.5802798    -103.8760579  -1722400.0000000  -1040000.0000000  -1722400.0000000  -1040000.0000000  
146     1304    760     0       0       71.2213755    -102.0782088  0.000   0.398   45.848  0.694   3      0.000   0.000   1304    760     71.2213755    -102.0782088  -1722400.0000000  -1115200.0000000  -1722400.0000000  -1115200.0000000  
147     1584    760     0       0       70.9429404    -100.7850258  0.000   0.427   46.844  0.751   3      0.000   0.000   1584    760     70.9429404    -100.7850258  -1722400.0000000  -1171200.0000000  -1722400.0000000  -1171200.0000000  
148     1616    760     0       0       70.9105360    -100.6396944  0.000   0.436   51.110  0.716   3      0.000   0.000   1616    760     70.9105360    -100.6396944  -1722400.0000000  -1177600.0000000  -1722400.0000000  -1177600.0000000  
149     48      768     0       0       72.3599716    -108.3391366  0.000   0.409   44.708  0.647   3      0.000   0.000   48      768     72.3599716    -108.3391366  -1720800.0000000  -864000.0000000  -1720800.0000000  -864000.0000000  
150     1352    768     0       0       71.1863515    -101.8293835  0.000   0.418   47.582  0.693   3      0.000   0.000   1352    768     71.1863515    -101.8293835  -1720800.0000000  -1124800.0000000  -1720800.0000000  -1124800.0000000  
151     1656    768     0       0       70.8817074    -100.4338627  0.000   0.475   54.566  0.734   3      0.000   0.000   1656    768     70.8817074    -100.4338627  -1720800.0000000  -1185600.0000000  -1720800.0000000  -1185600.0000000  
152     1760    768     0       0       70.7750460    -99.9668832   0.000   0.444   50.916  0.664   3      0.000   0.000   1760    768     70.7750460    -99.9668832   -1720800.0000000  -1206400.0000000  -1720800.0000000  -1206400.0000000  
153     80      776     0       0       72.3468655    -108.1477277  0.000   0.446   50.005  0.669   3      0.000   0.000   80      776     72.3468655    -108.1477277  -1719200.0000000  -870400.0000000  -1719200.0000000  -870400.0000000  
154     832     776     0       0       71.6938287    -104.2996614  0.000   0.437   50.389  0.818   3      0.000   0.000   832     776     71.6938287    -104.2996614  -1719200.0000000  -1020800.0000000  -1719200.0000000  -1020800.0000000  
155     1416    776     0       0       71.1351186    -101.5072694  0.000   0.371   39.621  0.576   3      0.000   0.000   1416    776     71.1351186    -101.5072694  -1719200.0000000  -1137600.0000000  -1719200.0000000  -1137600.0000000  
156     1144    784     0       0       71.4128071    -102.7625254  0.000   0.378   41.236  0.671   3      0.000   0.000   1144    784     71.4128071    -102.7625254  -1717600.0000000  -1083200.0000000  -1717600.0000000  -1083200.0000000  
157     968     792     0       0       71.5921468    -103.5866441  0.000   0.390   43.701  0.682   3      0.000   0.000   968     792     71.5921468    -103.5866441  -1716000.0000000  -1048000.0000000  -1716000.0000000  -1048000.0000000  
158     1024    792     0       0       71.5393839    -103.3150650  0.000   0.382   42.176  0.688   3      0.000   0.000   1024    792     71.5393839    -103.3150650  -1716000.0000000  -1059200.0000000  -1716000.0000000  -1059200.0000000  
159     1272    792     0       0       71.3009884    -102.1313211  0.000   0.371   41.149  0.651   3      0.000   0.000   1272    792     71.3009884    -102.1313211  -1716000.0000000  -1108800.0000000  -1716000.0000000  -1108800.0000000  
160     1304    792     0       0       71.2696760    -101.9808271  0.000   0.355   38.275  0.633   3      0.000   0.000   1304    792     71.2696760    -101.9808271  -1716000.0000000  -1115200.0000000  -1716000.0000000  -1115200.0000000  
161     1720    792     0       0       70.8515901    -100.0707726  0.000   0.430   47.485  0.734   3      0.000   0.000   1720    792     70.8515901    -100.0707726  -1716000.0000000  -1198400.0000000  -1716000.0000000  -1198400.0000000  
162     800     800     0       0       71.7604165    -104.3874564  0.000   0.420   46.273  0.765   3      0.000   0.000   800     800     71.7604165    -104.3874564  -1714400.0000000  -1014400.0000000  -1714400.0000000  -1014400.0000000  
163     888     800     0       0       71.6791720    -103.9537470  0.000   0.459   53.267  0.770   3      0.000   0.000   888     800     71.6791720    -103.9537470  -1714400.0000000  -1032000.0000000  -1714400.0000000  -1032000.0000000  
164     1336    800     0       0       71.2502859    -101.8063635  0.000   0.386   42.031  0.641   3      0.000   0.000   1336    800     71.2502859    -101.8063635  -1714400.0000000  -1121600.0000000  -1714400.0000000  -1121600.0000000  
165     1464    800     0       0       71.1232291    -101.2113274  0.000   0.370   40.983  0.575   3      0.000   0.000   1464    800     71.1232291    -101.2113274  -1714400.0000000  -1147200.0000000  -1714400.0000000  -1147200.0000000  
166     1640    800     0       0       70.9453875    -100.4064618  0.000   0.441   50.684  0.671   3      0.000   0.000   1640    800     70.9453875    -100.4064618  -1714400.0000000  -1182400.0000000  -1714400.0000000  -1182400.0000000  
167     1672    800     0       0       70.9126698    -100.2617701  0.000   0.474   54.351  0.734   3      0.000   0.000   1672    800     70.9126698    -100.2617701  -1714400.0000000  -1188800.0000000  -1714400.0000000  -1188800.0000000  
168     24      808     0       0       72.4439197    -108.3600664  0.000   0.395   39.691  0.583   3      0.000   0.000   24      808     72.4439197    -108.3600664  -1712800.0000000  -859200.0000000  -1712800.0000000  -859200.0000000  
169     56      808     0       0       72.4179461    -108.1892749  0.000   0.406   43.680  0.673   3      0.000   0.000   56      808     72.4179461    -108.1892749  -1712800.0000000  -865600.0000000  -1712800.0000000  -865600.0000000  
170     1176    808     0       0       71.4184810    -102.5374666  0.000   0.346   37.867  0.620   3      0.000   0.000   1176    808     71.4184810    -102.5374666  -1712800.0000000  -1089600.0000000  -1712800.0000000  -1089600.0000000  
171     1208    808     0       0       71.3875012    -102.3853136  0.000   0.338   36.867  0.615   3      0.000   0.000   1208    808     71.3875012    -102.3853136  -1712800.0000000  -1096000.0000000  -1712800.0000000  -1096000.0000000  
172     1432    808     0       0       71.1671539    -101.3346422  0.000   0.381   42.644  0.712   3      0.000   0.000   1432    808     71.1671539    -101.3346422  -1712800.0000000  -1140800.0000000  -1712800.0000000  -1140800.0000000  
173     848     816     0       0       71.7409669    -104.1032560  0.000   0.432   48.743  0.684   3      0.000   0.000   848     816     71.7409669    -104.1032560  -1711200.0000000  -1024000.0000000  -1711200.0000000  -1024000.0000000  
174     936     816     0       0       71.6590546    -103.6713071  0.000   0.433   47.481  0.721   3      0.000   0.000   936     816     71.6590546    -103.6713071  -1711200.0000000  -1041600.0000000  -1711200.0000000  -1041600.0000000  
175     1400    816     0       0       71.2109978    -101.4585433  0.000   0.440   49.425  0.711   3      0.000   0.000   1400    816     71.2109978    -101.4585433  -1711200.0000000  -1134400.0000000  -1711200.0000000  -1134400.0000000  
176     1496    816     0       0       71.1150284    -101.0142467  0.000   0.413   47.627  0.721   3      0.000   0.000   1496    816     71.1150284    -101.0142467  -1711200.0000000  -1153600.0000000  -1711200.0000000  -1153600.0000000  
177     1568    816     0       0       71.0423427    -100.6840422  0.000   0.512   60.795  0.757   3      0.000   0.000   1568    816     71.0423427    -100.6840422  -1711200.0000000  -1168000.0000000  -1711200.0000000  -1168000.0000000  
178     768     824     0       0       71.8269739    -104.4759052  0.000   0.404   44.214  0.690   3      0.000   0.000   768     824     71.8269739    -104.4759052  -1709600.0000000  -1008000.0000000  -1709600.0000000  -1008000.0000000  
179     1024    824     0       0       71.5883927    -103.2192955  0.000   0.354   38.017  0.606   3      0.000   0.000   1024    824     71.5883927    -103.2192955  -1709600.0000000  -1059200.0000000  -1709600.0000000  -1059200.0000000  
180     1136    824     0       0       71.4813757    -102.6799927  0.000   0.465   54.018  0.692   3      0.000   0.000   1136    824     71.4813757    -102.6799927  -1709600.0000000  -1081600.0000000  -1709600.0000000  -1081600.0000000  
181     1536    824     0       0       71.0866232    -100.8055704  0.000   0.459   52.535  0.703   3      0.000   0.000   1536    824     71.0866232    -100.8055704  -1709600.0000000  -1161600.0000000  -1709600.0000000  -1161600.0000000  
182     1608    824     0       0       71.0135548    -100.4766872  0.000   0.440   49.828  0.696   3      0.000   0.000   1608    824     71.0135548    -100.4766872  -1709600.0000000  -1176000.0000000  -1709600.0000000  -1176000.0000000  
183     1744    824     0       0       70.8739202    -99.8624864   0.000   0.501   58.627  0.801   3      0.000   0.000   1744    824     70.8739202    -99.8624864   -1709600.0000000  -1203200.0000000  -1709600.0000000  -1203200.0000000  
184     1272    832     0       0       71.3614061    -102.0091598  0.000   0.424   48.122  0.700   3      0.000   0.000   1272    832     71.3614061    -102.0091598  -1708000.0000000  -1108800.0000000  -1708000.0000000  -1108800.0000000  
185     1336    832     0       0       71.2984407    -101.7081159  0.000   0.435   49.026  0.668   3      0.000   0.000   1336    832     71.2984407    -101.7081159  -1708000.0000000  -1121600.0000000  -1708000.0000000  -1121600.0000000  
186     1672    832     0       0       70.9599111    -100.1613600  0.000   0.476   56.446  0.714   3      0.000   0.000   1672    832     70.9599111    -100.1613600  -1708000.0000000  -1188800.0000000  -1708000.0000000  -1188800.0000000  
187     728     840     0       0       71.8883614    -104.6284576  0.000   0.416   47.836  0.668   3      0.000   0.000   728     840     71.8883614    -104.6284576  -1706400.0000000  -1000000.0000000  -1706400.0000000  -1000000.0000000  
188     992     848     0       0       71.6554700    -103.3025774  0.000   0.433   48.753  0.648   3      0.000   0.000   992     848     71.6554700    -103.3025774  -1704800.0000000  -1052800.0000000  -1704800.0000000  -1052800.0000000  
189     1416    848     0       0       71.2429920    -101.2851211  0.000   0.445   50.901  0.727   3      0.000   0.000   1416    848     71.2429920    -101.2851211  -1704800.0000000  -1137600.0000000  -1704800.0000000  -1137600.0000000  
190     1080    856     0       0       71.5838946    -102.8521143  0.000   0.393   43.212  0.677   3      0.000   0.000   1080    856     71.5838946    -102.8521143  -1703200.0000000  -1070400.0000000  -1703200.0000000  -1070400.0000000  
191     1368    856     0       0       71.3027922    -101.4841778  0.000   0.441   51.028  0.731   3      0.000   0.000   1368    856     71.3027922    -101.4841778  -1703200.0000000  -1128000.0000000  -1703200.0000000  -1128000.0000000  
192     1584    856     0       0       71.0854205    -100.4857666  0.000   0.508   59.361  0.737   3      0.000   0.000   1584    856     71.0854205    -100.4857666  -1703200.0000000  -1171200.0000000  -1703200.0000000  -1171200.0000000  
193     1632    856     0       0       71.0363782    -100.2670792  0.000   0.505   60.365  0.786   3      0.000   0.000   1632    856     71.0363782    -100.2670792  -1703200.0000000  -1180800.0000000  -1703200.0000000  -1180800.0000000  
194     832     864     0       0       71.8299726    -104.0402050  0.000   0.481   55.487  0.722   3      0.000   0.000   832     864     71.8299726    -104.0402050  -1701600.0000000  -1020800.0000000  -1701600.0000000  -1020800.0000000  
195     896     864     0       0       71.7703755    -103.7243200  0.000   0.460   51.951  0.704   3      0.000   0.000   896     864     71.7703755    -103.7243200  -1701600.0000000  -1033600.0000000  -1701600.0000000  -1033600.0000000  
196     936     864     0       0       71.7328568    -103.5279592  0.000   0.405   44.785  0.625   3      0.000   0.000   936     864     71.7328568    -103.5279592  -1701600.0000000  -1041600.0000000  -1701600.0000000  -1041600.0000000  
197     1216    864     0       0       71.4645253    -102.1763670  0.000   0.445   50.438  0.695   3      0.000   0.000   1216    864     71.4645253    -102.1763670  -1701600.0000000  -1097600.0000000  -1701600.0000000  -1097600.0000000  
198     1288    864     0       0       71.3939489    -101.8352802  0.000   0.453   52.419  0.718   3      0.000   0.000   1288    864     71.3939489    -101.8352802  -1701600.0000000  -1112000.0000000  -1701600.0000000  -1112000.0000000  
199     1720    864     0       0       70.9575450    -99.8437935   0.000   0.450   52.749  0.722   3      0.000   0.000   1720    864     70.9575450    -99.8437935   -1701600.0000000  -1198400.0000000  -1701600.0000000  -1198400.0000000  
200     1752    864     0       0       70.9243635    -99.6999990   0.000   0.430   47.739  0.653   3      0.000   0.000   1752    864     70.9243635    -99.6999990   -1701600.0000000  -1204800.0000000  -1701600.0000000  -1204800.0000000  
201     864     880     0       0       71.8249169    -103.8342615  0.000   0.528   63.566  0.788   3      0.000   0.000   864     880     71.8249169    -103.8342615  -1698400.0000000  -1027200.0000000  -1698400.0000000  -1027200.0000000  
202     992     880     0       0       71.7044875    -103.2061560  0.000   0.452   51.564  0.673   3      0.000   0.000   992     880     71.7044875    -103.2061560  -1698400.0000000  -1052800.0000000  -1698400.0000000  -1052800.0000000  
203     1032    880     0       0       71.6664217    -103.0116012  0.000   0.468   54.923  0.709   3      0.000   0.000   1032    880     71.6664217    -103.0116012  -1698400.0000000  -1060800.0000000  -1698400.0000000  -1060800.0000000  
204     1184    880     0       0       71.5199311    -102.2797805  0.000   0.377   40.939  0.552   3      0.000   0.000   1184    880     71.5199311    -102.2797805  -1698400.0000000  -1091200.0000000  -1698400.0000000  -1091200.0000000  
205     1552    880     0       0       71.1535826    -100.5568151  0.000   0.511   60.827  0.711   3      0.000   0.000   1552    880     71.1535826    -100.5568151  -1698400.0000000  -1164800.0000000  -1698400.0000000  -1164800.0000000  
206     1072    888     0       0       71.6403459    -102.7935203  0.000   0.457   52.708  0.746   3      0.000   0.000   1072    888     71.6403459    -102.7935203  -1696800.0000000  -1068800.0000000  -1696800.0000000  -1068800.0000000  
207     1376    888     0       0       71.3428012    -101.3473522  0.000   0.458   53.085  0.751   3      0.000   0.000   1376    888     71.3428012    -101.3473522  -1696800.0000000  -1129600.0000000  -1696800.0000000  -1129600.0000000  
208     1416    888     0       0       71.3028148    -101.1605792  0.000   0.350   38.193  0.588   3      0.000   0.000   1416    888     71.3028148    -101.1605792  -1696800.0000000  -1137600.0000000  -1696800.0000000  -1137600.0000000  
209     1584    888     0       0       71.1328126    -100.3849922  0.000   0.478   55.967  0.739   3      0.000   0.000   1584    888     71.1328126    -100.3849922  -1696800.0000000  -1171200.0000000  -1696800.0000000  -1171200.0000000  
210     1648    888     0       0       71.0671889    -100.0932791  0.000   0.469   53.637  0.754   3      0.000   0.000   1648    888     71.0671889    -100.0932791  -1696800.0000000  -1184000.0000000  -1696800.0000000  -1184000.0000000  
211     1688    888     0       0       71.0259367    -99.9120040   0.000   0.451   51.002  0.760   3      0.000   0.000   1688    888     71.0259367    -99.9120040   -1696800.0000000  -1192000.0000000  -1696800.0000000  -1192000.0000000  
212     680     896     0       0       72.0191858    -104.7049108  0.000   0.358   39.287  0.694   3      0.000   0.000   680     896     72.0191858    -104.7049108  -1695200.0000000  -990400.0000000  -1695200.0000000  -990400.0000000  
213     1216    896     0       0       71.5129115    -102.0779433  0.000   0.468   53.472  0.680   3      0.000   0.000   1216    896     71.5129115    -102.0779433  -1695200.0000000  -1097600.0000000  -1695200.0000000  -1097600.0000000  
214     1728    896     0       0       70.9962446    -99.7060452   0.000   0.506   59.787  0.723   3      0.000   0.000   1728    896     70.9962446    -99.7060452   -1695200.0000000  -1200000.0000000  -1695200.0000000  -1200000.0000000  
215     760     904     0       0       71.9583961    -104.2796463  0.000   0.475   54.644  0.768   3      0.000   0.000   760     904     71.9583961    -104.2796463  -1693600.0000000  -1006400.0000000  -1693600.0000000  -1006400.0000000  
216     808     904     0       0       71.9140415    -104.0402237  0.000   0.390   41.078  0.679   3      0.000   0.000   808     904     71.9140415    -104.0402237  -1693600.0000000  -1016000.0000000  -1693600.0000000  -1016000.0000000  
217     1520    904     0       0       71.2217290    -100.6283884  0.000   0.431   48.486  0.690   3      0.000   0.000   1520    904     71.2217290    -100.6283884  -1693600.0000000  -1158400.0000000  -1693600.0000000  -1158400.0000000  
218     1032    912     0       0       71.7152858    -102.9143298  0.000   0.452   50.767  0.691   3      0.000   0.000   1032    912     71.7152858    -102.9143298  -1692000.0000000  -1060800.0000000  -1692000.0000000  -1060800.0000000  
219     1272    912     0       0       71.4820192    -101.7624070  0.000   0.451   52.092  0.710   3      0.000   0.000   1272    912     71.4820192    -101.7624070  -1692000.0000000  -1108800.0000000  -1692000.0000000  -1108800.0000000  
220     1304    912     0       0       71.4503803    -101.6110572  0.000   0.419   46.394  0.633   3      0.000   0.000   1304    912     71.4503803    -101.6110572  -1692000.0000000  -1115200.0000000  -1692000.0000000  -1115200.0000000  
221     1552    912     0       0       71.2010242    -100.4558510  0.000   0.536   64.838  0.734   3      0.000   0.000   1552    912     71.2010242    -100.4558510  -1692000.0000000  -1164800.0000000  -1692000.0000000  -1164800.0000000  
222     640     920     0       0       72.0928873    -104.8363781  0.000   0.422   45.375  0.809   3      0.000   0.000   640     920     72.0928873    -104.8363781  -1690400.0000000  -982400.0000000  -1690400.0000000  -982400.0000000  
223     944     920     0       0       71.8112681    -103.3199351  0.000   0.441   50.505  0.683   3      0.000   0.000   944     920     71.8112681    -103.3199351  -1690400.0000000  -1043200.0000000  -1690400.0000000  -1043200.0000000  
224     1336    920     0       0       71.4306181    -101.4352648  0.000   0.367   40.265  0.645   3      0.000   0.000   1336    920     71.4306181    -101.4352648  -1690400.0000000  -1121600.0000000  -1690400.0000000  -1121600.0000000  
225     1368    920     0       0       71.3987097    -101.2849098  0.000   0.424   45.921  0.652   3      0.000   0.000   1368    920     71.3987097    -101.2849098  -1690400.0000000  -1128000.0000000  -1690400.0000000  -1128000.0000000  
226     1440    920     0       0       71.3264682    -100.9485283  0.000   0.404   44.099  0.654   3      0.000   0.000   1440    920     71.3264682    -100.9485283  -1690400.0000000  -1142400.0000000  -1690400.0000000  -1142400.0000000  
227     1488    920     0       0       71.2779661    -100.7257458  0.000   0.477   53.601  0.697   3      0.000   0.000   1488    920     71.2779661    -100.7257458  -1690400.0000000  -1152000.0000000  -1690400.0000000  -1152000.0000000  
228     1624    920     0       0       71.1390835    -100.1008977  0.000   0.440   50.598  0.707   3      0.000   0.000   1624    920     71.1390835    -100.1008977  -1690400.0000000  -1179200.0000000  -1690400.0000000  -1179200.0000000  
229     1664    920     0       0       71.0978305    -99.9189040   0.000   0.511   59.906  0.781   3      0.000   0.000   1664    920     71.0978305    -99.9189040   -1690400.0000000  -1187200.0000000  -1690400.0000000  -1187200.0000000  
230     864     928     0       0       71.8988797    -103.6902539  0.000   0.466   52.741  0.647   3      0.000   0.000   864     928     71.8988797    -103.6902539  -1688800.0000000  -1027200.0000000  -1688800.0000000  -1027200.0000000  
231     904     928     0       0       71.8613108    -103.4925511  0.000   0.473   54.580  0.765   3      0.000   0.000   904     928     71.8613108    -103.4925511  -1688800.0000000  -1035200.0000000  -1688800.0000000  -1035200.0000000  
232     1000    928     0       0       71.7703002    -103.0214612  0.000   0.435   49.987  0.703   3      0.000   0.000   1000    928     71.7703002    -103.0214612  -1688800.0000000  -1054400.0000000  -1688800.0000000  -1054400.0000000  
233     1176    928     0       0       71.6004029    -102.1702218  0.000   0.497   56.241  0.771   3      0.000   0.000   1176    928     71.6004029    -102.1702218  -1688800.0000000  -1089600.0000000  -1688800.0000000  -1089600.0000000  
234     1696    928     0       0       71.0764470    -99.7483221   0.000   0.480   55.535  0.708   3      0.000   0.000   1696    928     71.0764470    -99.7483221   -1688800.0000000  -1193600.0000000  -1688800.0000000  -1193600.0000000  
235     1736    928     0       0       71.0348401    -99.5677256   0.000   0.487   56.658  0.732   3      0.000   0.000   1736    928     71.0348401    -99.5677256   -1688800.0000000  -1201600.0000000  -1688800.0000000  -1201600.0000000  
236     728     936     0       0       72.0374502    -104.3448641  0.000   0.373   38.936  0.682   3      0.000   0.000   728     936     72.0374502    -104.3448641  -1687200.0000000  -1000000.0000000  -1687200.0000000  -1000000.0000000  
237     824     936     0       0       71.9485841    -103.8647594  0.000   0.419   47.811  0.662   3      0.000   0.000   824     936     71.9485841    -103.8647594  -1687200.0000000  -1019200.0000000  -1687200.0000000  -1019200.0000000  
238     1120    944     0       0       71.6791662    -102.3900177  0.000   0.537   64.511  0.805   3      0.000   0.000   1120    944     71.6791662    -102.3900177  -1685600.0000000  -1078400.0000000  -1685600.0000000  -1078400.0000000  
239     1576    944     0       0       71.2238334    -100.2440874  0.000   0.468   54.622  0.735   3      0.000   0.000   1576    944     71.2238334    -100.2440874  -1685600.0000000  -1169600.0000000  -1685600.0000000  -1169600.0000000  
240     1408    952     0       0       71.4064261    -100.9970149  0.000   0.489   57.236  0.757   3      0.000   0.000   1408    952     71.4064261    -100.9970149  -1684000.0000000  -1136000.0000000  -1684000.0000000  -1136000.0000000  
241     1624    952     0       0       71.1862619    -99.9988470   0.000   0.431   50.388  0.754   3      0.000   0.000   1624    952     71.1862619    -99.9988470   -1684000.0000000  -1179200.0000000  -1684000.0000000  -1179200.0000000  
242     1656    952     0       0       71.1531858    -99.8529986   0.000   0.404   46.012  0.693   3      0.000   0.000   1656    952     71.1531858    -99.8529986   -1684000.0000000  -1185600.0000000  -1684000.0000000  -1185600.0000000  
243     776     960     0       0       72.0302856    -104.0322371  0.000   0.460   52.297  0.772   3      0.000   0.000   776     960     72.0302856    -104.0322371  -1682400.0000000  -1009600.0000000  -1682400.0000000  -1009600.0000000  
244     864     960     0       0       71.9481335    -103.5935829  0.000   0.382   41.323  0.558   3      0.000   0.000   864     960     71.9481335    -103.5935829  -1682400.0000000  -1027200.0000000  -1682400.0000000  -1027200.0000000  
245     1000    960     0       0       71.8191831    -102.9236517  0.000   0.413   46.860  0.705   3      0.000   0.000   1000    960     71.8191831    -102.9236517  -1682400.0000000  -1054400.0000000  -1682400.0000000  -1054400.0000000  
246     1064    960     0       0       71.7576788    -102.6117402  0.000   0.491   57.313  0.772   3      0.000   0.000   1064    960     71.7576788    -102.6117402  -1682400.0000000  -1067200.0000000  -1682400.0000000  -1067200.0000000  
247     1152    960     0       0       71.6722659    -102.1863543  0.000   0.516   61.303  0.774   3      0.000   0.000   1152    960     71.6722659    -102.1863543  -1682400.0000000  -1084800.0000000  -1682400.0000000  -1084800.0000000  
248     1192    960     0       0       71.6331221    -101.9943313  0.000   0.470   54.376  0.768   3      0.000   0.000   1192    960     71.6331221    -101.9943313  -1682400.0000000  -1092800.0000000  -1682400.0000000  -1092800.0000000  
249     1344    960     0       0       71.4825831    -101.2722255  0.000   0.509   59.738  0.700   3      0.000   0.000   1344    960     71.4825831    -101.2722255  -1682400.0000000  -1123200.0000000  -1682400.0000000  -1123200.0000000  
250     1376    960     0       0       71.4505338    -101.1217285  0.000   0.491   57.320  0.677   3      0.000   0.000   1376    960     71.4505338    -101.1217285  -1682400.0000000  -1129600.0000000  -1682400.0000000  -1129600.0000000  
251     1464    960     0       0       71.3617681    -100.7105869  0.000   0.397   44.308  0.679   3      0.000   0.000   1464    960     71.3617681    -100.7105869  -1682400.0000000  -1147200.0000000  -1682400.0000000  -1147200.0000000  
252     1504    960     0       0       71.3211176    -100.5250225  0.000   0.452   51.129  0.675   3      0.000   0.000   1504    960     71.3211176    -100.5250225  -1682400.0000000  -1155200.0000000  -1682400.0000000  -1155200.0000000  
253     1728    960     0       0       71.0900537    -99.5009990   0.000   0.428   48.943  0.660   3      0.000   0.000   1728    960     71.0900537    -99.5009990   -1682400.0000000  -1200000.0000000  -1682400.0000000  -1200000.0000000  
254     624     968     0       0       72.1822223    -104.7757896  0.000   0.338   37.195  0.608   3      0.000   0.000   624     968     72.1822223    -104.7757896  -1680800.0000000  -979200.0000000  -1680800.0000000  -979200.0000000  
255     720     968     0       0       72.0944339    -104.2895673  0.000   0.394   42.545  0.637   3      0.000   0.000   720     968     72.0944339    -104.2895673  -1680800.0000000  -998400.0000000  -1680800.0000000  -998400.0000000  
256     1240    968     0       0       71.5979371    -101.7400064  0.000   0.427   47.946  0.746   3      0.000   0.000   1240    968     71.5979371    -101.7400064  -1680800.0000000  -1102400.0000000  -1680800.0000000  -1102400.0000000  
257     816     976     0       0       72.0177460    -103.7840172  0.000   0.569   70.156  0.826   3      0.000   0.000   816     976     72.0177460    -103.7840172  -1679200.0000000  -1017600.0000000  -1679200.0000000  -1017600.0000000  
258     1032    976     0       0       71.8128763    -102.7181941  0.000   0.416   46.025  0.694   3      0.000   0.000   1032    976     71.8128763    -102.7181941  -1679200.0000000  -1060800.0000000  -1679200.0000000  -1060800.0000000  
259     1304    976     0       0       71.5464771    -101.4108385  0.000   0.390   43.659  0.664   3      0.000   0.000   1304    976     71.5464771    -101.4108385  -1679200.0000000  -1115200.0000000  -1679200.0000000  -1115200.0000000  
260     1592    976     0       0       71.2546367    -100.0684803  0.000   0.447   50.692  0.704   3      0.000   0.000   1592    976     71.2546367    -100.0684803  -1679200.0000000  -1172800.0000000  -1679200.0000000  -1172800.0000000  
261     1096    984     0       0       71.7631662    -102.3823076  0.000   0.444   50.398  0.697   3      0.000   0.000   1096    984     71.7631662    -102.3823076  -1677600.0000000  -1073600.0000000  -1677600.0000000  -1073600.0000000  
262     1432    984     0       0       71.4298912    -100.7835505  0.000   0.413   45.428  0.681   3      0.000   0.000   1432    984     71.4298912    -100.7835505  -1677600.0000000  -1140800.0000000  -1677600.0000000  -1140800.0000000  
263     1544    984     0       0       71.3157855    -100.2636643  0.000   0.416   45.929  0.676   3      0.000   0.000   1544    984     71.3157855    -100.2636643  -1677600.0000000  -1163200.0000000  -1677600.0000000  -1163200.0000000  
264     1656    984     0       0       71.2002227    -99.7502383   0.000   0.331   35.278  0.534   3      0.000   0.000   1656    984     71.2002227    -99.7502383   -1677600.0000000  -1185600.0000000  -1677600.0000000  -1185600.0000000  
265     968     992     0       0       71.8986638    -102.9823268  0.000   0.428   47.138  0.632   3      0.000   0.000   968     992     71.8986638    -102.9823268  -1676000.0000000  -1048000.0000000  -1676000.0000000  -1048000.0000000  
266     592     1000    0       0       72.2611448    -104.8440876  0.000   0.212   24.187  0.242   1      0.000   0.000   592     1000    72.2611448    -104.8440876  -1674400.0000000  -972800.0000000  -1674400.0000000  -972800.0000000  
267     704     1000    0       0       72.1587861    -104.2743523  0.000   0.460   51.219  0.748   3      0.000   0.000   704     1000    72.1587861    -104.2743523  -1674400.0000000  -995200.0000000  -1674400.0000000  -995200.0000000  
268     1136    1000    0       0       71.7484387    -102.1390465  0.000   0.462   52.737  0.765   3      0.000   0.000   1136    1000    71.7484387    -102.1390465  -1674400.0000000  -1081600.0000000  -1674400.0000000  -1081600.0000000  
269     1224    1000    0       0       71.6619320    -101.7161437  0.000   0.441   48.957  0.735   3      0.000   0.000   1224    1000    71.6619320    -101.7161437  -1674400.0000000  -1099200.0000000  -1674400.0000000  -1099200.0000000  
270     1272    1000    0       0       71.6143440    -101.4871810  0.000   0.454   53.120  0.758   3      0.000   0.000   1272    1000    71.6143440    -101.4871810  -1674400.0000000  -1108800.0000000  -1674400.0000000  -1108800.0000000  
271     1704    1000    0       0       71.1736888    -99.4804530   0.000   0.297   31.449  0.522   3      0.000   0.000   1704    1000    71.1736888    -99.4804530   -1674400.0000000  -1195200.0000000  -1674400.0000000  -1195200.0000000  
272     816     1008    0       0       72.0670643    -103.6869567  0.000   0.477   54.667  0.750   3      0.000   0.000   816     1008    72.0670643    -103.6869567  -1672800.0000000  -1017600.0000000  -1672800.0000000  -1017600.0000000  
273     1024    1008    0       0       71.8693189    -102.6584239  0.000   0.445   50.517  0.663   3      0.000   0.000   1024    1008    71.8693189    -102.6584239  -1672800.0000000  -1059200.0000000  -1672800.0000000  -1059200.0000000  
274     1184    1008    0       0       71.7134442    -101.8828075  0.000   0.572   70.652  0.810   3      0.000   0.000   1184    1008    71.7134442    -101.8828075  -1672800.0000000  -1091200.0000000  -1672800.0000000  -1091200.0000000  
275     1592    1008    0       0       71.3018114    -99.9657046   0.000   0.399   44.128  0.669   3      0.000   0.000   1592    1008    71.3018114    -99.9657046   -1672800.0000000  -1172800.0000000  -1672800.0000000  -1172800.0000000  
276     1624    1008    0       0       71.2686970    -99.8190006   0.000   0.369   39.391  0.588   3      0.000   0.000   1624    1008    71.2686970    -99.8190006   -1672800.0000000  -1179200.0000000  -1672800.0000000  -1179200.0000000  
277     848     1016    0       0       72.0493096    -103.5028085  0.000   0.414   47.195  0.681   3      0.000   0.000   848     1016    72.0493096    -103.5028085  -1671200.0000000  -1024000.0000000  -1671200.0000000  -1024000.0000000  
278     1336    1016    0       0       71.5743866    -101.1330747  0.000   0.396   45.000  0.659   3      0.000   0.000   1336    1016    71.5743866    -101.1330747  -1671200.0000000  -1121600.0000000  -1671200.0000000  -1121600.0000000  
279     1432    1016    0       0       71.4774975    -100.6816456  0.000   0.362   39.135  0.617   3      0.000   0.000   1432    1016    71.4774975    -100.6816456  -1671200.0000000  -1140800.0000000  -1671200.0000000  -1140800.0000000  
280     1464    1016    0       0       71.4449573    -100.5322379  0.000   0.351   37.880  0.534   3      0.000   0.000   1464    1016    71.4449573    -100.5322379  -1671200.0000000  -1147200.0000000  -1671200.0000000  -1147200.0000000  
281     1496    1016    0       0       71.4122965    -100.3833631  0.000   0.370   39.655  0.552   3      0.000   0.000   1496    1016    71.4122965    -100.3833631  -1671200.0000000  -1153600.0000000  -1671200.0000000  -1153600.0000000  
282     888     1024    0       0       72.0237942    -103.2792863  0.000   0.405   45.764  0.651   3      0.000   0.000   888     1024    72.0237942    -103.2792863  -1669600.0000000  -1032000.0000000  -1669600.0000000  -1032000.0000000  
283     1304    1024    0       0       71.6184195    -101.2592787  0.000   0.432   48.879  0.662   3      0.000   0.000   1304    1024    71.6184195    -101.2592787  -1669600.0000000  -1115200.0000000  -1669600.0000000  -1115200.0000000  
284     1368    1024    0       0       71.5541509    -100.9566098  0.000   0.450   52.304  0.755   3      0.000   0.000   1368    1024    71.5541509    -100.9566098  -1669600.0000000  -1128000.0000000  -1669600.0000000  -1128000.0000000  
285     712     1032    0       0       72.2009794    -104.1373797  0.000   0.237   29.505  0.303   2      0.000   0.000   712     1032    72.2009794    -104.1373797  -1668000.0000000  -996800.0000000  -1668000.0000000  -996800.0000000  
286     776     1032    0       0       72.1414850    -103.8144961  0.000   0.401   44.391  0.686   3      0.000   0.000   776     1032    72.1414850    -103.8144961  -1668000.0000000  -1009600.0000000  -1668000.0000000  -1009600.0000000  
287     952     1032    0       0       71.9750824    -102.9378394  0.000   0.409   45.104  0.725   3      0.000   0.000   952     1032    71.9750824    -102.9378394  -1668000.0000000  -1044800.0000000  -1668000.0000000  -1044800.0000000  
288     1104    1032    0       0       71.8281477    -102.1939971  0.000   0.398   43.760  0.644   3      0.000   0.000   1104    1032    71.8281477    -102.1939971  -1668000.0000000  -1075200.0000000  -1668000.0000000  -1075200.0000000  
289     1704    1032    0       0       71.2205114    -99.3766318   0.000   0.238   24.073  0.373   2      0.000   0.000   1704    1032    71.2205114    -99.3766318   -1668000.0000000  -1195200.0000000  -1668000.0000000  -1195200.0000000  
290     1008    1040    0       0       71.9334733    -102.6375079  0.000   0.406   44.543  0.584   3      0.000   0.000   1008    1040    71.9334733    -102.6375079  -1666400.0000000  -1056000.0000000  -1666400.0000000  -1056000.0000000  
291     1584    1040    0       0       71.3572153    -99.8992068   0.000   0.300   31.217  0.429   3      0.000   0.000   1584    1040    71.3572153    -99.8992068   -1666400.0000000  -1171200.0000000  -1666400.0000000  -1171200.0000000  
292     1272    1048    0       0       71.6863633    -101.3353549  0.000   0.429   48.796  0.713   3      0.000   0.000   1272    1048    71.6863633    -101.3353549  -1664800.0000000  -1108800.0000000  -1664800.0000000  -1108800.0000000  
293     856     1056    0       0       72.1032028    -103.3402472  0.000   0.363   39.363  0.596   3      0.000   0.000   856     1056    72.1032028    -103.3402472  -1663200.0000000  -1025600.0000000  -1663200.0000000  -1025600.0000000  
294     1200    1056    0       0       71.7699817    -101.6547374  0.000   0.434   48.180  0.663   3      0.000   0.000   1200    1056    71.7699817    -101.6547374  -1663200.0000000  -1094400.0000000  -1663200.0000000  -1094400.0000000  
295     1368    1056    0       0       71.6018710    -100.8544605  0.000   0.420   47.017  0.690   3      0.000   0.000   1368    1056    71.6018710    -100.8544605  -1663200.0000000  -1128000.0000000  -1663200.0000000  -1128000.0000000  
296     1464    1056    0       0       71.5042808    -100.4038474  0.000   0.344   36.314  0.546   3      0.000   0.000   1464    1056    71.5042808    -100.4038474  -1663200.0000000  -1147200.0000000  -1663200.0000000  -1147200.0000000  
297     1504    1056    0       0       71.4632963    -100.2175207  0.000   0.415   46.226  0.579   3      0.000   0.000   1504    1056    71.4632963    -100.2175207  -1663200.0000000  -1155200.0000000  -1663200.0000000  -1155200.0000000  
298     1632    1056    0       0       71.3308944    -99.6268972   0.000   0.190   18.676  0.302   2      0.000   0.000   1632    1056    71.3308944    -99.6268972   -1663200.0000000  -1180800.0000000  -1663200.0000000  -1180800.0000000  
299     960     1064    0       0       72.0162652    -102.7991448  0.000   0.415   46.725  0.685   3      0.000   0.000   960     1064    72.0162652    -102.7991448  -1661600.0000000  -1046400.0000000  -1661600.0000000  -1046400.0000000  
300     1152    1064    0       0       71.8294495    -101.8608981  0.000   0.439   50.320  0.709   3      0.000   0.000   1152    1064    71.8294495    -101.8608981  -1661600.0000000  -1084800.0000000  -1661600.0000000  -1084800.0000000  
301     1232    1064    0       0       71.7502435    -101.4757664  0.000   0.433   49.731  0.697   3      0.000   0.000   1232    1064    71.7502435    -101.4757664  -1661600.0000000  -1100800.0000000  -1661600.0000000  -1100800.0000000  
302     1312    1064    0       0       71.6702504    -101.0940345  0.000   0.440   49.473  0.647   3      0.000   0.000   1312    1064    71.6702504    -101.0940345  -1661600.0000000  -1116800.0000000  -1661600.0000000  -1116800.0000000  
303     888     1072    0       0       72.0973564    -103.1313310  0.000   0.328   34.594  0.480   3      0.000   0.000   888     1072    72.0973564    -103.1313310  -1660000.0000000  -1032000.0000000  -1660000.0000000  -1032000.0000000  
304     1088    1072    0       0       71.9043544    -102.1463078  0.000   0.450   51.183  0.680   3      0.000   0.000   1088    1072    71.9043544    -102.1463078  -1660000.0000000  -1072000.0000000  -1660000.0000000  -1072000.0000000  
305     1544    1072    0       0       71.4457190    -99.9801915   0.000   0.367   39.762  0.664   3      0.000   0.000   1544    1072    71.4457190    -99.9801915   -1660000.0000000  -1163200.0000000  -1660000.0000000  -1163200.0000000  
306     1408    1080    0       0       71.5970140    -100.5889507  0.000   0.368   39.716  0.622   3      0.000   0.000   1408    1080    71.5970140    -100.5889507  -1658400.0000000  -1136000.0000000  -1658400.0000000  -1136000.0000000  
307     1584    1080    0       0       71.4160694    -99.7693875   0.000   0.248   24.649  0.320   2      0.000   0.000   1584    1080    71.4160694    -99.7693875   -1658400.0000000  -1171200.0000000  -1658400.0000000  -1171200.0000000  
308     1688    1080    0       0       71.3074606    -99.2927391   0.000   0.276   28.660  0.428   3      0.000   0.000   1688    1080    71.3074606    -99.2927391   -1658400.0000000  -1192000.0000000  -1658400.0000000  -1192000.0000000  
309     920     1088    0       0       72.0912759    -102.9225560  0.000   0.298   31.222  0.386   2      0.000   0.000   920     1088    72.0912759    -102.9225560  -1656800.0000000  -1038400.0000000  -1656800.0000000  -1038400.0000000  
310     1464    1088    0       0       71.5516803    -100.3005308  0.000   0.377   40.912  0.605   3      0.000   0.000   1464    1088    71.5516803    -100.3005308  -1656800.0000000  -1147200.0000000  -1656800.0000000  -1147200.0000000  
311     1272    1096    0       0       71.7582691    -101.1823109  0.000   0.368   40.746  0.631   3      0.000   0.000   1272    1096    71.7582691    -101.1823109  -1655200.0000000  -1108800.0000000  -1655200.0000000  -1108800.0000000  
312     1640    1096    0       0       71.3811804    -99.4597027   0.000   0.246   26.023  0.414   3      0.000   0.000   1640    1096    71.3811804    -99.4597027   -1655200.0000000  -1182400.0000000  -1655200.0000000  -1182400.0000000  
313     1536    1104    0       0       71.5011501    -99.9132116   0.000   0.386   41.794  0.582   3      0.000   0.000   1536    1104    71.5011501    -99.9132116   -1653600.0000000  -1161600.0000000  -1653600.0000000  -1161600.0000000  
314     1344    1112    0       0       71.7096001    -100.7880926  0.000   0.406   45.065  0.612   3      0.000   0.000   1344    1112    71.7096001    -100.7880926  -1652000.0000000  -1123200.0000000  -1652000.0000000  -1123200.0000000  
315     1056    1120    0       0       72.0083342    -102.1512197  0.000   0.373   40.166  0.551   3      0.000   0.000   1056    1120    72.0083342    -102.1512197  -1650400.0000000  -1065600.0000000  -1650400.0000000  -1065600.0000000  
316     1232    1120    0       0       71.8342740    -101.2971161  0.000   0.484   55.843  0.721   3      0.000   0.000   1232    1120    71.8342740    -101.2971161  -1650400.0000000  -1100800.0000000  -1650400.0000000  -1100800.0000000  
317     1504    1120    0       0       71.5578174    -100.0098438  0.000   0.483   55.960  0.702   3      0.000   0.000   1504    1120    71.5578174    -100.0098438  -1650400.0000000  -1155200.0000000  -1650400.0000000  -1155200.0000000  
318     1608    1120    0       0       71.4498004    -99.5280555   0.000   0.410   44.013  0.588   3      0.000   0.000   1608    1120    71.4498004    -99.5280555   -1650400.0000000  -1176000.0000000  -1650400.0000000  -1176000.0000000  
319     1024    1128    0       0       72.0517002    -102.2830432  0.000   0.186   22.206  0.265   1      0.000   0.000   1024    1128    72.0517002    -102.2830432  -1648800.0000000  -1059200.0000000  -1648800.0000000  -1059200.0000000  
320     1144    1128    0       0       71.9338417    -101.6965813  0.000   0.377   40.857  0.633   3      0.000   0.000   1144    1128    71.9338417    -101.6965813  -1648800.0000000  -1083200.0000000  -1648800.0000000  -1083200.0000000  
321     1576    1128    0       0       71.4949190    -99.6494679   0.000   0.388   41.589  0.647   3      0.000   0.000   1576    1128    71.4949190    -99.6494679   -1648800.0000000  -1169600.0000000  -1648800.0000000  -1169600.0000000  
322     1392    1136    0       0       71.6964812    -100.4832109  0.000   0.426   47.836  0.637   3      0.000   0.000   1392    1136    71.6964812    -100.4832109  -1647200.0000000  -1132800.0000000  -1647200.0000000  -1132800.0000000  
323     1424    1136    0       0       71.6637565    -100.3323487  0.000   0.425   46.378  0.648   3      0.000   0.000   1424    1136    71.6637565    -100.3323487  -1647200.0000000  -1139200.0000000  -1647200.0000000  -1139200.0000000  
324     1176    1144    0       0       71.9261597    -101.4902896  0.000   0.407   44.306  0.745   3      0.000   0.000   1176    1144    71.9261597    -101.4902896  -1645600.0000000  -1089600.0000000  -1645600.0000000  -1089600.0000000  
325     1344    1144    0       0       71.7572447    -100.6846108  0.000   0.455   53.375  0.657   3      0.000   0.000   1344    1144    71.7572447    -100.6846108  -1645600.0000000  -1123200.0000000  -1645600.0000000  -1123200.0000000  
326     1496    1152    0       0       71.6132765    -99.9425395   0.000   0.389   42.953  0.668   3      0.000   0.000   1496    1152    71.6132765    -99.9425395   -1644000.0000000  -1153600.0000000  -1644000.0000000  -1153600.0000000  
327     1144    1160    0       0       71.9820243    -101.5942444  0.000   0.173   21.454  0.281   1      0.000   0.000   1144    1160    71.9820243    -101.5942444  -1642400.0000000  -1083200.0000000  -1642400.0000000  -1083200.0000000  
328     1312    1160    0       0       71.8135325    -100.7850612  0.000   0.409   46.928  0.713   3      0.000   0.000   1312    1160    71.8135325    -100.7850612  -1642400.0000000  -1116800.0000000  -1642400.0000000  -1116800.0000000  
329     1568    1160    0       0       71.5502335    -99.5812972   0.000   0.427   47.214  0.691   3      0.000   0.000   1568    1160    71.5502335    -99.5812972   -1642400.0000000  -1168000.0000000  -1642400.0000000  -1168000.0000000  
330     1216    1168    0       0       71.9222265    -101.2197740  0.000   0.406   44.330  0.590   3      0.000   0.000   1216    1168    71.9222265    -101.2197740  -1640800.0000000  -1097600.0000000  -1640800.0000000  -1097600.0000000  
331     1528    1168    0       0       71.6036491    -99.7407509   0.000   0.382   42.626  0.560   3      0.000   0.000   1528    1168    71.6036491    -99.7407509   -1640800.0000000  -1160000.0000000  -1640800.0000000  -1160000.0000000  
332     1456    1176    0       0       71.6900120    -100.0511666  0.000   0.356   37.620  0.603   3      0.000   0.000   1456    1176    71.6900120    -100.0511666  -1639200.0000000  -1145600.0000000  -1639200.0000000  -1145600.0000000  
333     1280    1192    0       0       71.8936402    -100.8341396  0.000   0.375   42.343  0.519   3      0.000   0.000   1280    1192    71.8936402    -100.8341396  -1636000.0000000  -1110400.0000000  -1636000.0000000  -1110400.0000000  
334     1336    1192    0       0       71.8367682    -100.5664559  0.000   0.410   46.991  0.751   3      0.000   0.000   1336    1192    71.8367682    -100.5664559  -1636000.0000000  -1121600.0000000  -1636000.0000000  -1121600.0000000  
335     1408    1192    0       0       71.7630910    -100.2247940  0.000   0.371   40.061  0.612   3      0.000   0.000   1408    1192    71.7630910    -100.2247940  -1636000.0000000  -1136000.0000000  -1636000.0000000  -1136000.0000000  
336     1488    1200    0       0       71.6922834    -99.8220649   0.000   0.375   39.872  0.606   3      0.000   0.000   1488    1200    71.6922834    -99.8220649   -1634400.0000000  -1152000.0000000  -1634400.0000000  -1152000.0000000  
337     1368    1208    0       0       71.8278281    -100.3618165  0.000   0.404   44.797  0.637   3      0.000   0.000   1368    1208    71.8278281    -100.3618165  -1632800.0000000  -1128000.0000000  -1632800.0000000  -1128000.0000000  
338     1448    1208    0       0       71.7455062    -99.9834944   0.000   0.310   33.143  0.581   3      0.000   0.000   1448    1208    71.7455062    -99.9834944   -1632800.0000000  -1144000.0000000  -1632800.0000000  -1144000.0000000  
339     1416    1232    0       0       71.8139912    -100.0552473  0.000   0.270   27.169  0.329   2      0.000   0.000   1416    1232    71.8139912    -100.0552473  -1628000.0000000  -1137600.0000000  -1628000.0000000  -1137600.0000000  
