CP      startX  startY  dispX   dispY   sLat          sLon          theta   pCorr   pkStr   cCorr   conf   velX    velY    endX    endY    eLat          eLon          nps_startX    nps_startY    nps_endX      nps_endY      
0       1232    160     249     131     80.7166935    124.7917736   354.375  0.112   10.144  0.295   2      4.150   2.183   1481    291     81.1181019    122.7342162   178600.0000000  991800.0000000  204800.0000000  942000.0000000  
1       1344    192     242     151     80.9080515    124.1956054   348.750  0.140   13.836  0.276   1      4.033   2.517   1586    343     81.2851450    121.8482795   185000.0000000  969400.0000000  215200.0000000  921000.0000000  
2       1376    192     241     158     80.9657298    124.1255071   348.750  0.225   22.497  0.428   3      4.017   2.633   1617    350     81.3376088    121.6792144   185000.0000000  963000.0000000  216600.0000000  914800.0000000  
3       1280    200     242     138     80.7899398    124.2430463   348.750  0.164   15.864  0.351   2      4.033   2.300   1522    338     81.1727459    122.0806898   186600.0000000  982200.0000000  214200.0000000  933800.0000000  
4       1248    224     240     132     80.7239844    124.0426937   348.750  0.173   17.470  0.449   3      4.000   2.200   1488    356     81.1045064    121.9626823   191400.0000000  988600.0000000  217800.0000000  940600.0000000  
5       1400    232     232     162     80.9947759    123.6118952   348.750  0.198   17.913  0.365   2      3.867   2.700   1632    394     81.3453771    121.1146669   193000.0000000  958200.0000000  225400.0000000  911800.0000000  
6       1480    240     228     177     81.1357191    123.3303385   348.750  0.167   16.707  0.432   3      3.800   2.950   1708    417     81.4703965    120.6124557   194600.0000000  942200.0000000  230000.0000000  896600.0000000  
7       1144    248     221     16      80.5283116    124.0004093   348.750  0.140   11.648  0.389   2      3.683   0.267   1365    264     80.9200996    123.3275130   196200.0000000  1009400.0000000  199400.0000000  965200.0000000  
8       1344    248     231     150     80.8882260    123.5582802   348.750  0.126   11.584  0.310   1      3.850   2.500   1575    398     81.2419998    121.2327626   196200.0000000  969400.0000000  226200.0000000  923200.0000000  
9       1080    264     225     -26     80.4074896    123.9619572   348.750  0.146   12.536  0.280   1      3.750   -0.433  1305    238     80.8216669    123.7599927   199400.0000000  1022200.0000000  194200.0000000  977200.0000000  
10      1400    264     226     161     80.9829948    123.2446059   348.750  0.176   17.934  0.476   3      3.767   2.683   1626    425     81.3208625    120.7660636   199400.0000000  958200.0000000  231600.0000000  913000.0000000  
11      1048    304     218     -32     80.3356588    123.6001146   348.750  0.178   18.039  0.437   3      3.633   -0.533  1266    272     80.7392012    123.4665190   207400.0000000  1028600.0000000  201000.0000000  985000.0000000  
12      1512    304     214     184     81.1685682    122.5036104   348.750  0.205   21.412  0.309   2      3.567   3.067   1726    488     81.4689528    119.7057997   207400.0000000  935800.0000000  244200.0000000  893000.0000000  
13      1240    320     205     38      80.6745398    122.9929973   348.750  0.129   11.508  0.267   2      3.417   0.633   1445    358     81.0267748    122.0538859   210600.0000000  990200.0000000  218200.0000000  949200.0000000  
14      1368    328     211     154     80.9009852    122.5932614   348.750  0.156   16.798  0.444   3      3.517   2.567   1579    482     81.2111214    120.2411506   212200.0000000  964600.0000000  243000.0000000  922400.0000000  
15      1024    336     212     -37     80.2807998    123.3109975   348.750  0.208   22.469  0.526   3      3.533   -0.617  1236    299     80.6752939    123.2349434   213800.0000000  1033400.0000000  206400.0000000  991000.0000000  
16      1056    336     211     -31     80.3382511    123.2401772   348.750  0.162   15.293  0.462   2      3.517   -0.517  1267    305     80.7287005    123.0960956   213800.0000000  1027000.0000000  207600.0000000  984800.0000000  
17      1128    336     204     8       80.4674790    123.0776966   348.750  0.127   12.174  0.311   1      3.400   0.133   1332    344     80.8301477    122.5024093   213800.0000000  1012600.0000000  215400.0000000  971800.0000000  
18      1280    344     210     137     80.7369749    122.6306455   348.750  0.191   15.407  0.337   2      3.500   2.283   1490    481     81.0534996    120.5201224   215400.0000000  982200.0000000  242800.0000000  940200.0000000  
19      1320    344     209     145     80.8086494    122.5322340   348.750  0.212   20.257  0.415   3      3.483   2.417   1529    489     81.1190822    120.3121064   215400.0000000  974200.0000000  244400.0000000  932400.0000000  
20      1368    360     204     154     80.8881874    122.2311679   348.750  0.140   12.889  0.283   1      3.400   2.567   1572    514     81.1835658    119.8919279   218600.0000000  964600.0000000  249400.0000000  923800.0000000  
21      1088    368     201     -19     80.3834882    122.8247552   348.750  0.105   9.935   0.180   1      3.350   -0.317  1289    349     80.7511305    122.5528983   220200.0000000  1020600.0000000  216400.0000000  980400.0000000  
22      1328    376     202     146     80.8101060    122.1534740   348.750  0.132   15.058  0.333   2      3.367   2.433   1530    522     81.1053019    119.9301893   221800.0000000  972600.0000000  251000.0000000  932200.0000000  
23      1432    376     198     167     80.9960798    121.8823443   348.750  0.201   19.754  0.398   3      3.300   2.783   1630    543     81.2721300    119.3703351   221800.0000000  951800.0000000  255200.0000000  912200.0000000  
24      1512    384     195     183     81.1356276    121.5732938   348.750  0.167   16.198  0.410   2      3.250   3.050   1707    567     81.3960341    118.8320842   223400.0000000  935800.0000000  260000.0000000  896800.0000000  
25      1664    392     183     164     81.4032944    121.0441904   348.750  0.155   15.875  0.390   3      3.050   2.733   1847    556     81.6484468    118.4727383   225000.0000000  905400.0000000  257800.0000000  868800.0000000  
26      1208    400     187     28      80.5856727    122.1902673   348.750  0.128   11.660  0.349   2      3.117   0.467   1395    428     80.9079579    121.3918124   226600.0000000  996600.0000000  232200.0000000  959200.0000000  
27      1296    408     195     137     80.7397020    121.8789291   348.750  0.091   8.042   0.247   1      3.250   2.283   1491    545     81.0251756    119.7882137   228200.0000000  979000.0000000  255600.0000000  940000.0000000  
28      1560    408     188     192     81.2108764    121.1589664   348.750  0.170   17.900  0.372   2      3.133   3.200   1748    600     81.4511045    118.2995727   228200.0000000  926200.0000000  266600.0000000  888600.0000000  
29      1256    416     182     39      80.6649013    121.8935073   348.750  0.145   14.820  0.283   2      3.033   0.650   1438    455     80.9727504    120.9665930   229800.0000000  987000.0000000  237600.0000000  950600.0000000  
30      1432    416     190     167     80.9791343    121.4264273   348.750  0.172   15.585  0.417   3      3.167   2.783   1622    583     81.2379445    118.9321173   229800.0000000  951800.0000000  263200.0000000  913800.0000000  
31      1392    424     190     158     80.9043303    121.4451277   348.750  0.161   16.177  0.330   2      3.167   2.633   1582    582     81.1678604    119.0759506   231400.0000000  959800.0000000  263000.0000000  921800.0000000  
32      1464    424     188     173     81.0327354    121.2464496   348.750  0.209   20.614  0.466   3      3.133   2.883   1652    597     81.2836659    118.6685669   231400.0000000  945400.0000000  266000.0000000  907800.0000000  
33      1344    432     189     147     80.8152606    121.4850437   348.750  0.144   13.478  0.322   2      3.150   2.450   1533    579     81.0828256    119.2692793   233000.0000000  969400.0000000  262400.0000000  931600.0000000  
34      1544    440     183     189     81.1681607    120.8332821   348.750  0.233   22.568  0.413   3      3.050   3.150   1727    629     81.3987712    118.0326578   234600.0000000  929400.0000000  272400.0000000  892800.0000000  
35      944     448     186     -52     80.0940895    122.3151993   348.750  0.154   15.517  0.412   3      3.100   -0.867  1130    396     80.4477172    122.4244515   236200.0000000  1049400.0000001  225800.0000000  1012200.0000000  
36      1168    448     178     13      80.4943546    121.7690172   348.750  0.196   20.869  0.414   3      2.967   0.217   1346    461     80.8062422    121.1559114   236200.0000000  1004600.0000000  238800.0000000  969000.0000000  
37      1200    448     177     26      80.5514802    121.6871975   348.750  0.121   13.351  0.376   2      2.950   0.433   1377    474     80.8556906    120.9245570   236200.0000000  998200.0000000  241400.0000000  962800.0000000  
38      1432    448     184     166     80.9651699    121.0629478   348.750  0.244   24.377  0.496   3      3.067   2.767   1616    614     81.2114553    118.5941882   236200.0000000  951800.0000000  269400.0000000  915000.0000000  
39      1512    448     182     182     81.1076113    120.8341739   348.750  0.227   23.035  0.502   3      3.033   3.033   1694    630     81.3402630    118.1384187   236200.0000000  935800.0000000  272600.0000000  899400.0000000  
40      1704    448     173     170     81.4489686    120.2539230   348.750  0.172   18.424  0.465   3      2.883   2.833   1877    618     81.6679403    117.6111952   236200.0000000  897400.0000000  270200.0000000  862800.0000000  
41      1736    448     173     176     81.5057868    120.1526658   348.750  0.166   17.108  0.315   2      2.883   2.933   1909    624     81.7206949    117.4161756   236200.0000000  891000.0000000  271400.0000000  856400.0000000  
42      1480    456     181     176     81.0470667    120.8350536   348.750  0.228   23.310  0.510   3      3.017   2.933   1661    632     81.2812005    118.2311587   237800.0000000  942200.0000000  273000.0000000  906000.0000000  
43      1576    456     178     195     81.2178261    120.5526126   348.750  0.169   16.960  0.372   2      2.967   3.250   1754    651     81.4342391    117.6761264   237800.0000000  923000.0000000  276800.0000000  887400.0000000  
44      1024    472     177     -42     80.2272162    121.8726382   348.750  0.168   14.799  0.326   2      2.950   -0.700  1201    430     80.5608143    121.8804976   241000.0000000  1033400.0000000  232600.0000000  998000.0000000  
45      1072    472     174     -26     80.3129040    121.7538655   348.750  0.149   15.109  0.399   3      2.900   -0.433  1246    446     80.6344236    121.5897507   241000.0000000  1023800.0000000  235800.0000000  989000.0000000  
46      1176    480     172     13      80.4950115    121.4027651   348.750  0.156   14.645  0.297   2      2.867   0.217   1348    493     80.7955730    120.7940783   242600.0000000  1003000.0000000  245200.0000000  968600.0000000  
47      1360    480     179     148     80.8227549    120.9051691   348.750  0.126   11.546  0.279   2      2.983   2.467   1539    628     81.0685910    118.6925118   242600.0000000  966200.0000000  272200.0000000  930400.0000000  
48      968     488     177     -48     80.1205735    121.8420520   348.750  0.187   20.445  0.375   3      2.950   -0.800  1145    440     80.4566195    121.9133678   244200.0000000  1044600.0000001  234600.0000000  1009200.0000000  
49      1432    488     175     165     80.9472073    120.6102056   348.750  0.232   22.320  0.488   3      2.917   2.750   1607    653     81.1751510    118.1769921   244200.0000000  951800.0000000  277200.0000000  916800.0000000  
50      1576    488     172     195     81.2029846    120.1806863   348.750  0.183   20.030  0.426   3      2.867   3.250   1748    683     81.4060601    117.3227335   244200.0000000  923000.0000000  283200.0000000  888600.0000000  
51      1072    504     167     -26     80.2992906    121.4149782   348.750  0.153   13.228  0.389   2      2.783   -0.433  1239    478     80.6081621    121.2581516   247400.0000000  1023800.0000000  242200.0000000  990400.0000000  
52      1008    512     169     -48     80.1817796    121.4929786   343.125  0.094   11.652  0.340   2      2.817   -0.800  1177    464     80.5036515    121.5730050   249000.0000000  1036600.0000001  239400.0000000  1002800.0000000  
53      1512    512     168     181     81.0781314    120.0998358   348.750  0.187   18.899  0.406   2      2.800   3.017   1680    693     81.2814970    117.4574128   249000.0000000  935800.0000000  285200.0000000  902200.0000000  
54      944     520     171     -53     80.0642709    121.5691253   348.750  0.269   26.576  0.533   3      2.850   -0.883  1115    467     80.3917527    121.6990973   250600.0000000  1049400.0000001  240000.0000000  1015200.0000000  
55      976     520     171     -47     80.1213145    121.4897239   348.750  0.186   19.917  0.459   3      2.850   -0.783  1147    473     80.4463008    121.5532536   250600.0000000  1043000.0000001  241200.0000000  1008800.0000000  
56      1760    520     160     175     81.5133645    119.2101362   348.750  0.093   9.375   0.221   1      2.667   2.917   1920    695     81.6995273    116.5127483   250600.0000000  886200.0000000  285600.0000000  854200.0000000  
57      1312    528     159     50      80.7156682    120.5087532   343.125  0.230   24.434  0.487   3      2.650   0.833   1471    578     80.9737304    119.4771412   252200.0000000  975800.0000000  262200.0000000  944000.0000000  
58      856     544     155     -87     79.8971826    121.5387977   348.750  0.192   19.230  0.364   2      2.583   -1.450  1011    457     80.2101978    122.0619437   255400.0000000  1067000.0000001  238000.0000000  1036000.0000001  
59      1392    544     164     156     80.8502045    120.0990542   348.750  0.175   17.246  0.459   3      2.733   2.600   1556    700     81.0603983    117.8199934   255400.0000000  959800.0000000  286600.0000000  927000.0000000  
60      976     552     164     -47     80.1074454    121.1578034   348.750  0.193   18.395  0.495   3      2.733   -0.783  1140    505     80.4200150    121.2282954   257000.0000000  1043000.0000001  247600.0000000  1010200.0000000  
61      1072    552     155     -27     80.2782397    120.9084645   343.125  0.131   13.119  0.334   2      2.583   -0.450  1227    525     80.5659724    120.7792297   257000.0000000  1023800.0000000  251600.0000000  992800.0000000  
62      1176    552     151     6       80.4630993    120.6282264   337.500  0.094   9.321   0.176   1      2.517   0.100   1327    558     80.7283438    120.1353218   257000.0000000  1003000.0000000  258200.0000000  972800.0000000  
63      1280    552     155     41      80.6477704    120.3368651   343.125  0.117   10.616  0.342   2      2.583   0.683   1435    593     80.9027018    119.4212258   257000.0000000  982200.0000000  265200.0000000  951200.0000000  
64      1448    568     157     166     80.9379246    119.6610977   348.750  0.113   11.436  0.408   3      2.617   2.767   1605    734     81.1274737    117.2612218   260200.0000000  948600.0000000  293400.0000000  917200.0000000  
65      864     576     148     -85     79.8976075    121.1942861   348.750  0.140   12.104  0.349   2      2.467   -1.417  1012    491     80.1978366    121.7027632   261800.0000000  1065400.0000001  244800.0000000  1035800.0000001  
66      904     576     146     -76     79.9687789    121.0938754   348.750  0.118   11.468  0.348   1      2.433   -1.267  1050    500     80.2617898    121.5131189   261800.0000000  1057400.0000001  246600.0000000  1028200.0000000  
67      1544    576     154     187     81.1037536    119.2681561   348.750  0.129   11.751  0.208   1      2.567   3.117   1698    763     81.2732605    116.5841817   261800.0000000  929400.0000000  299200.0000000  898600.0000000  
68      1576    576     155     188     81.1602800    119.1645263   348.750  0.105   11.088  0.248   1      2.583   3.133   1731    764     81.3301424    116.4456611   261800.0000000  923000.0000000  299400.0000000  892000.0000000  
69      1720    576     149     172     81.4143303    118.6812534   348.750  0.188   18.135  0.382   2      2.483   2.867   1869    748     81.5795794    116.0851850   261800.0000000  894200.0000000  296200.0000000  864400.0000000  
70      1088    584     145     -25     80.2921961    120.5286872   343.125  0.253   25.906  0.512   3      2.417   -0.417  1233    559     80.5611080    120.3941808   263400.0000000  1020600.0000000  258400.0000000  991600.0000000  
71      1152    584     142     0       80.4057853    120.3527457   343.125  0.151   15.210  0.398   2      2.367   0.000   1294    584     80.6575415    119.9470379   263400.0000000  1007800.0000000  263400.0000000  979400.0000000  
72      1752    584     149     173     81.4665442    118.4749858   348.750  0.147   15.609  0.382   2      2.483   2.883   1901    757     81.6297511    115.8468966   263400.0000000  887800.0000000  298000.0000000  858000.0000000  
73      816     592     146     -95     79.8051948    121.1520224   348.750  0.213   23.559  0.515   3      2.433   -1.583  962     497     80.1060989    121.7631446   265000.0000000  1075000.0000001  246000.0000000  1045800.0000001  
74      936     592     143     -70     80.0185700    120.8483702   348.750  0.167   15.120  0.341   2      2.383   -1.167  1079    522     80.3039504    121.2066345   265000.0000000  1051000.0000001  251000.0000000  1022400.0000000  
75      1056    592     144     -34     80.2317205    120.5313932   343.125  0.224   22.210  0.381   3      2.400   -0.567  1200    558     80.5029832    120.4974215   265000.0000000  1027000.0000000  258200.0000000  998200.0000000  
76      1608    592     151     193     81.2086688    118.8747872   348.750  0.153   15.273  0.366   3      2.517   3.217   1759    785     81.3664504    116.0932051   265000.0000000  916600.0000000  303600.0000000  886400.0000000  
77      1448    600     148     168     80.9222126    119.3022075   343.125  0.145   14.317  0.260   1      2.467   2.800   1596    768     81.0925567    116.9098862   266600.0000000  948600.0000000  300200.0000000  919000.0000000  
78      904     608     141     -76     79.9545223    120.7675825   348.750  0.138   14.496  0.275   2      2.350   -1.267  1045    532     80.2390368    121.1892777   268200.0000000  1057400.0000001  253000.0000000  1029200.0000001  
79      1872    616     145     206     81.6602711    117.6542847   348.750  0.203   21.000  0.459   3      2.417   3.433   2017    822     81.7898309    114.5674077   269800.0000000  863800.0000000  311000.0000000  834800.0000000  
80      1224    624     126     18      80.5144148    119.7195067   343.125  0.151   12.960  0.362   2      2.100   0.300   1350    642     80.7282109    119.1437450   271400.0000000  993400.0000000  275000.0000000  968200.0000000  
81      984     632     129     -55     80.0855209    120.3106135   348.750  0.087   8.003   0.264   1      2.150   -0.917  1113    577     80.3397898    120.5344834   273000.0000000  1041400.0000001  262000.0000000  1015600.0000000  
82      1080    632     130     -29     80.2556575    120.0469552   343.125  0.148   14.658  0.332   2      2.167   -0.483  1210    603     80.4996937    119.9855652   273000.0000000  1022200.0000000  267200.0000000  996200.0000000  
83      1448    632     138     167     80.9061475    118.9445764   343.125  0.205   19.987  0.497   3      2.300   2.783   1586    799     81.0573088    116.5986514   273000.0000000  948600.0000000  306400.0000000  921000.0000000  
84      1600    632     136     192     81.1739141    118.4416890   343.125  0.145   13.732  0.335   2      2.267   3.200   1736    824     81.3031254    115.7357371   273000.0000000  918200.0000000  311400.0000000  891000.0000000  
85      928     640     132     -70     79.9825090    120.3786828   348.750  0.121   11.330  0.244   1      2.200   -1.167  1060    570     80.2488281    120.7511329   274600.0000000  1052600.0000001  260600.0000000  1026200.0000000  
86      1536    640     133     184     81.0570998    118.5664885   343.125  0.122   10.793  0.338   2      2.217   3.067   1669    824     81.1869118    116.0005603   274600.0000000  931000.0000000  311400.0000000  904400.0000000  
87      1720    640     136     174     81.3805682    117.9287943   348.750  0.145   15.599  0.325   2      2.267   2.900   1856    814     81.5170219    115.3604109   274600.0000000  894200.0000000  309400.0000000  867000.0000000  
88      1152    648     122     -3      80.3754347    119.6737088   343.125  0.134   14.109  0.356   2      2.033   -0.050  1274    645     80.5925322    119.3443557   276200.0000000  1007800.0000000  275600.0000000  983400.0000000  
89      1184    648     121     6       80.4320185    119.5804055   343.125  0.218   23.736  0.582   3      2.017   0.100   1305    654     80.6427813    119.1522250   276200.0000000  1001400.0000000  277400.0000000  977200.0000000  
90      1776    648     137     174     81.4744454    117.6304591   348.750  0.128   11.097  0.272   1      2.283   2.900   1913    822     81.6105394    115.0244214   276200.0000000  883000.0000000  311000.0000000  855600.0000000  
91      1224    656     115     16      80.4987774    119.3765814   343.125  0.172   17.146  0.400   3      1.917   0.267   1339    672     80.6936384    118.8505002   277800.0000000  993400.0000000  281000.0000000  970400.0000000  
92      1000    664     121     -52     80.0988077    119.9374494   343.125  0.182   19.980  0.406   3      2.017   -0.867  1121    612     80.3377374    120.1424629   279400.0000000  1038200.0000001  269000.0000000  1014000.0000000  
93      1896    664     135     209     81.6754942    116.9822656   348.750  0.128   12.589  0.317   2      2.250   3.483   2031    873     81.7806518    113.8905349   279400.0000000  859000.0000000  321200.0000000  832000.0000000  
94      1296    680     105     28      80.6137827    118.8985862   337.500  0.116   11.979  0.410   2      1.750   0.467   1401    708     80.7840375    118.2568703   282600.0000000  979000.0000000  288200.0000000  958000.0000000  
95      1624    680     122     196     81.1904967    117.8082738   343.125  0.144   13.924  0.338   2      2.033   3.267   1746    876     81.2884253    115.1007697   282600.0000000  913400.0000000  321800.0000000  889000.0000000  
96      856     688     123     -90     79.8325021    120.0852951   343.125  0.192   19.697  0.396   3      2.050   -1.500  979     598     80.0922603    120.6744255   284200.0000000  1067000.0000001  266200.0000000  1042400.0000001  
97      2008    688     127     226     81.8568371    116.2369472   348.750  0.100   9.632   0.218   1      2.117   3.767   2135    914     81.9305773    112.8996460   284200.0000000  836600.0000000  329400.0000000  811200.0000000  
98      1520    704     113     180     80.9950943    117.8998569   343.125  0.112   11.408  0.253   1      1.883   3.000   1633    884     81.0881858    115.4673068   287400.0000000  934200.0000000  323400.0000000  911600.0000000  
99      1208    712     96      9       80.4424220    118.8285834   337.500  0.128   11.544  0.353   1      1.600   0.150   1304    721     80.6067121    118.4309928   289000.0000000  996600.0000000  290800.0000000  977400.0000000  
100     888     720     113     -83     79.8738158    119.6772509   343.125  0.180   18.497  0.475   3      1.883   -1.383  1001    637     80.1133259    120.2129737   290600.0000000  1060600.0000001  274000.0000000  1038000.0000001  
101     1176    720     95      -1      80.3819736    118.8420691   343.125  0.188   18.526  0.468   3      1.583   -0.017  1271    719     80.5497169    118.5575131   290600.0000000  1003000.0000000  290400.0000000  984000.0000000  
102     1968    720     121     222     81.7682806    116.0132890   348.750  0.133   13.537  0.292   2      2.017   3.700   2089    942     81.8328967    112.7879698   290600.0000000  844600.0000000  335000.0000000  820400.0000000  
103     1240    736     86      17      80.4863478    118.4739698   343.125  0.118   12.312  0.314   2      1.433   0.283   1326    753     80.6284074    118.0148618   293800.0000000  990200.0000000  297200.0000000  973000.0000000  
104     1344    736     82      41      80.6690760    118.1393047   343.125  0.101   10.420  0.242   1      1.367   0.683   1426    777     80.7905060    117.4169029   293800.0000000  969400.0000000  302000.0000000  953000.0000000  
105     1208    744     86      7       80.4259106    118.4897664   343.125  0.145   16.538  0.292   1      1.433   0.117   1294    751     80.5733173    118.1409518   295400.0000000  996600.0000000  296800.0000000  979400.0000000  
106     2032    760     111     232     81.8548411    115.2528505   348.750  0.146   13.600  0.284   2      1.850   3.867   2143    992     81.8890921    111.9193828   298600.0000000  831800.0000000  345000.0000000  809600.0000000  
107     712     768     96      -180    79.5396094    119.6794227   343.125  0.132   11.617  0.334   2      1.600   -3.000  808     588     79.7927115    121.2119623   300200.0000000  1095800.0000001  264200.0000000  1076600.0000001  
108     1336    768     71      36      80.6378595    117.8201793   343.125  0.197   19.924  0.410   3      1.183   0.600   1407    804     80.7422358    117.1888650   300200.0000000  971000.0000000  307400.0000000  956800.0000000  
109     1304    776     70      27      80.5774434    117.8404423   343.125  0.164   16.538  0.322   2      1.167   0.450   1374    803     80.6851335    117.3140432   301800.0000000  977400.0000000  307200.0000000  963400.0000000  
110     1200    800     68      5       80.3821956    117.9255095   343.125  0.186   18.628  0.433   2      1.133   0.083   1268    805     80.4986062    117.6506143   306600.0000000  998200.0000000  307600.0000000  984600.0000000  
111     1344    800     60      37      80.6343456    117.4489771   343.125  0.121   11.423  0.341   2      1.000   0.617   1404    837     80.7183068    116.8419792   306600.0000000  969400.0000000  314000.0000000  957400.0000000  
112     1472    800     63      160     80.8579823    117.0032513   348.750  0.120   11.970  0.376   2      1.050   2.667   1535    960     80.8717625    115.0178815   306600.0000000  943800.0000000  338600.0000000  931200.0000000  
113     2152    800     96      207     82.0362418    114.2157725   348.750  0.138   13.376  0.362   2      1.600   3.450   2248    1007    82.0551431    111.1886904   306600.0000000  807800.0000000  348000.0000000  788600.0000000  
114     1560    808     60      161     81.0068133    116.5947496   348.750  0.136   12.824  0.385   2      1.000   2.683   1620    969     81.0124552    114.5773156   308200.0000000  926200.0000000  340400.0000000  914200.0000000  
115     2152    832     90      208     82.0151846    113.8200380   348.750  0.112   10.027  0.236   1      1.500   3.467   2242    1040    82.0204080    110.8211393   313000.0000000  807800.0000000  354600.0000000  789800.0000000  
116     1128    840     60      -25     80.2344092    117.7407451   337.500  0.100   10.765  0.282   2      1.000   -0.417  1188    815     80.3530635    117.8071821   314600.0000000  1012600.0000000  309600.0000000  1000600.0000000  
117     1584    840     51      165     81.0297941    116.1481995   343.125  0.110   9.706   0.186   1      0.850   2.750   1635    1005    81.0149137    114.1193986   314600.0000000  921400.0000000  347600.0000000  911200.0000000  
118     2240    880     80      203     82.1328522    112.7922089   348.750  0.132   12.803  0.272   1      1.333   3.383   2320    1083    82.1177231    109.8673445   322600.0000000  790200.0000000  363200.0000000  774200.0000000  
119     2272    880     81      198     82.1872727    112.6286894   348.750  0.131   12.359  0.239   1      1.350   3.300   2353    1078    82.1765167    109.7392337   322600.0000000  783800.0000000  362200.0000000  767600.0000000  
120     1408    888     28      51      80.6956723    116.2780365   337.500  0.239   23.892  0.521   3      0.467   0.850   1436    939     80.7136939    115.6268030   324200.0000000  956600.0000000  334400.0000000  951000.0000000  
121     856     896     60      -156    79.7277785    118.0203641   343.125  0.187   18.457  0.445   3      1.000   -2.600  916     740     79.9134978    119.3980499   325800.0000000  1067000.0000001  294600.0000000  1055000.0000001  
122     1264    896     31      21      80.4405388    116.7047115   343.125  0.139   13.413  0.344   2      0.517   0.350   1295    917     80.4822727    116.3756791   325800.0000000  985400.0000000  330000.0000000  979200.0000000  
123     1416    920     16      51      80.6905327    115.9052716   337.500  0.164   17.516  0.296   3      0.267   0.850   1432    971     80.6871454    115.2996659   330600.0000000  955000.0000000  340800.0000000  951800.0000000  
124     856     928     50      -157    79.7105046    117.7065346   343.125  0.116   11.711  0.342   1      0.833   -2.617  906     771     79.8804462    119.1147601   332200.0000000  1067000.0000001  300800.0000000  1057000.0000001  
125     1032    928     35      -39     80.0179694    117.1534339   343.125  0.121   12.734  0.345   2      0.583   -0.650  1067    889     80.1008248    117.4348391   332200.0000000  1031800.0000001  324400.0000000  1024800.0000001  
126     1480    928     8       75      80.7965432    115.5784163   337.500  0.196   18.440  0.440   3      0.133   1.250   1488    1003    80.7636429    114.7395808   332200.0000000  942200.0000000  347200.0000000  940600.0000000  
127     1064    936     30      -28     80.0692547    116.9682993   337.500  0.114   9.131   0.297   1      0.500   -0.467  1094    908     80.1373820    117.1538248   333800.0000000  1025400.0000001  328200.0000000  1019400.0000001  
128     1352    936     14      30      80.5699811    115.9703801   343.125  0.104   8.229   0.255   1      0.233   0.500   1366    966     80.5761208    115.6015923   333800.0000000  967800.0000000  339800.0000000  965000.0000000  
129     2304    968     56      200     82.1782049    111.3652096   343.125  0.083   8.670   0.168   1      0.933   3.333   2360    1168    82.1160329    108.6086990   340200.0000000  777400.0000000  380200.0000000  766200.0000000  
130     824     976     39      -176    79.6281808    117.3370981   343.125  0.081   9.308   0.359   2      0.650   -2.933  863     800     79.7900768    118.9481382   341800.0000000  1073400.0000001  306600.0000000  1065600.0000001  
131     1232    984     -20     8       80.3332210    115.9021430   337.500  0.114   9.956   0.315   1      -0.333  0.133   1212    992     80.2937674    115.8910952   343400.0000000  991800.0000000  345000.0000000  995800.0000000  
132     1088    992     -8      -21     80.0786856    116.3228725   337.500  0.092   10.365  0.216   1      -0.133  -0.350  1080    971     80.0770348    116.5616882   345000.0000000  1020600.0000001  340800.0000000  1022200.0000001  
133     1200    1000    -24     -1      80.2681732    115.8517203   337.500  0.088   10.330  0.312   2      -0.400  -0.017  1176    999     80.2271929    115.9469351   346600.0000000  998200.0000000  346400.0000000  1003000.0000000  
134     1312    1000    -24     20      80.4619516    115.4451786   337.500  0.083   10.507  0.383   1      -0.400  0.333   1288    1020    80.4081785    115.3261909   346600.0000000  975800.0000000  350600.0000000  980600.0000000  
135     1120    1016    -25     -10     80.1199803    115.9705638   343.125  0.182   16.332  0.316   2      -0.417  -0.167  1095    1006    80.0825821    116.1578936   349800.0000000  1014200.0000001  347800.0000000  1019200.0000001  
136     1032    1032    -23     -37     79.9579071    116.1131277   337.500  0.202   20.346  0.520   3      -0.383  -0.617  1009    995     79.9396727    116.5584174   353000.0000000  1031800.0000001  345600.0000000  1036400.0000001  
137     1128    1056    -35     -13     80.1096572    115.5392498   337.500  0.190   17.716  0.361   2      -0.583  -0.217  1093    1043    80.0570087    115.7930985   357800.0000000  1012600.0000001  355200.0000000  1019600.0000001  
138     984     1064    -32     -56     79.8556627    115.9598134   337.500  0.149   13.879  0.438   3      -0.533  -0.933  952     1008    79.8330437    116.6175619   359400.0000000  1041400.0000001  348200.0000000  1047800.0000001  
139     1032    1064    -35     -39     79.9387699    115.7955814   337.500  0.242   25.489  0.534   3      -0.583  -0.650  997     1025    79.9013180    116.3007127   359400.0000000  1031800.0000001  351600.0000000  1038800.0000001  
140     1400    1072    -67     50      80.5681494    114.3561964   331.875  0.141   15.938  0.321   2      -1.117  0.833   1333    1122    80.4207301    114.1009244   361000.0000000  958200.0000000  371000.0000000  971600.0000000  
141     1088    1088    -48     -23     80.0209377    115.3611139   337.500  0.082   8.435   0.262   1      -0.800  -0.383  1040    1065    79.9520102    115.7580282   364200.0000000  1020600.0000001  359600.0000000  1030200.0000001  
142     1648    1096    -84     170     80.9761718    113.0704122   331.875  0.133   12.950  0.301   2      -1.400  2.833   1564    1266    80.7137811    111.6342363   365800.0000000  908600.0000000  399800.0000000  925400.0000000  
143     1688    1096    -85     183     81.0442324    112.8943060   331.875  0.127   13.251  0.288   2      -1.417  3.050   1603    1279    80.7698700    111.3208523   365800.0000000  900600.0000000  402400.0000000  917600.0000000  
144     1288    1128    -86     25      80.3396944    114.2150644   337.500  0.163   13.454  0.408   3      -1.433  0.417   1202    1153    80.1760029    114.2918202   372200.0000000  980600.0000000  377200.0000000  997800.0000000  
145     2080    1160    -123    205     81.6581993    110.2752577   348.750  0.101   10.866  0.237   1      -2.050  3.417   1957    1365    81.2920276    108.6410088   378600.0000000  822200.0000000  419600.0000000  846800.0000000  
146     2448    1168    -64     200     82.2605875    108.0748331   343.125  0.161   15.099  0.301   2      -1.067  3.333   2384    1368    81.9845490    106.1066550   380200.0000000  748600.0000000  420200.0000000  761400.0000000  
147     1728    1176    -124    195     81.0554934    111.8417062   337.500  0.152   11.185  0.193   1      -2.067  3.250   1604    1371    80.7024580    110.3596635   381800.0000000  892600.0000000  420800.0000000  917400.0000000  
148     864     1200    -76     -187    79.5652764    115.0557650   343.125  0.115   11.310  0.276   2      -1.267  -3.117  788     1013    79.5446913    117.0915640   386600.0000000  1065400.0000001  349200.0000000  1080600.0000001  
149     952     1200    -80     -157    79.7166600    114.7477777   337.500  0.114   10.373  0.212   1      -1.333  -2.617  872     1043    79.6737206    116.5359719   386600.0000000  1047800.0000001  355200.0000000  1063800.0000001  
150     2440    1200    -72     197     82.2207058    107.7366247   343.125  0.140   14.665  0.385   2      -1.200  3.283   2368    1397    81.9329945    105.8754564   386600.0000000  750200.0000000  426000.0000000  764600.0000000  
151     2096    1208    -133    208     81.6475046    109.6393910   348.750  0.141   15.651  0.351   2      -2.217  3.467   1963    1416    81.2598717    108.0567644   388200.0000000  819000.0000000  429800.0000000  845600.0000000  
152     2504    1216    -79     213     82.3113907    107.1384406   348.750  0.123   11.841  0.260   1      -1.317  3.550   2425    1429    81.9952164    105.1405600   389800.0000000  737400.0000000  432400.0000000  753200.0000000  
153     1984    1224    -134    193     81.4488166    110.0532305   348.750  0.130   11.509  0.241   1      -2.233  3.217   1850    1417    81.0736374    108.6518170   391400.0000000  841400.0000000  430000.0000000  868200.0000000  
154     1368    1232    -168    33      80.4063938    112.8328995   331.875  0.126   11.581  0.302   2      -2.800  0.550   1200    1265    80.0981266    113.1827580   393000.0000000  964600.0000000  399600.0000000  998200.0000001  
155     1400    1240    -175    47      80.4551389    112.6174590   331.875  0.166   18.336  0.392   2      -2.917  0.783   1225    1287    80.1255326    112.8651793   394600.0000000  958200.0000000  404000.0000000  993200.0000001  
156     1512    1240    -194    58      80.6447671    112.1362434   343.125  0.081   7.308   0.214   1      -3.233  0.967   1318    1298    80.2755123    112.3742912   394600.0000000  935800.0000000  406200.0000000  974600.0000000  
157     2104    1240    -140    209     81.6353956    109.2310644   348.750  0.231   22.360  0.491   3      -2.333  3.483   1964    1449    81.2338843    107.6969752   394600.0000000  817400.0000000  436400.0000000  845400.0000000  
158     2320    1240    -98     206     81.9909076    107.9926330   348.750  0.110   10.567  0.294   1      -1.633  3.433   2222    1446    81.6547032    106.2330032   394600.0000000  774200.0000000  435800.0000000  793800.0000000  
159     2376    1240    -81     214     82.0824583    107.6533929   348.750  0.170   15.726  0.386   2      -1.350  3.567   2295    1454    81.7648162    105.6925433   394600.0000000  763000.0000000  437400.0000000  779200.0000000  
160     2504    1248    -86     211     82.2837242    106.7511644   348.750  0.143   14.348  0.353   2      -1.433  3.517   2418    1459    81.9565075    104.8446952   396200.0000000  737400.0000000  438400.0000000  754600.0000000  
161     1344    1272    -184    18      80.3378232    112.5271784   331.875  0.162   15.594  0.256   1      -3.067  0.300   1160    1290    80.0130184    113.0945984   401000.0000000  969400.0000000  404600.0000000  1006200.0000001  
162     1440    1272    -194    62      80.5002683    112.1194567   331.875  0.106   8.613   0.197   1      -3.233  1.033   1246    1334    80.1282757    112.3151711   401000.0000000  950200.0000000  413400.0000000  989000.0000000  
163     1560    1280    -213    68      80.6968348    111.5064109   343.125  0.150   11.079  0.332   2      -3.550  1.133   1347    1348    80.2887526    111.7514642   402600.0000000  926200.0000000  416200.0000000  968800.0000000  
164     1592    1280    -215    78      80.7506477    111.3608197   337.500  0.206   19.030  0.405   3      -3.583  1.300   1377    1358    80.3319794    111.5218921   402600.0000000  919800.0000000  418200.0000000  962800.0000000  
165     2288    1280    -133    175     81.9050489    107.7172574   354.375  0.129   13.269  0.344   2      -2.217  2.917   2155    1455    81.5387552    106.5369528   402600.0000000  780600.0000000  437600.0000000  807200.0000000  
166     896     1288    -121    -181    79.5639759    114.1091031   337.500  0.133   12.450  0.281   1      -2.017  -3.017  775     1107    79.4679303    116.2356231   404200.0000000  1059000.0000001  368000.0000000  1083200.0000001  
167     2000    1288    -146    195     81.4250586    109.2555282   348.750  0.262   27.162  0.544   3      -2.433  3.250   1854    1483    81.0257519    107.9351361   404200.0000000  838200.0000000  443200.0000000  867400.0000000  
168     2400    1288    -94     217     82.0804971    106.9377118   348.750  0.164   17.390  0.262   1      -1.567  3.617   2306    1505    81.7360668    105.0553998   404200.0000000  758200.0000000  447600.0000000  777000.0000000  
169     1136    1304    -192    -22     79.9626326    113.0521741   331.875  0.184   17.411  0.453   3      -3.200  -0.367  944     1282    79.6500157    113.9917641   407400.0000000  1011000.0000001  403000.0000000  1049400.0000001  
170     1184    1304    -197    -1      80.0441765    112.8620119   331.875  0.128   13.064  0.323   2      -3.283  -0.017  987     1303    79.7095594    113.6326988   407400.0000000  1001400.0000001  407200.0000000  1040800.0000001  
171     2032    1304    -150    201     81.4650689    108.9052561   348.750  0.178   17.396  0.365   2      -2.500  3.350   1882    1505    81.0529461    107.5536260   407400.0000000  831800.0000000  447600.0000000  861800.0000000  
172     2064    1304    -150    205     81.5178072    108.7300270   348.750  0.109   9.713   0.217   1      -2.500  3.417   1914    1509    81.1016241    107.3365074   407400.0000000  825400.0000000  448400.0000000  855400.0000000  
173     2432    1304    -96     224     82.1183779    106.5467608   348.750  0.115   10.410  0.215   1      -1.600  3.733   2336    1528    81.7624808    104.6079070   407400.0000000  751800.0000000  452200.0000000  771000.0000000  
174     1248    1312    -206    25      80.1471466    112.5243196   337.500  0.113   9.392   0.195   2      -3.433  0.417   1042    1337    79.7802617    113.0988958   409000.0000000  988600.0000001  414000.0000000  1029800.0000001  
175     2328    1312    -137    179     81.9429590    107.1040919   354.375  0.230   23.588  0.514   3      -2.283  2.983   2191    1491    81.5648923    105.9259406   409000.0000000  772600.0000000  444800.0000000  800000.0000000  
176     888     1320    -132    -186    79.5292694    113.8366184   337.500  0.127   11.889  0.300   1      -2.200  -3.100  756     1134    79.4190205    116.0416726   410600.0000000  1060600.0000001  373400.0000000  1087000.0000001  
177     1728    1320    -236    117     80.9482801    110.2973579   337.500  0.152   15.267  0.373   3      -3.933  1.950   1492    1437    80.4652161    110.2124890   410600.0000000  892600.0000000  434000.0000000  939800.0000000  
178     2376    1320    -100    212     82.0138509    106.7135758   348.750  0.161   17.858  0.305   2      -1.667  3.533   2276    1532    81.6635422    104.9487271   410600.0000000  763000.0000000  453000.0000000  783000.0000000  
179     1176    1336    -210    -8      80.0083726    112.5808015   331.875  0.148   13.151  0.363   1      -3.500  -0.133  966     1328    79.6570070    113.4732566   413800.0000000  1003000.0000001  412200.0000000  1045000.0000001  
180     2416    1336    -104    219     82.0644151    106.2737571   348.750  0.177   17.458  0.392   3      -1.733  3.650   2312    1555    81.6993315    104.4660792   413800.0000000  755000.0000000  457600.0000000  775800.0000000  
181     960     1344    -145    -165    79.6360020    113.3441501   343.125  0.097   9.158   0.369   2      -2.417  -2.750  815     1179    79.4938215    115.4218282   415400.0000000  1046200.0000001  382400.0000000  1075200.0000001  
182     1632    1344    -239    82      80.7697744    110.5068269   337.500  0.125   11.944  0.370   2      -3.983  1.367   1393    1426    80.3083900    110.7732478   415400.0000000  911800.0000000  431800.0000000  959600.0000000  
183     2560    1344    -64     131     82.2881701    105.2296350   0.000   0.235   24.164  0.553   3      -1.067  2.183   2496    1475    82.0650762    104.1389690   415400.0000000  726200.0000000  441600.0000000  739000.0000000  
184     2592    1344    -55     136     82.3391760    105.0105515   0.000   0.145   14.269  0.379   2      -0.917  2.267   2537    1480    82.1249072    103.7993238   415400.0000000  719800.0000000  442600.0000000  730800.0000000  
185     2272    1352    -142    180     81.8176192    106.9859743   354.375  0.187   18.654  0.348   2      -2.367  3.000   2130    1532    81.4303836    105.8496517   417000.0000000  783800.0000000  453000.0000000  812200.0000000  
186     2304    1352    -141    183     81.8694769    106.7907400   354.375  0.153   14.058  0.333   2      -2.350  3.050   2163    1535    81.4805570    105.6179400   417000.0000000  777400.0000000  453600.0000000  805600.0000000  
187     1664    1360    -246    92      80.8108918    110.1871485   337.500  0.151   14.691  0.338   2      -4.100  1.533   1418    1452    80.3304289    110.4024812   418600.0000000  905400.0000000  437000.0000000  954600.0000000  
188     1712    1360    -249    109     80.8907645    109.9537011   337.500  0.155   16.771  0.427   3      -4.150  1.817   1463    1469    80.3922780    110.0269076   418600.0000000  895800.0000000  440400.0000000  945600.0000000  
189     1968    1360    -159    188     81.3142005    108.6361003   348.750  0.123   11.671  0.325   2      -2.650  3.133   1809    1548    80.8976720    107.5012840   418600.0000000  844600.0000000  456200.0000000  876400.0000000  
190     1208    1368    -231    3       80.0399267    112.1380795   331.875  0.145   13.983  0.323   1      -3.850  0.050   977     1371    79.6465326    113.0244973   420200.0000000  996600.0000001  420800.0000000  1042800.0000001  
191     2120    1376    -164    214     81.5499077    107.6133800   348.750  0.113   10.560  0.197   1      -2.733  3.567   1956    1590    81.0992941    106.2541657   421800.0000000  814200.0000000  464600.0000000  847000.0000000  
192     2560    1376    -64     131     82.2587942    104.8506209   0.000   0.226   22.920  0.384   2      -1.067  2.183   2496    1507    82.0347499    103.7747246   421800.0000000  726200.0000000  448000.0000000  739000.0000000  
193     2592    1376    -64     131     82.3096031    104.6298632   0.000   0.265   27.962  0.465   3      -1.067  2.183   2528    1507    82.0849801    103.5533546   421800.0000000  719800.0000000  448000.0000000  732600.0000000  
194     2288    1384    -145    181     81.8156925    106.5244506   354.375  0.163   15.855  0.370   2      -2.417  3.017   2143    1565    81.4214706    105.4169535   423400.0000000  780600.0000000  459600.0000000  809600.0000000  
195     2320    1392    -146    184     81.8602615    106.2352498   354.375  0.104   8.882   0.273   1      -2.433  3.067   2174    1576    81.4608824    105.1094063   425000.0000000  774200.0000000  461800.0000000  803400.0000000  
196     2352    1400    -148    181     81.9046238    105.9428616   354.375  0.193   16.019  0.417   3      -2.467  3.017   2204    1581    81.5039980    104.8697096   426600.0000000  767800.0000000  462800.0000000  797400.0000000  
197     1904    1408    -273    95      81.1697481    108.4616851   348.750  0.156   14.793  0.378   2      -4.550  1.583   1631    1503    80.6434078    108.8789368   428200.0000000  857400.0000000  447200.0000000  912000.0000000  
198     2592    1408    -64     131     82.2796952    104.2521165   0.000   0.232   22.808  0.476   3      -1.067  2.183   2528    1539    82.0541403    103.1904677   428200.0000000  719800.0000000  454400.0000000  732600.0000000  
199     2624    1408    -64     131     82.3301917    104.0267957   0.000   0.126   12.271  0.258   1      -1.067  2.183   2560    1539    82.1040560    102.9648402   428200.0000000  713400.0000000  454400.0000000  726200.0000000  
200     1728    1416    -270    111     80.8732470    109.2885023   337.500  0.184   19.051  0.377   2      -4.500  1.850   1458    1527    80.3386177    109.4755986   429800.0000000  892600.0000000  452000.0000000  946600.0000000  
201     1776    1416    -272    128     80.9525310    109.0455101   337.500  0.184   19.574  0.421   3      -4.533  2.133   1504    1544    80.4010880    109.0889706   429800.0000000  883000.0000000  455400.0000000  937400.0000000  
202     2160    1416    -172    217     81.5807620    106.9371045   354.375  0.127   12.250  0.295   1      -2.867  3.617   1988    1633    81.1122982    105.6234805   429800.0000000  806200.0000000  473200.0000000  840600.0000000  
203     1688    1424    -270    96      80.8007287    109.4049271   337.500  0.161   12.216  0.323   1      -4.500  1.600   1418    1520    80.2778659    109.7312759   431400.0000000  900600.0000000  450600.0000000  954600.0000000  
204     1272    1432    -272    24      80.1012467    111.2442603   331.875  0.144   14.316  0.362   2      -4.533  0.400   1000    1456    79.6260945    112.1352661   433000.0000000  983800.0000001  437800.0000000  1038200.0000001  
205     2448    1432    -155    174     82.0290850    104.9543519   0.000   0.138   12.933  0.302   2      -2.583  2.900   2293    1606    81.6214385    104.0340819   433000.0000000  748600.0000000  467800.0000000  779600.0000000  
206     2544    1432    -68     131     82.1813107    104.3049965   0.000   0.143   14.037  0.280   1      -1.133  2.183   2476    1563    81.9496783    103.2824839   433000.0000000  729400.0000000  459200.0000000  743000.0000000  
207     1896    1440    -282    92      81.1302441    108.1634573   343.125  0.082   8.063   0.265   1      -4.700  1.533   1614    1532    80.5919249    108.6707739   434600.0000000  859000.0000000  453000.0000000  915400.0000000  
208     2256    1440    -153    176     81.7147301    106.0914825   354.375  0.166   15.505  0.319   2      -2.550  2.933   2103    1616    81.3112468    105.1179540   434600.0000000  787000.0000000  469800.0000000  817600.0000000  
209     2632    1440    -64     131     82.3123076    103.5932315   0.000   0.121   11.791  0.271   1      -1.067  2.183   2568    1571    82.0851137    102.5462070   434600.0000000  711800.0000000  460800.0000000  724600.0000000  
210     2408    1448    -155    173     81.9507284    105.0354087   0.000   0.142   13.898  0.270   1      -2.583  2.883   2253    1621    81.5442537    104.1304799   436200.0000000  756600.0000000  470800.0000000  787600.0000000  
211     2600    1448    -65     131     82.2544179    103.7275256   0.000   0.158   16.263  0.367   2      -1.083  2.183   2535    1579    82.0260243    102.6913485   436200.0000000  718200.0000000  462400.0000000  731200.0000000  
212     1728    1456    -284    109     80.8411635    108.8730996   337.500  0.133   17.280  0.352   2      -4.733  1.817   1444    1565    80.2852899    109.1685979   437800.0000000  892600.0000000  459600.0000000  949400.0000000  
213     1256    1464    -286    13      80.0506864    111.0019724   331.875  0.149   15.407  0.413   3      -4.767  0.217   970     1477    79.5605064    112.0575183   439400.0000000  987000.0000001  442000.0000000  1044200.0000001  
214     2328    1464    -155    183     81.8085621    105.3718562   354.375  0.114   11.755  0.264   1      -2.583  3.050   2173    1647    81.3935824    104.3602778   439400.0000000  772600.0000000  476000.0000000  803600.0000000  
215     2448    1472    -157    174     81.9920276    104.4976760   0.000   0.178   16.969  0.340   2      -2.617  2.900   2291    1646    81.5802636    103.6168089   441000.0000000  748600.0000000  475800.0000000  780000.0000000  
216     2016    1480    -295    116     81.2920987    107.0737319   343.125  0.158   15.343  0.346   3      -4.917  1.933   1721    1596    80.7137791    107.4791757   442600.0000000  835000.0000000  465800.0000000  894000.0000000  
217     2408    1480    -157    173     81.9211988    104.6729865   0.000   0.116   10.256  0.216   1      -2.617  2.883   2251    1653    81.5108072    103.8015834   442600.0000000  756600.0000000  477200.0000000  788000.0000000  
218     2600    1480    -66     130     82.2237207    103.3560133   0.000   0.167   18.568  0.367   2      -1.100  2.167   2534    1610    81.9938840    102.3527564   442600.0000000  718200.0000000  468600.0000000  731400.0000000  
219     2568    1504    -67     130     82.1505022    103.3069883   0.000   0.158   16.432  0.311   2      -1.117  2.167   2501    1634    81.9190335    102.3213133   447400.0000000  724600.0000000  473400.0000000  738000.0000000  
220     1440    1512    -307    46      80.3206057    109.7077622   337.500  0.128   12.806  0.385   3      -5.117  0.767   1133    1558    79.7744950    110.6320490   449000.0000000  950200.0000000  458200.0000000  1011600.0000001  
221     1488    1512    -308    63      80.4001139    109.4822960   337.500  0.123   11.924  0.401   2      -5.133  1.050   1180    1575    79.8398861    110.2698309   449000.0000000  940600.0000000  461600.0000000  1002200.0000001  
222     2088    1520    -307    121     81.3735732    106.2283533   348.750  0.092   9.698   0.255   1      -5.117  2.017   1781    1641    80.7724179    106.7054427   450600.0000000  820600.0000000  474800.0000000  882000.0000000  
223     2440    1520    -159    173     81.9343002    104.0092955   0.000   0.143   15.193  0.297   1      -2.650  2.883   2281    1693    81.5193879    103.1820384   450600.0000000  750200.0000000  485200.0000000  782000.0000000  
224     2040    1528    -308    119     81.2891990    106.4233991   348.750  0.200   21.606  0.527   3      -5.133  1.983   1732    1647    80.6879831    106.9088423   452200.0000000  830200.0000000  476000.0000000  891800.0000000  
225     2408    1544    -162    174     81.8611869    103.9561282   0.000   0.160   15.495  0.332   2      -2.700  2.900   2246    1718    81.4405629    103.1476144   455400.0000000  756600.0000000  490200.0000000  789000.0000000  
226     1488    1552    -328    59      80.3682860    109.0867331   331.875  0.133   12.399  0.348   2      -5.467  0.983   1160    1611    79.7789089    110.0186541   457000.0000000  940600.0000000  468800.0000000  1006200.0000001  
227     2040    1560    -315    118     81.2609431    106.0838706   348.750  0.152   15.274  0.271   1      -5.250  1.967   1725    1678    80.6497707    106.6373111   458600.0000000  830200.0000000  482200.0000000  893200.0000000  
228     2440    1568    -161    173     81.8885341    103.4735312   0.000   0.174   17.346  0.375   2      -2.683  2.883   2279    1741    81.4694777    102.6902038   460200.0000000  750200.0000000  494800.0000000  782400.0000000  
229     1248    2216    1       -1      79.4023151    104.1796448   0.000   0.090   13.405  0.262   1      0.017   -0.017  1249    2215    79.4048258    104.1830941   589800.0000000  988600.0000001  589600.0000000  988400.0000001  
230     936     2248    0       0       78.8792212    105.4350901   0.000   0.187   19.537  0.429   3      0.000   0.000   936     2248    78.8792212    105.4350901   596200.0000001  1051000.0000001  596200.0000001  1051000.0000001  
231     1248    2256    0       0       79.3646020    103.8389190   0.000   0.313   33.497  0.506   3      0.000   0.000   1248    2256    79.3646020    103.8389190   597800.0000000  988600.0000001  597800.0000000  988600.0000001  
232     1192    2264    0       0       79.2692094    104.0564738   0.000   0.212   19.572  0.201   1      0.000   0.000   1192    2264    79.2692094    104.0564738   599400.0000001  999800.0000001  599400.0000001  999800.0000001  
233     1128    2280    0       0       79.1536085    104.2430504   0.000   0.363   36.503  0.489   3      0.000   0.000   1128    2280    79.1536085    104.2430504   602600.0000001  1012600.0000001  602600.0000001  1012600.0000001  
234     984     2288    0       0       78.9189797    104.8785277   0.000   0.290   29.972  0.424   3      0.000   0.000   984     2288    78.9189797    104.8785277   604200.0000001  1041400.0000001  604200.0000001  1041400.0000001  
235     1016    2288    0       0       78.9695872    104.7249798   0.000   0.360   38.976  0.598   3      0.000   0.000   1016    2288    78.9695872    104.7249798   604200.0000001  1035000.0000001  604200.0000001  1035000.0000001  
236     1048    2288    0       0       79.0201194    104.5700089   0.000   0.407   44.677  0.695   3      0.000   0.000   1048    2288    79.0201194    104.5700089   604200.0000001  1028600.0000001  604200.0000001  1028600.0000001  
237     1160    2288    0       0       79.1963720    104.0161503   0.000   0.358   39.247  0.584   3      0.000   0.000   1160    2288    79.1963720    104.0161503   604200.0000001  1006200.0000001  604200.0000001  1006200.0000001  
238     1080    2296    0       0       79.0631177    104.3471811   0.000   0.415   44.268  0.635   3      0.000   0.000   1080    2296    79.0631177    104.3471811   605800.0000001  1022200.0000001  605800.0000001  1022200.0000001  
239     1256    2296    0       0       79.3390061    103.4592662   0.000   0.342   37.324  0.611   3      0.000   0.000   1256    2296    79.3390061    103.4592662   605800.0000000  987000.0000001  605800.0000000  987000.0000001  
240     1288    2296    0       0       79.3888985    103.2928485   0.000   0.284   30.414  0.572   3      0.000   0.000   1288    2296    79.3888985    103.2928485   605800.0000000  980600.0000001  605800.0000000  980600.0000001  
241     1224    2320    0       0       79.2660864    103.4227568   0.000   0.294   31.769  0.460   3      0.000   0.000   1224    2320    79.2660864    103.4227568   610600.0000001  993400.0000001  610600.0000001  993400.0000001  
242     1200    2352    0       0       79.1979468    103.2792664   0.000   0.519   58.741  0.826   3      0.000   0.000   1200    2352    79.1979468    103.2792664   617000.0000001  998200.0000001  617000.0000001  998200.0000001  
243     1184    2384    0       0       79.1421818    103.0965610   0.000   0.311   33.265  0.314   2      0.000   0.000   1184    2384    79.1421818    103.0965610   623400.0000001  1001400.0000001  623400.0000001  1001400.0000001  
244     1520    2488    0       0       79.5524103    100.4108645   0.000   0.269   26.726  0.310   2      0.000   0.000   1520    2488    79.5524103    100.4108645   644200.0000000  934200.0000001  644200.0000000  934200.0000001  
245     1472    2536    0       0       79.4301141    100.2884344   0.000   0.479   53.486  0.731   3      0.000   0.000   1472    2536    79.4301141    100.2884344   653800.0000001  943800.0000001  653800.0000001  943800.0000001  
246     1504    2544    0       0       79.4698447    100.0399891   0.000   0.499   58.854  0.703   3      0.000   0.000   1504    2544    79.4698447    100.0399891   655400.0000000  937400.0000001  655400.0000000  937400.0000001  
247     1344    2568    0       0       79.2037662    100.7435782   0.000   0.172   17.578  0.294   1      0.000   0.000   1344    2568    79.2037662    100.7435782   660200.0000001  969400.0000001  660200.0000001  969400.0000001  
248     1464    2568    0       0       79.3846292    100.0722958   0.000   0.465   53.741  0.746   3      0.000   0.000   1464    2568    79.3846292    100.0722958   660200.0000001  945400.0000001  660200.0000001  945400.0000001  
249     1432    2592    0       0       79.3114316    100.0589166   0.000   0.431   48.585  0.745   3      0.000   0.000   1432    2592    79.3114316    100.0589166   665000.0000001  951800.0000001  665000.0000001  951800.0000001  
250     1416    2624    0       0       79.2538196    99.8913764    0.000   0.577   70.924  0.881   3      0.000   0.000   1416    2624    79.2538196    99.8913764    671400.0000001  955000.0000001  671400.0000001  955000.0000001  
