CP      startX  startY  dispX   dispY   sLat          sLon          theta   pCorr   pkStr   cCorr   conf   velX    velY    endX    endY    eLat          eLon          nps_startX    nps_startY    nps_endX      nps_endY      
0       888     192     0       0       80.2840567    99.6466823    0.000   0.247   24.522  0.393   2      0.000   0.000   888     192     80.2840567    99.6466823    610400.0000000  860400.0000000  610400.0000000  860400.0000000  
1       1128    192     0       0       80.6395704    98.0804839    0.000   0.235   24.531  0.304   2      0.000   0.000   1128    192     80.6395704    98.0804839    610400.0000000  812400.0000000  610400.0000000  812400.0000000  
2       840     216     0       0       80.1868088    99.7348595    0.000   0.161   15.918  0.328   2      0.000   0.000   840     216     80.1868088    99.7348595    615200.0000000  870000.0000000  615200.0000000  870000.0000000  
3       1104    224     0       0       80.5690906    97.9555025    0.000   0.189   18.220  0.539   3      0.000   0.000   1104    224     80.5690906    97.9555025    616800.0000000  817200.0000000  616800.0000000  817200.0000000  
4       904     232     0       0       80.2652429    99.1926199    0.000   0.335   35.662  0.567   3      0.000   0.000   904     232     80.2652429    99.1926199    618400.0000000  857200.0000000  618400.0000000  857200.0000000  
5       1032    240     0       0       80.4458425    98.2936021    0.000   0.144   13.434  0.254   1      0.000   0.000   1032    240     80.4458425    98.2936021    620000.0000000  831600.0000000  620000.0000000  831600.0000000  
6       960     256     0       0       80.3222931    98.6230415    0.000   0.214   21.065  0.402   3      0.000   0.000   960     256     80.3222931    98.6230415    623200.0000000  846000.0000000  623200.0000000  846000.0000000  
7       888     272     0       0       80.1984549    98.9441283    0.000   0.348   36.702  0.450   3      0.000   0.000   888     272     80.1984549    98.9441283    626400.0000000  860400.0000000  626400.0000000  860400.0000000  
8       1008    272     0       0       80.3754583    98.1695804    0.000   0.215   21.029  0.386   2      0.000   0.000   1008    272     80.3754583    98.1695804    626400.0000000  836400.0000000  626400.0000000  836400.0000000  
9       1120    272     1       0       80.5390640    97.4205243    0.000   0.448   49.151  0.717   3      0.200   0.000   1121    272     80.5405175    97.4137193    626400.0000000  814000.0000000  626400.0000000  813800.0000000  
10      856     288     0       0       80.1337589    99.0072284    0.000   0.394   43.189  0.556   3      0.000   0.000   856     288     80.1337589    99.0072284    629600.0000000  866800.0000000  629600.0000000  866800.0000000  
11      960     288     0       0       80.2873777    98.3430807    0.000   0.458   51.267  0.758   3      0.000   0.000   960     288     80.2873777    98.3430807    629600.0000000  846000.0000000  629600.0000000  846000.0000000  
12      1080    288     1       0       80.4630012    97.5501695    0.000   0.382   41.396  0.696   3      0.200   0.000   1081    288     80.4644571    97.5434389    629600.0000000  822000.0000000  629600.0000000  821800.0000000  
13      888     312     0       0       80.1551151    98.5974801    0.000   0.483   53.052  0.564   3      0.000   0.000   888     312     80.1551151    98.5974801    634400.0000000  860400.0000000  634400.0000000  860400.0000000  
14      928     312     0       0       80.2140399    98.3414772    0.000   0.321   33.846  0.419   3      0.000   0.000   928     312     80.2140399    98.3414772    634400.0000000  852400.0000000  634400.0000000  852400.0000000  
15      1000    320     0       0       80.3107575    97.8033239    0.000   0.289   30.241  0.452   3      0.000   0.000   1000    320     80.3107575    97.8033239    636000.0000000  838000.0000000  636000.0000000  838000.0000000  
16      872     352     0       0       80.0879059    98.3558093    0.000   0.303   32.080  0.495   3      0.000   0.000   872     352     80.0879059    98.3558093    642400.0000000  863600.0000000  642400.0000000  863600.0000000  
17      912     352     0       0       80.1466404    98.1001135    0.000   0.236   24.027  0.282   1      0.000   0.000   912     352     80.1466404    98.1001135    642400.0000000  855600.0000000  642400.0000000  855600.0000000  
18      944     352     1       0       80.1934895    97.8933443    0.000   0.324   34.270  0.480   3      0.200   0.000   945     352     80.1949515    97.8868508    642400.0000000  849200.0000000  642400.0000000  849000.0000000  
19      984     352     1       0       80.2518746    97.6320790    0.000   0.427   45.928  0.764   3      0.200   0.000   985     352     80.2533317    97.6255071    642400.0000000  841200.0000000  642400.0000000  841000.0000000  
20      1584    368     0       0       81.0818941    93.1658997    0.000   0.216   21.493  0.366   2      0.000   0.000   1584    368     81.0818941    93.1658997    645600.0000000  721200.0000000  645600.0000000  721200.0000000  
21      1664    456     0       0       81.0808868    91.7580148    0.000   0.315   31.262  0.391   2      0.000   0.000   1664    456     81.0808868    91.7580148    663200.0000000  705200.0000000  663200.0000000  705200.0000000  
22      1560    480     17      37      80.9111265    92.3825248    22.500  0.116   11.126  0.302   2      3.400   7.400   1577    517     80.8878311    91.9337153    668000.0000000  726000.0000000  675400.0000000  722600.0000000  
23      1656    488     0       0       81.0298917    91.5481577    0.000   0.233   22.451  0.258   1      0.000   0.000   1656    488     81.0298917    91.5481577    669600.0000000  706800.0000000  669600.0000000  706800.0000000  
24      1576    512     11      40      80.8927524    91.9839732    22.500  0.133   12.708  0.360   2      2.200   8.000   1587    552     80.8571867    91.5596281    674400.0000000  722800.0000000  682400.0000000  720600.0000000  
25      1536    520     17      56      80.8289853    92.2307521    22.500  0.159   14.568  0.366   2      3.400   11.200  1553    576     80.7816015    91.6277892    676000.0000000  730800.0000000  687200.0000000  727400.0000000  
26      1696    544     0       0       81.0116261    90.7475105    0.000   0.320   34.162  0.609   3      0.000   0.000   1696    544     81.0116261    90.7475105    680800.0000000  698800.0000000  680800.0000000  698800.0000000  
27      1472    552     0       0       80.7028428    92.4574693    0.000   0.277   28.449  0.533   3      0.000   0.000   1472    552     80.7028428    92.4574693    682400.0000000  743600.0000000  682400.0000000  743600.0000000  
28      1608    552     24      25      80.8851284    91.3923885    22.500  0.124   10.758  0.350   2      4.800   5.000   1632    577     80.8851534    90.9910076    682400.0000000  716400.0000000  687400.0000000  711600.0000000  
29      1728    568     0       0       81.0226617    90.2827345    0.000   0.315   33.898  0.562   3      0.000   0.000   1728    568     81.0226617    90.2827345    685600.0000000  692400.0000000  685600.0000000  692400.0000000  
30      1480    616     0       0       80.6337722    91.8650816    0.000   0.175   20.311  0.460   3      0.000   0.000   1480    616     80.6337722    91.8650816    695200.0000000  742000.0000000  695200.0000000  742000.0000000  
31      1456    656     0       0       80.5514498    91.7223059    0.000   0.279   28.134  0.612   3      0.000   0.000   1456    656     80.5514498    91.7223059    703200.0000000  746800.0000000  703200.0000000  746800.0000000  
32      1416    704     0       0       80.4376763    91.6392519    0.000   0.273   26.500  0.467   3      0.000   0.000   1416    704     80.4376763    91.6392519    712800.0000000  754800.0000000  712800.0000000  754800.0000000  
33      1416    736     0       0       80.3972889    91.3835368    0.000   0.223   23.239  0.505   3      0.000   0.000   1416    736     80.3972889    91.3835368    719200.0000000  754800.0000000  719200.0000000  754800.0000000  
34      1176    768     0       0       80.0348288    92.8915718    0.000   0.252   25.851  0.500   3      0.000   0.000   1176    768     80.0348288    92.8915718    725600.0000000  802800.0000000  725600.0000000  802800.0000000  
35      1320    768     0       0       80.2290530    91.8485952    0.000   0.257   26.763  0.351   2      0.000   0.000   1320    768     80.2290530    91.8485952    725600.0000000  774000.0000000  725600.0000000  774000.0000000  
36      1424    784     11      -9      80.3469066    90.9432461    0.000   0.088   8.346   0.222   1      2.200   -1.800  1435    775     80.3728786    90.9302963    728800.0000000  753200.0000000  727000.0000000  751000.0000000  
37      1256    800     0       0       80.1032644    92.0663993    0.000   0.314   33.464  0.571   3      0.000   0.000   1256    800     80.1032644    92.0663993    732000.0000000  786800.0000000  732000.0000000  786800.0000000  
38      1304    800     0       0       80.1675031    91.7154753    0.000   0.255   26.461  0.413   3      0.000   0.000   1304    800     80.1675031    91.7154753    732000.0000000  777200.0000000  732000.0000000  777200.0000000  
39      1344    800     0       0       80.2207562    91.4195090    0.000   0.400   43.631  0.602   3      0.000   0.000   1344    800     80.2207562    91.4195090    732000.0000000  769200.0000000  732000.0000000  769200.0000000  
40      1288    832     0       0       80.1059066    91.5840200    0.000   0.213   21.348  0.292   1      0.000   0.000   1288    832     80.1059066    91.5840200    738400.0000000  780400.0000000  738400.0000000  780400.0000000  
41      1328    848     0       0       80.1387484    91.1654337    0.000   0.212   20.497  0.492   3      0.000   0.000   1328    848     80.1387484    91.1654337    741600.0000000  772400.0000000  741600.0000000  772400.0000000  
42      408     872     0       0       78.8348012    97.0305756    0.000   0.153   14.506  0.217   1      0.000   0.000   408     872     78.8348012    97.0305756    746400.0000001  956400.0000001  746400.0000001  956400.0000001  
43      448     880     0       0       78.8833438    96.7372702    0.000   0.199   19.719  0.393   2      0.000   0.000   448     880     78.8833438    96.7372702    748000.0000001  948400.0000001  748000.0000001  948400.0000001  
44      480     904     0       0       78.9018953    96.3698741    0.000   0.178   18.139  0.294   1      0.000   0.000   480     904     78.9018953    96.3698741    752800.0000001  942000.0000001  752800.0000001  942000.0000001  
45      512     904     1       0       78.9475748    96.1792406    0.000   0.231   22.892  0.368   2      0.200   0.000   513     904     78.9490004    96.1732578    752800.0000001  935600.0000001  752800.0000001  935400.0000001  
46      424     936     0       0       78.7852968    96.4635536    0.000   0.149   16.118  0.303   2      0.000   0.000   424     936     78.7852968    96.4635536    759200.0000001  953200.0000001  759200.0000001  953200.0000001  
47      456     944     0       0       78.8218666    96.2164239    0.000   0.306   32.550  0.509   3      0.000   0.000   456     944     78.8218666    96.2164239    760800.0000001  946800.0000001  760800.0000001  946800.0000001  
48      824     944     0       0       79.3384834    93.9350775    0.000   0.568   66.135  0.864   3      0.000   0.000   824     944     79.3384834    93.9350775    760800.0000001  873200.0000001  760800.0000001  873200.0000001  
49      880     944     0       0       79.4155793    93.5684212    0.000   0.225   22.676  0.372   2      0.000   0.000   880     944     79.4155793    93.5684212    760800.0000001  862000.0000001  760800.0000001  862000.0000001  
50      488     952     0       0       78.8582305    95.9676665    0.000   0.256   25.806  0.468   3      0.000   0.000   488     952     78.8582305    95.9676665    762400.0000001  940400.0000001  762400.0000001  940400.0000001  
51      584     952     2       0       78.9941193    95.3882934    0.000   0.149   13.475  0.320   2      0.400   0.000   586     952     78.9969386    95.3760703    762400.0000001  921200.0000001  762400.0000001  920800.0000001  
52      520     960     1       0       78.8943865    95.7172749    0.000   0.163   16.027  0.349   2      0.200   0.000   521     960     78.8958026    95.7112614    764000.0000001  934000.0000001  764000.0000001  933800.0000001  
53      792     968     0       0       79.2654443    93.9638311    0.000   0.624   84.162  0.925   3      0.000   0.000   792     968     79.2654443    93.9638311    765600.0000001  879600.0000001  765600.0000001  879600.0000001  
54      384     976     -3      -4      78.6824747    96.4042191    0.000   0.190   18.830  0.388   2      -0.600  -0.800  381     972     78.6827464    96.4507872    767200.0000001  961200.0000001  766400.0000001  961800.0000001  
55      760     976     0       0       79.2116064    94.1102457    0.000   0.488   53.658  0.766   3      0.000   0.000   760     976     79.2116064    94.1102457    767200.0000001  886000.0000001  767200.0000001  886000.0000001  
56      432     984     -2      -2      78.7417699    96.0651694    0.000   0.129   12.026  0.343   2      -0.400  -0.400  430     982     78.7412221    96.0915137    768800.0000001  951600.0000001  768400.0000001  952000.0000001  
57      464     984     -1      -1      78.7872425    95.8760306    0.000   0.130   12.430  0.320   2      -0.200  -0.200  463     983     78.7869774    95.8892614    768800.0000001  945200.0000001  768600.0000001  945400.0000001  
58      840     984     0       0       79.3121996    93.5336706    0.000   0.327   33.328  0.298   1      0.000   0.000   840     984     79.3121996    93.5336706    768800.0000001  870000.0000001  768800.0000001  870000.0000001  
59      1120    984     0       0       79.6908368    91.6357503    0.000   0.331   34.402  0.567   3      0.000   0.000   1120    984     79.6908368    91.6357503    768800.0000001  814000.0000001  768800.0000001  814000.0000001  
60      1152    984     0       0       79.7333775    91.4099388    0.000   0.442   46.313  0.673   3      0.000   0.000   1152    984     79.7333775    91.4099388    768800.0000001  807600.0000001  768800.0000001  807600.0000001  
61      1392    984     45      -23     80.0472759    89.6551199    354.375  0.109   9.967   0.308   2      9.000   -4.600  1437    961     80.1351980    89.4856076    768800.0000000  759600.0000000  764200.0000000  750600.0000000  
62      552     992     1       0       78.9023274    95.2893377    0.000   0.179   17.385  0.383   2      0.200   0.000   553     992     78.9037349    95.2832652    770400.0000001  927600.0000001  770400.0000001  927400.0000001  
63      616     992     0       0       78.9921607    94.8975495    0.000   0.151   13.433  0.376   2      0.000   0.000   616     992     78.9921607    94.8975495    770400.0000001  914800.0000001  770400.0000001  914800.0000001  
64      1072    992     0       0       79.6167304    91.9115461    0.000   0.245   23.975  0.256   1      0.000   0.000   1072    992     79.6167304    91.9115461    770400.0000001  823600.0000001  770400.0000001  823600.0000001  
65      1200    992     0       0       79.7867178    91.0081614    0.000   0.262   26.208  0.517   3      0.000   0.000   1200    992     79.7867178    91.0081614    770400.0000000  798000.0000000  770400.0000000  798000.0000000  
66      504     1000    0       0       78.8253278    95.5206836    0.000   0.181   17.438  0.323   2      0.000   0.000   504     1000    78.8253278    95.5206836    772000.0000001  937200.0000001  772000.0000001  937200.0000001  
67      584     1000    0       0       78.9379100    95.0357355    0.000   0.139   12.202  0.305   2      0.000   0.000   584     1000    78.9379100    95.0357355    772000.0000001  921200.0000001  772000.0000001  921200.0000001  
68      648     1000    0       0       79.0274127    94.6405902    0.000   0.167   16.090  0.355   2      0.000   0.000   648     1000    79.0274127    94.6405902    772000.0000001  908400.0000001  772000.0000001  908400.0000001  
69      696     1000    0       0       79.0942028    94.3399598    0.000   0.299   30.008  0.532   3      0.000   0.000   696     1000    79.0942028    94.3399598    772000.0000001  898800.0000001  772000.0000001  898800.0000001  
70      888     1008    0       0       79.3485659    93.0407611    0.000   0.217   22.771  0.405   3      0.000   0.000   888     1008    79.3485659    93.0407611    773600.0000001  860400.0000001  773600.0000001  860400.0000001  
71      1344    1008    43      -27     79.9541040    89.8365953    354.375  0.158   15.541  0.424   3      8.600   -5.400  1387    981     80.0447408    89.7151725    773600.0000000  769200.0000000  768200.0000000  760600.0000000  
72      376     1016    -4      -5      78.6253000    96.1606634    0.000   0.099   10.005  0.274   1      -0.800  -1.000  372     1011    78.6253306    96.2200234    775200.0000001  962800.0000001  774200.0000001  963600.0000001  
73      408     1016    -3      -4      78.6708259    95.9738666    0.000   0.157   14.880  0.363   2      -0.600  -0.800  405     1012    78.6711663    96.0203749    775200.0000001  956400.0000001  774400.0000001  957000.0000001  
74      1120    1016    0       0       79.6504978    91.3985871    0.000   0.343   35.868  0.536   3      0.000   0.000   1120    1016    79.6504978    91.3985871    775200.0000001  814000.0000001  775200.0000001  814000.0000001  
75      440     1024    -3      -3      78.7069777    95.7276756    0.000   0.192   19.589  0.344   2      -0.600  -0.600  437     1021    78.7062006    95.7670926    776800.0000001  950000.0000001  776200.0000001  950600.0000001  
76      728     1024    0       0       79.1097752    93.9616783    0.000   0.374   38.922  0.646   3      0.000   0.000   728     1024    79.1097752    93.9616783    776800.0000001  892400.0000001  776800.0000001  892400.0000001  
77      552     1032    -1      -1      78.8554260    94.9981449    0.000   0.242   24.937  0.369   2      -0.200  -0.200  551     1031    78.8552003    95.0114766    778400.0000001  927600.0000001  778200.0000001  927800.0000001  
78      928     1048    0       0       79.3535550    92.4810315    0.000   0.264   27.559  0.424   3      0.000   0.000   928     1048    79.3535550    92.4810315    781600.0000001  852400.0000001  781600.0000001  852400.0000001  
79      1376    1048    40      -25     79.9430362    89.3025722    354.375  0.105   11.479  0.250   1      8.000   -5.000  1416    1023    80.0270091    89.1844302    781600.0000000  762800.0000000  776600.0000000  754800.0000000  
80      400     1056    -5      -4      78.6132950    95.7327468    0.000   0.112   9.594   0.303   2      -1.000  -0.800  395     1052    78.6108399    95.7907198    783200.0000001  958000.0000001  782400.0000001  959000.0000001  
81      616     1056    -1      -1      78.9163597    94.4317324    0.000   0.249   24.993  0.488   3      -0.200  -0.200  615     1055    78.9161595    94.4451488    783200.0000001  914800.0000001  783000.0000001  915000.0000001  
82      768     1056    0       0       79.1261488    93.4727936    0.000   0.324   33.375  0.576   3      0.000   0.000   768     1056    79.1261488    93.4727936    783200.0000001  884400.0000001  783200.0000001  884400.0000001  
83      432     1064    -5      -3      78.6492399    95.4870431    0.000   0.103   11.448  0.329   2      -1.000  -0.600  427     1061    78.6456716    95.5380829    784800.0000001  951600.0000001  784200.0000001  952600.0000001  
84      496     1064    -3      -2      78.7393013    95.1056987    0.000   0.092   9.747   0.316   2      -0.600  -0.400  493     1062    78.7374356    95.1380826    784800.0000001  938800.0000001  784400.0000001  939400.0000001  
85      648     1064    -1      -1      78.9512081    94.1750647    0.000   0.264   28.285  0.439   3      -0.200  -0.200  647     1063    78.9510194    94.1885282    784800.0000001  908400.0000001  784600.0000001  908600.0000001  
86      1384    1080    24      -21     79.9111756    89.0089248    354.375  0.129   13.548  0.372   2      4.800   -4.200  1408    1059    79.9694124    88.9808215    788000.0000000  761200.0000000  783800.0000000  756400.0000000  
87      1440    1080    23      -17     79.9822054    88.5846575    354.375  0.179   16.100  0.350   2      4.600   -3.400  1463    1063    80.0338332    88.5323508    788000.0000000  750000.0000000  784600.0000000  745400.0000000  
88      672     1096    -1      -1      78.9459171    93.7943288    0.000   0.211   20.785  0.394   2      -0.200  -0.200  671     1095    78.9457455    93.8077921    791200.0000001  903600.0000001  791000.0000001  903800.0000001  
89      432     1104    -2      -4      78.6025549    95.2015364    0.000   0.135   13.041  0.285   1      -0.400  -0.800  430     1100    78.6044244    95.2418199    792800.0000001  951600.0000001  792000.0000001  952000.0000001  
90      472     1104    -2      -3      78.6586623    94.9634756    0.000   0.139   13.010  0.259   1      -0.400  -0.600  470     1101    78.6593893    94.9967965    792800.0000001  943600.0000001  792200.0000001  944000.0000001  
91      608     1104    -1      -1      78.8479782    94.1361178    0.000   0.289   29.911  0.518   3      -0.200  -0.200  607     1103    78.8477913    94.1494566    792800.0000001  916400.0000001  792600.0000001  916600.0000001  
92      720     1104    -1      0       79.0021390    93.4333596    0.000   0.225   22.849  0.410   3      -0.200  0.000   719     1104    79.0007697    93.4397218    792800.0000001  894000.0000001  792800.0000001  894200.0000001  
93      816     1104    0       0       79.1329633    92.8151072    0.000   0.252   25.695  0.436   3      0.000   0.000   816     1104    79.1329633    92.8151072    792800.0000001  874800.0000001  792800.0000001  874800.0000001  
94      848     1104    0       0       79.1762934    92.6056912    0.000   0.211   21.003  0.303   2      0.000   0.000   848     1104    79.1762934    92.6056912    792800.0000001  868400.0000001  792800.0000001  868400.0000001  
95      984     1104    0       0       79.3588405    91.6966372    0.000   0.220   21.766  0.332   2      0.000   0.000   984     1104    79.3588405    91.6966372    792800.0000001  841200.0000001  792800.0000001  841200.0000001  
96      1352    1104    22      -23     79.8387976    89.0747705    354.375  0.102   9.574   0.219   1      4.400   -4.600  1374    1081    79.8971186    89.0767884    792800.0000000  767600.0000000  788200.0000000  763200.0000000  
97      952     1112    0       0       79.3061155    91.8557062    0.000   0.241   24.182  0.454   3      0.000   0.000   952     1112    79.3061155    91.8557062    794400.0000001  847600.0000001  794400.0000001  847600.0000001  
98      1016    1112    1       1       79.3913119    91.4204979    0.000   0.120   11.489  0.257   1      0.200   0.200   1017    1113    79.3913758    91.4064393    794400.0000001  834800.0000001  794600.0000001  834600.0000001  
99      1048    1112    0       0       79.4336833    91.2002536    0.000   0.204   20.128  0.343   2      0.000   0.000   1048    1112    79.4336833    91.2002536    794400.0000001  828400.0000001  794400.0000001  828400.0000001  
100     1080    1112    0       0       79.4759009    90.9782293    0.000   0.304   31.886  0.437   3      0.000   0.000   1080    1112    79.4759009    90.9782293    794400.0000001  822000.0000001  794400.0000001  822000.0000001  
101     1432    1112    21      -18     79.9295729    88.4142088    0.000   0.113   10.187  0.269   1      4.200   -3.600  1453    1094    79.9799844    88.3838400    794400.0000000  751600.0000000  790800.0000000  747400.0000000  
102     768     1120    0       0       79.0481383    93.0113558    0.000   0.305   31.715  0.514   3      0.000   0.000   768     1120    79.0481383    93.0113558    796000.0000001  884400.0000001  796000.0000001  884400.0000001  
103     904     1120    0       0       79.2318685    92.1200709    0.000   0.155   14.958  0.269   1      0.000   0.000   904     1120    79.2318685    92.1200709    796000.0000001  857200.0000001  796000.0000001  857200.0000001  
104     1112    1120    0       0       79.5077345    90.6967870    0.000   0.198   20.496  0.402   3      0.000   0.000   1112    1120    79.5077345    90.6967870    796000.0000001  815600.0000001  796000.0000001  815600.0000001  
105     368     1128    -7      -8      78.4844754    95.4077982    354.375  0.104   10.332  0.257   1      -1.400  -1.600  361     1120    78.4839183    95.5050896    797600.0000001  964400.0000001  796000.0000001  965800.0000001  
106     576     1128    -2      -1      78.7749784    94.1622926    0.000   0.152   15.112  0.316   2      -0.400  -0.200  574     1127    78.7734060    94.1816846    797600.0000001  922800.0000001  797400.0000001  923200.0000001  
107     1400    1128    20      -20     79.8679477    88.5417698    0.000   0.126   13.246  0.280   1      4.000   -4.000  1420    1108    79.9197619    88.5342350    797600.0000000  758000.0000000  793600.0000000  754000.0000000  
108     408     1136    -5      -6      78.5313670    95.1167350    354.375  0.133   11.493  0.364   1      -1.000  -1.200  403     1130    78.5313774    95.1885430    799200.0000001  956400.0000001  798000.0000001  957400.0000001  
109     648     1136    -1      -1      78.8646353    93.6590484    0.000   0.172   16.821  0.328   2      -0.200  -0.200  647     1135    78.8644698    93.6724149    799200.0000001  908400.0000001  799000.0000001  908600.0000001  
110     456     1144    -4      -5      78.5891398    94.7755799    354.375  0.160   16.140  0.353   2      -0.800  -1.000  452     1139    78.5894534    94.8347302    800800.0000001  946800.0000001  799800.0000001  947600.0000001  
111     728     1144    -1      0       78.9643370    93.0966114    0.000   0.135   13.181  0.215   1      -0.200  0.000   727     1144    78.9629750    93.1029935    800800.0000001  892400.0000001  800800.0000001  892600.0000001  
112     1352    1144    19      -21     79.7860149    88.7873401    0.000   0.103   9.673   0.206   1      3.800   -4.200  1371    1123    79.8378827    88.7958057    800800.0000000  767600.0000000  796600.0000000  763800.0000000  
113     768     1152    1       0       79.0088748    92.7831149    0.000   0.138   12.846  0.321   2      0.200   0.000   769     1152    79.0102300    92.7766661    802400.0000001  884400.0000001  802400.0000001  884200.0000001  
114     888     1152    6       -1      79.1705214    91.9977198    0.000   0.138   13.694  0.249   1      1.200   -0.200  894     1151    79.1798001    91.9649566    802400.0000001  860400.0000001  802200.0000001  859200.0000001  
115     1040    1152    8       -1      79.3723275    90.9686430    0.000   0.168   16.318  0.324   2      1.600   -0.200  1048    1151    79.3841282    90.9205325    802400.0000001  830000.0000001  802200.0000001  828400.0000001  
116     1072    1152    8       -1      79.4143766    90.7469875    0.000   0.249   25.283  0.414   3      1.600   -0.200  1080    1151    79.4261436    90.6984363    802400.0000001  823600.0000001  802200.0000001  822000.0000001  
117     584     1160    2       0       78.7476424    93.8863690    0.000   0.220   21.950  0.378   2      0.400   0.000   586     1160    78.7503984    93.8740408    804000.0000001  921200.0000001  804000.0000001  920800.0000001  
118     656     1168    3       0       78.8368233    93.3821517    0.000   0.132   11.921  0.221   1      0.600   0.000   659     1168    78.8409259    93.3633213    805600.0000001  906800.0000001  805600.0000001  906200.0000001  
119     688     1168    4       1       78.8805231    93.1805742    0.000   0.145   13.651  0.253   1      0.800   0.200   692     1169    78.8847555    93.1481966    805600.0000001  900400.0000001  805800.0000001  899600.0000001  
120     1408    1168    21      -19     79.8247320    88.1958895    0.000   0.171   16.480  0.373   2      4.200   -3.800  1429    1149    79.8764516    88.1718750    805600.0000000  756400.0000000  801800.0000000  752200.0000000  
121     320     1176    -8      -12     78.3609180    95.3498462    0.000   0.222   22.290  0.275   1      -1.600  -2.400  312     1164    78.3636258    95.4798149    807200.0000000  974000.0000000  804800.0000000  975600.0000000  
122     416     1176    -6      -6      78.4955048    94.7883989    0.000   0.129   11.787  0.297   1      -1.200  -1.200  410     1170    78.4941992    94.8658882    807200.0000001  954800.0000001  806000.0000001  956000.0000001  
123     448     1176    -6      -6      78.5401261    94.5983066    0.000   0.109   10.654  0.307   1      -1.200  -1.200  442     1170    78.5388717    94.6761211    807200.0000001  948400.0000001  806000.0000001  949600.0000001  
124     624     1176    3       -1      78.7833035    93.5257410    0.000   0.192   19.299  0.466   3      0.600   -0.200  627     1175    78.7886267    93.5140997    807200.0000001  913200.0000001  807000.0000001  912600.0000001  
125     800     1176    6       0       79.0224966    92.4057424    0.000   0.329   36.837  0.607   3      1.200   0.000   806     1176    79.0305773    92.3666971    807200.0000001  878000.0000001  807200.0000001  876800.0000001  
126     984     1176    8       0       79.2679967    91.1816187    0.000   0.232   22.908  0.420   3      1.600   0.000   992     1176    79.2785596    91.1271216    807200.0000001  841200.0000001  807200.0000001  839600.0000001  
127     1240    1176    21      -22     79.6011548    89.3830145    0.000   0.150   14.944  0.298   1      4.200   -4.400  1261    1154    79.6568617    89.3868872    807200.0000001  790000.0000001  802800.0000001  785800.0000001  
128     1344    1176    21      -20     79.7335037    88.6191207    0.000   0.173   17.285  0.334   2      4.200   -4.000  1365    1156    79.7865730    88.6046002    807200.0000001  769200.0000000  803200.0000001  765000.0000000  
129     752     1184    5       0       78.9478186    92.6595522    0.000   0.334   34.404  0.529   3      1.000   0.000   757     1184    78.9545795    92.6273957    808800.0000001  887600.0000001  808800.0000001  886600.0000001  
130     832     1184    6       0       79.0555828    92.1402649    0.000   0.357   39.220  0.547   3      1.200   0.000   838     1184    79.0636294    92.1009041    808800.0000001  871600.0000001  808800.0000001  870400.0000001  
131     880     1184    6       0       79.1198144    91.8237407    0.000   0.314   33.329  0.541   3      1.200   0.000   886     1184    79.1278204    91.7839110    808800.0000001  862000.0000001  808800.0000001  860800.0000001  
132     920     1184    7       1       79.1730907    91.5570914    0.000   0.151   14.254  0.340   2      1.400   0.200   927     1185    79.1811306    91.5030831    808800.0000001  854000.0000001  809000.0000001  852600.0000001  
133     576     1192    1       0       78.6980764    93.7105009    0.000   0.157   12.866  0.388   2      0.200   0.000   577     1192    78.6994507    93.7043432    810400.0000001  922800.0000001  810400.0000001  922600.0000001  
134     1024    1192    8       0       79.3003122    90.7947554    0.000   0.207   20.701  0.396   2      1.600   0.000   1032    1192    79.3108069    90.7397095    810400.0000001  833200.0000001  810400.0000001  831600.0000001  
135     1088    1192    19      -14     79.3839975    90.3513310    0.000   0.093   8.126   0.203   1      3.800   -2.800  1107    1178    79.4267635    90.3174835    810400.0000001  820400.0000001  807600.0000001  816600.0000001  
136     696     1200    5       0       78.8522646    92.9044966    0.000   0.254   24.460  0.450   3      1.000   0.000   701     1200    78.8590507    92.8727674    812000.0000001  898800.0000001  812000.0000001  897800.0000001  
137     1392    1200    21      -19     79.7619050    88.0903620    0.000   0.246   24.163  0.421   3      4.200   -3.800  1413    1181    79.8136118    88.0659580    812000.0000001  759600.0000000  808200.0000001  755400.0000000  
138     304     1208    -7      -12     78.3010444    95.2198137    0.000   0.148   15.137  0.250   1      -1.400  -2.400  297     1196    78.3052189    95.3433297    813600.0000000  977200.0000000  811200.0000000  978600.0000000  
139     336     1208    -8      -12     78.3459362    95.0345794    0.000   0.216   22.182  0.453   3      -1.600  -2.400  328     1196    78.3487882    95.1643049    813600.0000000  970800.0000000  811200.0000000  972400.0000000  
140     368     1208    -8      -9      78.3907095    94.8479048    0.000   0.169   16.335  0.395   2      -1.600  -1.800  360     1199    78.3901194    94.9572240    813600.0000001  964400.0000001  811800.0000001  966000.0000001  
141     440     1208    -8      -6      78.4910085    94.4225546    0.000   0.148   14.889  0.413   3      -1.600  -1.200  432     1202    78.4870207    94.5119498    813600.0000001  950000.0000001  812400.0000001  951600.0000001  
142     504     1208    -6      -6      78.5796395    94.0381703    0.000   0.170   17.050  0.363   2      -1.200  -1.200  498     1202    78.5785362    94.1163144    813600.0000001  937200.0000001  812400.0000001  938400.0000001  
143     656     1216    2       -1      78.7783096    93.0449196    0.000   0.190   17.848  0.377   2      0.400   -0.200  658     1215    78.7822533    93.0393408    815200.0000001  906800.0000001  815000.0000001  906400.0000001  
144     736     1216    5       -1      78.8867180    92.5373557    0.000   0.252   25.964  0.552   3      1.000   -0.200  741     1215    78.8947009    92.5123049    815200.0000001  890800.0000001  815000.0000001  889800.0000001  
145     1352    1216    21      -19     79.6903813    88.2774467    0.000   0.131   13.061  0.300   1      4.200   -3.800  1373    1197    79.7420965    88.2541617    815200.0000001  767600.0000001  811400.0000001  763400.0000000  
146     832     1224    6       0       79.0056583    91.8589830    0.000   0.285   30.674  0.560   3      1.200   0.000   838     1224    79.0136675    91.8195953    816800.0000001  871600.0000001  816800.0000001  870400.0000001  
147     864     1224    6       0       79.0483155    91.6482466    0.000   0.326   34.864  0.550   3      1.200   0.000   870     1224    79.0562976    91.6085496    816800.0000001  865200.0000001  816800.0000001  864000.0000001  
148     920     1224    7       0       79.1226143    91.2754674    0.000   0.267   26.949  0.513   3      1.400   0.000   927     1224    79.1318699    91.2285100    816800.0000001  854000.0000001  816800.0000001  852600.0000001  
149     960     1224    8       0       79.1754067    91.0060529    0.000   0.171   17.377  0.417   3      1.600   0.000   968     1224    79.1859370    90.9518529    816800.0000001  846000.0000001  816800.0000001  844400.0000001  
150     1056    1224    20      -13     79.3011389    90.3485950    0.000   0.108   9.198   0.276   1      4.000   -2.600  1076    1211    79.3439130    90.3010013    816800.0000001  826800.0000001  814200.0000001  822800.0000001  
151     1088    1224    20      -13     79.3427389    90.1259861    0.000   0.189   19.970  0.487   3      4.000   -2.600  1108    1211    79.3854811    90.0773032    816800.0000001  820400.0000001  814200.0000001  816400.0000001  
152     792     1232    5       0       78.9421686    92.0641840    0.000   0.297   29.878  0.480   3      1.000   0.000   797     1232    78.9488651    92.0316795    818400.0000001  879600.0000001  818400.0000001  878600.0000001  
153     1184    1232    21      -18     79.4561161    89.3915471    0.000   0.174   17.921  0.359   2      4.200   -3.600  1205    1214    79.5065748    89.3672767    818400.0000001  801200.0000001  814800.0000001  797000.0000001  
154     1216    1232    21      -18     79.4970284    89.1618622    0.000   0.150   14.505  0.275   1      4.200   -3.600  1237    1214    79.5474721    89.1363817    818400.0000001  794800.0000001  814800.0000001  790600.0000001  
155     520     1240    -7      -7      78.5631958    93.7186687    0.000   0.193   18.058  0.443   3      -1.400  -1.400  513     1233    78.5620074    93.8097386    820000.0000001  934000.0000001  818600.0000001  935400.0000001  
156     704     1240    3       -1      78.8138830    92.5741077    0.000   0.216   21.937  0.459   3      0.600   -0.200  707     1239    78.8191681    92.5619802    820000.0000001  897200.0000001  819800.0000001  896600.0000001  
157     1296    1240    21      -19     79.5879558    88.5238530    0.000   0.093   9.248   0.246   1      4.200   -3.800  1317    1221    79.6396804    88.5020359    820000.0000001  778800.0000001  816200.0000001  774600.0000001  
158     368     1248    -8      -8      78.3434242    94.5713711    0.000   0.126   10.771  0.229   1      -1.600  -1.600  360     1240    78.3417575    94.6733620    821600.0000000  964400.0000000  820000.0000000  966000.0000000  
159     440     1248    -8      -7      78.4433020    94.1453698    0.000   0.273   27.771  0.554   3      -1.600  -1.400  432     1241    78.4405947    94.2413976    821600.0000001  950000.0000001  820200.0000001  951600.0000001  
160     616     1248    1       -1      78.6847641    93.0723609    0.000   0.242   24.655  0.453   3      0.200   -0.200  617     1247    78.6873470    93.0730675    821600.0000001  914800.0000001  821400.0000001  914600.0000001  
161     736     1248    4       -1      78.8471086    92.3141274    0.000   0.233   23.555  0.476   3      0.800   -0.200  740     1247    78.8537278    92.2954233    821600.0000001  890800.0000001  821400.0000001  890000.0000001  
162     1024    1248    20      -12     79.2285789    90.4016317    0.000   0.161   16.501  0.292   1      4.000   -2.400  1044    1236    79.2700697    90.3475799    821600.0000001  833200.0000001  819200.0000001  829200.0000001  
163     904     1256    6       0       79.0609478    91.1591233    0.000   0.256   25.287  0.514   3      1.200   0.000   910     1256    79.0688653    91.1190225    823200.0000001  857200.0000001  823200.0000001  856000.0000001  
164     952     1256    7       0       79.1241410    90.8366756    0.000   0.178   18.596  0.374   2      1.400   0.000   959     1256    79.1333284    90.7893372    823200.0000001  847600.0000001  823200.0000001  846200.0000001  
165     1112    1256    22      -15     79.3322931    89.7342905    0.000   0.200   20.230  0.372   2      4.400   -3.000  1134    1241    79.3801510    89.6839176    823200.0000001  815600.0000001  820200.0000001  811200.0000001  
166     1264    1256    21      -18     79.5263206    88.6465838    0.000   0.152   14.241  0.247   1      4.200   -3.600  1285    1238    79.5767227    88.6185252    823200.0000001  785200.0000001  819600.0000001  781000.0000001  
167     800     1264    5       -1      78.9128742    91.7894904    0.000   0.205   19.015  0.455   3      1.000   -0.200  805     1263    78.9207938    91.7638401    824800.0000001  878000.0000001  824600.0000001  877000.0000001  
168     1176    1264    22      -17     79.4039501    89.2255896    0.000   0.189   19.076  0.420   3      4.400   -3.400  1198    1247    79.4543553    89.1864956    824800.0000001  802800.0000001  821400.0000001  798400.0000001  
169     584     1272    -2      -2      78.6118904    93.1050135    354.375  0.146   12.264  0.356   2      -0.400  -0.400  582     1270    78.6116091    93.1311642    826400.0000001  921200.0000001  826000.0000001  921600.0000001  
170     392     1280    -9      -7      78.3386557    94.2104202    0.000   0.178   18.156  0.397   2      -1.800  -1.400  383     1273    78.3345412    94.3114584    828000.0000000  959600.0000000  826600.0000000  961400.0000000  
171     424     1280    -9      -7      78.3828813    94.0206898    0.000   0.212   20.507  0.406   3      -1.800  -1.400  415     1273    78.3788340    94.1221825    828000.0000001  953200.0000001  826600.0000001  955000.0000001  
172     456     1280    -9      -7      78.4269826    93.8295018    0.000   0.232   21.957  0.435   3      -1.800  -1.400  447     1273    78.4230033    93.9314507    828000.0000001  946800.0000001  826600.0000001  948600.0000001  
173     704     1280    2       -2      78.7643868    92.2969764    0.000   0.123   10.595  0.261   1      0.400   -0.400  706     1278    78.7695566    92.2980409    828000.0000001  897200.0000001  827600.0000001  896800.0000001  
174     1232    1280    22      -17     79.4540594    88.7125121    0.000   0.154   13.702  0.265   1      4.400   -3.400  1254    1263    79.5044020    88.6707546    828000.0000001  791600.0000001  824600.0000001  787200.0000001  
175     1352    1280    18      -17     79.6047155    87.8321550    0.000   0.096   7.646   0.213   1      3.600   -3.400  1370    1263    79.6499677    87.8154088    828000.0000001  767600.0000001  824600.0000001  764000.0000001  
176     896     1288    5       -1      79.0097771    90.9908019    0.000   0.254   24.977  0.437   3      1.000   -0.200  901     1287    79.0176284    90.9643471    829600.0000001  858800.0000001  829400.0000001  857800.0000001  
177     744     1296    2       -2      78.7980824    91.9308865    0.000   0.125   12.075  0.305   2      0.400   -0.400  746     1294    78.8032537    91.9317841    831200.0000001  889200.0000001  830800.0000001  888800.0000001  
178     808     1296    3       -2      78.8833293    91.5162595    0.000   0.169   16.402  0.349   2      0.600   -0.400  811     1294    78.8898299    91.5104376    831200.0000001  876400.0000001  830800.0000001  875800.0000001  
179     984     1296    20      -10     79.1147465    90.3425921    0.000   0.092   8.154   0.203   1      4.000   -2.000  1004    1286    79.1536437    90.2750616    831200.0000001  841200.0000001  829200.0000001  837200.0000001  
180     1080    1296    22      -13     79.2390321    89.6811543    0.000   0.213   22.624  0.433   3      4.400   -2.600  1102    1283    79.2842683    89.6171521    831200.0000001  822000.0000001  828600.0000001  817600.0000001  
181     1160    1296    23      -16     79.3415092    89.1181654    0.000   0.141   13.259  0.292   1      4.600   -3.200  1183    1280    79.3918539    89.0647279    831200.0000001  806000.0000001  828000.0000001  801400.0000001  
182     1288    1296    19      -13     79.5033233    88.1945507    5.625   0.149   13.630  0.307   2      3.800   -2.600  1307    1283    79.5444956    88.1445683    831200.0000001  780400.0000001  828600.0000001  776600.0000001  
183     536     1304    -8      -8      78.5074680    93.1805499    0.000   0.277   27.685  0.512   3      -1.600  -1.600  528     1296    78.5063015    93.2841808    832800.0000001  930800.0000001  831200.0000001  932400.0000001  
184     776     1304    2       -2      78.8307388    91.6693741    0.000   0.208   19.729  0.339   2      0.400   -0.400  778     1302    78.8359111    91.6701525    832800.0000001  882800.0000001  832400.0000001  882400.0000001  
185     1200    1304    22      -16     79.3817925    88.7775383    0.000   0.172   17.603  0.358   2      4.400   -3.200  1222    1288    79.4308149    88.7294788    832800.0000001  798000.0000001  829600.0000001  793600.0000001  
186     504     1312    -9      -8      78.4540766    93.3209577    0.000   0.197   17.982  0.443   3      -1.800  -1.600  495     1304    78.4514920    93.4301504    834400.0000001  937200.0000001  832800.0000001  939000.0000001  
187     1128    1312    23      -15     79.2796713    89.2346173    0.000   0.240   24.559  0.359   2      4.600   -3.000  1151    1297    79.3287181    89.1751544    834400.0000001  812400.0000001  831400.0000001  807800.0000001  
188     216     1320    20      74      78.0463740    94.9573162    298.125  0.087   7.583   0.255   1      4.000   14.800  236     1394    77.9866930    94.3473122    836000.0000000  994800.0000000  850800.0000000  990800.0000000  
189     304     1320    -12     -19     78.1690186    94.4528291    354.375  0.145   14.993  0.348   2      -2.400  -3.800  292     1301    78.1748563    94.6510867    836000.0000000  977200.0000000  832200.0000000  979600.0000000  
190     888     1320    3       -1      78.9585173    90.8240513    0.000   0.087   7.765   0.274   1      0.600   -0.200  891     1319    78.9637293    90.8109264    836000.0000001  860400.0000001  835800.0000001  859800.0000001  
191     432     1336    -10     -6      78.3264644    93.5914724    0.000   0.124   11.622  0.223   1      -2.000  -1.200  422     1330    78.3199912    93.6917969    839200.0000000  951600.0000000  838000.0000000  953600.0000000  
192     472     1336    -9      -7      78.3812042    93.3513888    0.000   0.163   16.389  0.399   2      -1.800  -1.400  463     1329    78.3773960    93.4530955    839200.0000001  943600.0000001  837800.0000001  945400.0000001  
193     560     1336    -7      -9      78.5009253    92.8151320    0.000   0.192   18.543  0.409   3      -1.400  -1.800  553     1327    78.5024731    92.9193998    839200.0000001  926000.0000001  837400.0000001  927400.0000001  
194     1008    1336    22      -12     79.0942176    89.9042564    0.000   0.234   22.664  0.444   3      4.400   -2.400  1030    1324    79.1381918    89.8351996    839200.0000001  836400.0000001  836800.0000001  832000.0000001  
195     944     1344    21      -10     79.0009236    90.2847814    0.000   0.125   11.367  0.276   1      4.200   -2.000  965     1334    79.0410997    90.2109706    840800.0000001  849200.0000001  838800.0000001  845000.0000001  
196     680     1352    -5      -3      78.6426135    91.9568337    354.375  0.184   17.323  0.378   2      -1.000  -0.600  675     1349    78.6396706    92.0088633    842400.0000001  902000.0000001  841800.0000001  903000.0000001  
197     872     1352    1       -2      78.8966963    90.7119625    0.000   0.112   10.488  0.208   1      0.200   -0.400  873     1350    78.9005612    90.7189312    842400.0000001  863600.0000001  842000.0000001  863400.0000001  
198     312     1360    -15     -19     78.1324307    94.1366339    354.375  0.171   16.994  0.402   3      -3.000  -3.800  297     1341    78.1343338    94.3514865    844000.0000000  975600.0000000  840200.0000000  978600.0000000  
199     744     1360    -1      -3      78.7178101    91.4938740    354.375  0.123   10.458  0.332   2      -0.200  -0.600  743     1357    78.7202599    91.5206527    844000.0000001  889200.0000001  843400.0000001  889400.0000001  
200     1064    1360    23      -14     79.1349628    89.3547118    0.000   0.155   15.091  0.309   2      4.600   -2.800  1087    1346    79.1827113    89.2897866    844000.0000001  825200.0000001  841200.0000001  820600.0000001  
201     1280    1360    27      -7      79.4076214    87.8163480    0.000   0.254   26.474  0.476   3      5.400   -1.400  1307    1353    79.4505918    87.6658663    844000.0000001  782000.0000001  842600.0000001  776600.0000001  
202     1312    1360    27      -7      79.4473600    87.5816845    0.000   0.252   27.974  0.503   3      5.400   -1.400  1339    1353    79.4902193    87.4296681    844000.0000001  775600.0000001  842600.0000001  770200.0000001  
203     480     1368    -8      -7      78.3531335    93.0868026    0.000   0.227   22.599  0.410   3      -1.600  -1.400  472     1361    78.3507826    93.1823151    845600.0000000  942000.0000000  844200.0000000  943600.0000000  
204     576     1368    -7      -9      78.4831384    92.4996762    0.000   0.280   26.689  0.373   2      -1.400  -1.800  569     1359    78.4848006    92.6037382    845600.0000001  922800.0000001  843800.0000001  924200.0000001  
205     712     1368    -2      -5      78.6652461    91.6448437    0.000   0.160   16.198  0.394   2      -0.400  -1.000  710     1363    78.6688608    91.6914555    845600.0000001  895600.0000001  844600.0000001  896000.0000001  
206     1032    1368    22      -12     79.0835013    89.5217492    0.000   0.219   22.977  0.421   3      4.400   -2.400  1054    1356    79.1273865    89.4512066    845600.0000001  831600.0000001  843200.0000001  827200.0000001  
207     1104    1368    24      -14     79.1754963    89.0215047    0.000   0.178   17.442  0.308   2      4.800   -2.800  1128    1354    79.2244464    88.9478034    845600.0000001  817200.0000001  842800.0000001  812400.0000001  
208     1136    1368    24      -14     79.2161207    88.7964261    0.000   0.146   13.476  0.270   1      4.800   -2.800  1160    1354    79.2650191    88.7214127    845600.0000001  810800.0000001  842800.0000001  806000.0000001  
209     520     1376    -8      -9      78.3976245    92.7898846    0.000   0.159   14.563  0.328   2      -1.600  -1.800  512     1367    78.3978250    92.8993079    847200.0000001  934000.0000001  845400.0000001  935600.0000001  
210     840     1376    0       -1      78.8241226    90.7606959    0.000   0.116   11.702  0.269   1      0.000   -0.200  840     1375    78.8253988    90.7674573    847200.0000001  870000.0000001  847000.0000001  870000.0000001  
211     992     1376    21      -12     79.0216521    89.7418514    0.000   0.155   14.617  0.319   2      4.200   -2.400  1013    1364    79.0642972    89.6794580    847200.0000001  839600.0000001  844800.0000001  835400.0000001  
212     672     1384    -6      -4      78.5919291    91.7911355    0.000   0.174   16.927  0.336   2      -1.200  -0.800  666     1380    78.5889327    91.8560371    848800.0000001  903600.0000001  848000.0000001  904800.0000001  
213     912     1384    18      -22     78.9078109    90.2285903    0.000   0.136   12.578  0.334   2      3.600   -4.400  930     1362    78.9595423    90.2566877    848800.0000001  855600.0000001  844400.0000001  852000.0000001  
214     960     1384    20      -10     78.9699888    89.9053410    0.000   0.210   20.754  0.365   2      4.000   -2.000  980     1374    79.0087785    89.8371512    848800.0000001  846000.0000001  846800.0000001  842000.0000001  
215     312     1392    -18     -20     78.0940923    93.9223560    354.375  0.083   7.644   0.193   1      -3.600  -4.000  294     1372    78.0932097    94.1605505    850400.0000000  975600.0000000  846400.0000000  979200.0000000  
216     744     1392    -3      -4      78.6774360    91.2777120    0.000   0.133   13.344  0.266   1      -0.600  -0.800  741     1388    78.6785235    91.3239510    850400.0000001  889200.0000001  849600.0000001  889800.0000001  
217     776     1392    -2      -3      78.7196627    91.0709480    0.000   0.150   13.855  0.281   1      -0.400  -0.600  774     1389    78.7208331    91.1041213    850400.0000001  882800.0000001  849800.0000001  883200.0000001  
218     1280    1392    26      -7      79.3645649    87.6006248    0.000   0.210   22.251  0.408   3      5.200   -1.400  1306    1385    79.4061922    87.4572278    850400.0000001  782000.0000001  849000.0000001  776800.0000001  
219     1024    1400    23      -13     79.0314367    89.3608379    0.000   0.112   10.944  0.217   1      4.600   -2.600  1047    1387    79.0778686    89.2898146    852000.0000001  833200.0000001  849400.0000001  828600.0000001  
220     1056    1400    23      -14     79.0723024    89.1400136    0.000   0.163   16.295  0.404   3      4.600   -2.800  1079    1386    79.1200000    89.0745175    852000.0000001  826800.0000001  849200.0000001  822200.0000001  
221     1144    1400    25      -14     79.1838530    88.5241290    0.000   0.158   15.375  0.383   2      5.000   -2.800  1169    1386    79.2339405    88.4409860    852000.0000001  809200.0000001  849200.0000001  804200.0000001  
222     1224    1400    26      -10     79.2841797    87.9531009    0.000   0.166   15.843  0.300   2      5.200   -2.000  1250    1390    79.3299928    87.8323301    852000.0000001  793200.0000001  850000.0000001  788000.0000001  
223     600     1408    -7      -7      78.4657763    92.0818606    0.000   0.214   22.381  0.462   3      -1.400  -1.400  593     1401    78.4651045    92.1722913    853600.0000001  918000.0000001  852200.0000001  919400.0000001  
224     992     1408    21      -12     78.9799808    89.5262682    0.000   0.211   22.652  0.462   3      4.200   -2.400  1013    1396    79.0225780    89.4632712    853600.0000001  839600.0000001  851200.0000001  835400.0000001  
225     656     1416    -7      -5      78.5305172    91.6774220    0.000   0.241   25.165  0.490   3      -1.400  -1.000  649     1411    78.5274678    91.7549957    855200.0000001  906800.0000001  854200.0000001  908200.0000001  
226     696     1416    -5      -5      78.5836197    91.4239348    0.000   0.165   14.790  0.407   3      -1.000  -1.000  691     1411    78.5832910    91.4892242    855200.0000001  898800.0000001  854200.0000001  899800.0000001  
227     912     1416    18      -22     78.8664984    90.0133963    0.000   0.171   16.036  0.327   2      3.600   -4.400  930     1394    78.9182463    90.0403776    855200.0000001  855600.0000001  850800.0000001  852000.0000001  
228     960     1416    20      -10     78.9284387    89.6901505    0.000   0.155   15.446  0.353   2      4.000   -2.000  980     1406    78.9671766    89.6214586    855200.0000001  846000.0000001  853200.0000001  842000.0000001  
229     1088    1416    24      -15     79.0918946    88.8102133    0.000   0.174   18.535  0.315   2      4.800   -3.000  1112    1401    79.1421093    88.7428415    855200.0000001  820400.0000001  852200.0000001  815600.0000001  
230     296     1432    -21     -24     78.0239802    93.7494892    348.750  0.095   12.514  0.330   1      -4.200  -4.800  275     1408    78.0239031    94.0301874    858400.0000000  978800.0000000  853600.0000000  983000.0000000  
231     1024    1432    22      -14     78.9894925    89.1465200    0.000   0.149   15.983  0.344   2      4.400   -2.800  1046    1418    79.0359120    89.0884604    858400.0000001  833200.0000001  855600.0000001  828800.0000001  
232     1272    1440    24      -8      79.2898482    87.3386171    0.000   0.187   17.764  0.379   3      4.800   -1.600  1296    1432    79.3302456    87.2164943    860000.0000001  783600.0000001  858400.0000001  778800.0000001  
233     720     1448    -6      -5      78.5748452    91.0572867    0.000   0.191   18.476  0.383   2      -1.200  -1.000  714     1443    78.5732810    91.1289312    861600.0000001  894000.0000001  860600.0000001  895200.0000001  
234     768     1448    -5      -4      78.6378868    90.7481498    354.375  0.168   16.630  0.369   2      -1.000  -0.800  763     1444    78.6364357    90.8071143    861600.0000001  884400.0000001  860800.0000001  885400.0000001  
235     992     1448    20      -12     78.9276794    89.2590895    0.000   0.150   15.020  0.255   1      4.000   -2.400  1012    1436    78.9689408    89.2022109    861600.0000001  839600.0000001  859200.0000001  835600.0000001  
236     1240    1448    24      -8      79.2395132    87.5176733    0.000   0.143   12.149  0.220   2      4.800   -1.600  1264    1440    79.2799782    87.3968059    861600.0000001  790000.0000001  860000.0000001  785200.0000001  
237     648     1456    -8      -5      78.4696135    91.4615080    0.000   0.259   26.375  0.534   3      -1.600  -1.000  640     1451    78.4652954    91.5450143    863200.0000001  908400.0000001  862200.0000001  910000.0000001  
238     680     1456    -7      -6      78.5119569    91.2591878    0.000   0.220   20.826  0.394   2      -1.400  -1.200  673     1450    78.5102825    91.3433843    863200.0000001  902000.0000001  862000.0000001  903400.0000001  
239     1104    1456    23      -14     79.0591000    88.4319520    0.000   0.100   9.621   0.291   1      4.600   -2.800  1127    1442    79.1066394    88.3634230    863200.0000001  817200.0000001  860400.0000001  812600.0000001  
240     576     1464    -9      -9      78.3638409    91.8583519    0.000   0.105   10.224  0.356   2      -1.800  -1.800  567     1455    78.3630630    91.9736093    864800.0000000  922800.0000000  863000.0000000  924600.0000000  
241     608     1464    -9      -7      78.4064564    91.6593508    354.375  0.217   21.282  0.481   3      -1.800  -1.400  599     1457    78.4032547    91.7617979    864800.0000001  916400.0000001  863400.0000001  918200.0000001  
242     864     1464    14      -30     78.7423154    90.0132476    354.375  0.170   15.414  0.395   3      2.800   -6.000  878     1434    78.7992054    90.1198376    864800.0000001  865200.0000001  858800.0000001  862400.0000001  
243     1032    1464    22      -15     78.9575509    88.8788157    0.000   0.198   19.955  0.411   3      4.400   -3.000  1054    1449    79.0052359    88.8264318    864800.0000001  831600.0000001  861800.0000001  827200.0000001  
244     928     1480    15      -22     78.8039466    89.4804757    0.000   0.158   15.892  0.399   2      3.000   -4.400  943     1458    78.8518874    89.5250546    868000.0000001  852400.0000001  863600.0000001  849400.0000001  
245     992     1480    21      -15     78.8856707    89.0471714    0.000   0.116   11.731  0.207   1      4.200   -3.000  1013    1465    78.9321085    89.0027148    868000.0000001  839600.0000001  865000.0000001  835400.0000001  
246     1200    1480    22      -11     79.1468438    87.5940295    354.375  0.156   16.750  0.377   2      4.400   -2.200  1222    1469    79.1889095    87.5086490    868000.0000001  798000.0000001  865800.0000001  793600.0000001  
247     1232    1480    22      -9      79.1864007    87.3642388    0.000   0.144   13.678  0.336   2      4.400   -1.800  1254    1471    79.2256949    87.2644691    868000.0000001  791600.0000001  866200.0000001  787200.0000001  
248     688     1488    -8      -6      78.4819511    90.9969107    0.000   0.202   21.959  0.470   3      -1.600  -1.200  680     1482    78.4790366    91.0872724    869600.0000001  900400.0000001  868400.0000001  902000.0000001  
249     720     1488    -8      -5      78.5239658    90.7926558    0.000   0.186   18.400  0.347   2      -1.600  -1.000  712     1483    78.5198424    90.8768083    869600.0000001  894000.0000001  868600.0000001  895600.0000001  
250     896     1488    14      -23     78.7524451    89.6419889    0.000   0.124   11.184  0.297   1      2.800   -4.600  910     1465    78.8003711    89.7003734    869600.0000001  858800.0000001  865000.0000001  856000.0000001  
251     1096    1488    22      -15     79.0064672    88.2766242    0.000   0.144   13.756  0.290   1      4.400   -3.000  1118    1473    79.0540479    88.2213689    869600.0000001  818800.0000001  866600.0000001  814400.0000001  
252     1144    1488    22      -13     79.0664979    87.9394966    0.000   0.147   13.913  0.308   2      4.400   -2.600  1166    1475    79.1113376    87.8692700    869600.0000001  809200.0000001  867000.0000001  804800.0000001  
253     864     1504    11      -31     78.6904728    89.7494562    354.375  0.134   13.812  0.328   2      2.200   -6.200  875     1473    78.7448784    89.8807444    872800.0000001  865200.0000001  866600.0000001  863000.0000001  
254     648     1520    -11     -6      78.3887021    91.0402260    0.000   0.131   11.162  0.298   1      -2.200  -1.200  637     1514    78.3818202    91.1487141    876000.0000001  908400.0000001  874800.0000001  910600.0000001  
255     1032    1520    20      -15     78.8834650    88.5105648    0.000   0.133   12.950  0.289   1      4.000   -3.000  1052    1505    78.9285615    88.4707687    876000.0000001  831600.0000001  873000.0000001  827600.0000001  
256     1064    1520    20      -15     78.9236940    88.2895833    0.000   0.147   14.367  0.287   1      4.000   -3.000  1084    1505    78.9687635    88.2487327    876000.0000001  825200.0000001  873000.0000001  821200.0000001  
257     704     1536    -10     -6      78.4417230    90.5805498    0.000   0.192   19.158  0.391   2      -2.000  -1.200  694     1530    78.4363240    90.6834419    879200.0000001  897200.0000001  878000.0000001  899200.0000001  
258     736     1536    -10     -5      78.4834375    90.3754924    0.000   0.105   9.563   0.285   1      -2.000  -1.000  726     1531    78.4768299    90.4723317    879200.0000001  890800.0000001  878200.0000001  892800.0000001  
259     864     1536    9       -31     78.6488319    89.5401722    354.375  0.138   12.351  0.433   3      1.800   -6.200  873     1505    78.7007554    89.6832332    879200.0000001  865200.0000001  873000.0000001  863400.0000001  
260     1104    1536    19      -14     78.9523251    87.9068864    0.000   0.129   12.905  0.245   1      3.800   -2.800  1123    1522    78.9947571    87.8648579    879200.0000001  817200.0000001  876400.0000001  813400.0000001  
261     1192    1544    19      -11     79.0504863    87.2335151    0.000   0.096   8.517   0.280   1      3.800   -2.200  1211    1533    79.0887584    87.1689983    880800.0000001  799600.0000001  878600.0000001  795800.0000001  
262     984     1552    17      -17     78.7805229    88.6306935    0.000   0.080   9.597   0.195   1      3.400   -3.400  1001    1535    78.8244917    88.6252720    882400.0000001  841200.0000001  879000.0000001  837800.0000001  
263     1064    1568    17      -15     78.8596040    87.9780054    0.000   0.180   16.961  0.338   2      3.400   -3.000  1081    1553    78.9008857    87.9569896    885600.0000001  825200.0000001  882600.0000001  821800.0000001  
264     1104    1568    18      -15     78.9093656    87.6997149    0.000   0.114   10.528  0.264   1      3.600   -3.000  1122    1553    78.9518707    87.6705399    885600.0000001  817200.0000001  882600.0000001  813600.0000001  
265     896     1584    7       -30     78.6268388    89.0165343    354.375  0.094   8.193   0.247   1      1.400   -6.000  903     1554    78.6751552    89.1637688    888800.0000001  858800.0000001  882800.0000001  857400.0000001  
266     672     1592    -16     -7      78.3282441    90.4215667    354.375  0.104   9.065   0.240   1      -3.200  -1.400  656     1585    78.3163551    90.5678981    890400.0000000  903600.0000000  889000.0000000  906800.0000000  
267     840     1592    6       -32     78.5449807    89.3360704    0.000   0.114   10.123  0.222   1      1.200   -6.400  846     1560    78.5944554    89.5031527    890400.0000001  870000.0000001  884000.0000001  868800.0000001  
268     1192    1592    16      -10     78.9852885    86.9245802    0.000   0.119   11.442  0.282   2      3.200   -2.000  1208    1582    79.0184631    86.8744172    890400.0000001  799600.0000001  888400.0000001  796400.0000001  
269     992     1600    16      -17     78.7268421    88.2666996    0.000   0.090   8.106   0.272   1      3.200   -3.400  1008    1583    78.7695456    88.2667088    892000.0000001  839600.0000001  888600.0000001  836400.0000001  
270     1160    1600    16      -12     78.9352211    87.1005711    0.000   0.122   11.663  0.313   2      3.200   -2.400  1176    1588    78.9711396    87.0639802    892000.0000001  806000.0000001  889600.0000001  802800.0000001  
271     928     1608    10      -23     78.6357066    88.6482542    0.000   0.112   10.017  0.270   1      2.000   -4.600  938     1585    78.6787578    88.7287259    893600.0000001  852400.0000001  889000.0000001  850400.0000001  
272     1104    1608    16      -14     78.8554695    87.4430143    0.000   0.152   14.387  0.308   2      3.200   -2.800  1120    1594    78.8941263    87.4206108    893600.0000001  817200.0000001  890800.0000001  814000.0000001  
273     1008    1640    13      -16     78.6933974    87.9023363    354.375  0.157   15.340  0.299   2      2.600   -3.200  1021    1624    78.7310219    87.9151503    900000.0000001  836400.0000001  896800.0000001  833800.0000001  
274     1152    1640    14      -12     78.8710389    86.9026868    0.000   0.115   10.485  0.210   1      2.800   -2.400  1166    1628    78.9044866    86.8798219    900000.0000001  807600.0000001  897600.0000001  804800.0000001  
275     712     1648    -16     -7      78.3078129    89.8087172    0.000   0.170   16.080  0.373   2      -3.200  -1.400  696     1641    78.2962418    89.9554119    901600.0000000  895600.0000000  900200.0000000  898800.0000000  
276     864     1648    4       -32     78.5019460    88.8197468    354.375  0.095   9.080   0.231   1      0.800   -6.400  868     1616    78.5491743    88.9971983    901600.0000001  865200.0000001  895200.0000001  864400.0000001  
277     800     1672    0       -37     78.3891425    89.0881737    354.375  0.082   9.949   0.205   2      0.000   -7.400  800     1635    78.4376321    89.3229289    906400.0000001  878000.0000001  899000.0000001  878000.0000001  
278     832     1672    0       -34     78.4297691    88.8787185    354.375  0.110   11.080  0.285   1      0.000   -6.800  832     1638    78.4744954    89.0943156    906400.0000001  871600.0000001  899600.0000001  871600.0000001  
279     1008    1672    10      -17     78.6504547    87.6999369    354.375  0.161   16.942  0.463   3      2.000   -3.400  1018    1655    78.6857058    87.7388915    906400.0000001  836400.0000001  903000.0000001  834400.0000001  
280     696     1680    -28     -24     78.2456898    89.7082596    0.000   0.130   11.346  0.201   1      -5.600  -4.800  668     1656    78.2406692    90.0380366    908000.0000000  898800.0000000  903200.0000000  904400.0000000  
281     664     1696    -29     -24     78.1837474    89.8107391    0.000   0.115   10.691  0.375   2      -5.800  -4.800  635     1672    78.1773127    90.1450204    911200.0000000  905200.0000000  906400.0000000  911000.0000000  
282     960     1704    1       -28     78.5478907    87.8249265    354.375  0.201   19.572  0.394   3      0.200   -5.600  961     1676    78.5866382    87.9939970    912800.0000001  846000.0000001  907200.0000001  845800.0000001  
283     696     1712    -28     -24     78.2040537    89.5070637    0.000   0.180   18.549  0.318   2      -5.600  -4.800  668     1688    78.1992701    89.8357568    914400.0000000  898800.0000000  909600.0000000  904400.0000000  
284     928     1712    0       -29     78.4973394    87.9902189    354.375  0.187   19.027  0.467   3      0.000   -5.800  928     1683    78.5360696    88.1721009    914400.0000001  852400.0000001  908600.0000001  852400.0000001  
285     1056    1720    7       -16     78.6447902    87.0700437    354.375  0.129   13.507  0.253   1      1.400   -3.200  1063    1704    78.6750868    87.1214836    916000.0000001  826800.0000001  912800.0000001  825400.0000001  
286     816     1736    -5      -36     78.3250076    88.5822668    354.375  0.137   12.736  0.305   2      -1.000  -7.200  811     1700    78.3662596    88.8400135    919200.0000000  874800.0000000  912000.0000000  875800.0000000  
287     968     1752    -4      -28     78.4932447    87.4721696    354.375  0.249   24.405  0.481   3      -0.800  -5.600  964     1724    78.5259998    87.6730295    922400.0000001  844400.0000001  916800.0000001  845200.0000001  
288     1000    1760    -4      -26     78.5218406    87.2057152    354.375  0.095   12.380  0.345   1      -0.800  -5.200  996     1734    78.5520824    87.3938889    924000.0000001  838000.0000001  918800.0000001  838800.0000001  
289     872     1768    -6      -33     78.3526391    88.0153602    354.375  0.137   13.668  0.243   1      -1.200  -6.600  866     1735    78.3891603    88.2596277    925600.0000000  863600.0000000  919000.0000001  864800.0000001  
290     928     1776    -6      -30     78.4114718    87.5931652    354.375  0.241   25.426  0.545   3      -1.200  -6.000  922     1746    78.4443361    87.8187270    927200.0000001  852400.0000001  921200.0000001  853600.0000001  
291     960     1784    -7      -29     78.4401769    87.3289085    354.375  0.211   20.215  0.321   2      -1.400  -5.800  953     1755    78.4706679    87.5548289    928800.0000001  846000.0000001  923000.0000001  847400.0000001  
292     992     1792    -8      -26     78.4686378    87.0633332    354.375  0.245   23.441  0.476   3      -1.600  -5.200  984     1766    78.4940513    87.2773877    930400.0000001  839600.0000001  925200.0000001  841200.0000001  
293     856     1800    -9      -34     78.2899042    87.9241438    354.375  0.177   18.785  0.408   3      -1.800  -6.800  847     1766    78.3240810    88.1927386    932000.0000000  866800.0000000  925200.0000000  868600.0000000  
294     1032    1800    -9      -23     78.5065966    86.7417250    354.375  0.207   21.911  0.423   3      -1.800  -4.600  1023    1777    78.5269492    86.9441756    932000.0000001  831600.0000001  927400.0000001  833400.0000001  
295     1080    1808    -10     -19     78.5538681    86.3627153    354.375  0.105   9.376   0.138   1      -2.000  -3.800  1070    1789    78.5678018    86.5477501    933600.0000001  822000.0000001  929800.0000001  824000.0000001  
296     928     1816    -10     -30     78.3575336    87.3480073    354.375  0.211   17.450  0.474   3      -2.000  -6.000  918     1786    78.3856407    87.5985566    935200.0000000  852400.0000000  929200.0000001  854400.0000001  
297     896     1824    -11     -31     78.3072744    87.5126626    354.375  0.196   19.688  0.425   3      -2.200  -6.200  885     1793    78.3353347    87.7752947    936800.0000000  858800.0000000  930600.0000000  861000.0000000  
298     960     1840    -12     -29     78.3642850    86.9872125    0.000   0.129   12.525  0.338   2      -2.400  -5.800  948     1811    78.3888989    87.2443695    940000.0000000  846000.0000000  934200.0000001  848400.0000001  
299     928     1848    -13     -30     78.3142354    87.1535239    354.375  0.177   17.765  0.420   3      -2.600  -6.000  915     1818    78.3388136    87.4226937    941600.0000000  852400.0000000  935600.0000000  855000.0000000  
300     1056    1856    -14     -22     78.4589687    86.2374919    354.375  0.153   13.948  0.367   2      -2.800  -4.400  1042    1834    78.4722518    86.4664303    943200.0000001  826800.0000001  938800.0000001  829600.0000001  
301     960     1872    -15     -30     78.3207399    86.7939683    354.375  0.135   12.036  0.279   1      -3.000  -6.000  945     1842    78.3432105    87.0759545    946400.0000000  846000.0000000  940400.0000000  849000.0000000  
302     992     1880    -16     -27     78.3486981    86.5298353    354.375  0.100   10.755  0.230   1      -3.200  -5.400  976     1853    78.3661260    86.8006193    948000.0000000  839600.0000000  942600.0000000  842800.0000000  
303     1040    1888    -16     -24     78.3956808    86.1551550    354.375  0.225   21.801  0.449   3      -3.200  -4.800  1024    1864    78.4093539    86.4084186    949600.0000001  830000.0000001  944800.0000001  833200.0000001  
