CP      startX  startY  dispX   dispY   sLat          sLon          theta   pCorr   pkStr   cCorr   conf   velX    velY    endX    endY    eLat          eLon          nps_startX    nps_startY    nps_endX      nps_endY      
0       1448    496     0       1       69.7584270    162.9464921   0.000   0.278   29.466  0.538   3      0.000   0.040   1448    497     69.7592665    162.9419216   -1038000.0000000  1956600.0000000  -1037800.0000000  1956600.0000000  
1       1416    512     0       0       69.7211525    162.7960603   0.000   0.402   44.717  0.692   3      0.000   0.000   1416    512     69.7211525    162.7960603   -1034800.0000000  1963000.0000000  -1034800.0000000  1963000.0000000  
2       1464    528     0       0       69.8105821    162.8387512   0.000   0.245   25.407  0.388   2      0.000   0.000   1464    528     69.8105821    162.8387512   -1031600.0000000  1953400.0000000  -1031600.0000000  1953400.0000000  
3       1440    560     0       0       69.7992059    162.6339475   0.000   0.340   36.720  0.628   3      0.000   0.000   1440    560     69.7992059    162.6339475   -1025200.0000000  1958200.0000000  -1025200.0000000  1958200.0000000  
4       1400    568     0       0       69.7423145    162.5014000   0.000   0.377   41.534  0.667   3      0.000   0.000   1400    568     69.7423145    162.5014000   -1023600.0000000  1966200.0000000  -1023600.0000000  1966200.0000000  
5       1400    600     0       0       69.7687205    162.3544735   0.000   0.371   40.123  0.636   3      0.000   0.000   1400    600     69.7687205    162.3544735   -1017200.0000000  1966200.0000000  -1017200.0000000  1966200.0000000  
6       1448    600     0       0       69.8450657    162.4690837   0.000   0.306   34.559  0.454   3      0.000   0.000   1448    600     69.8450657    162.4690837   -1017200.0000000  1956600.0000000  -1017200.0000000  1956600.0000000  
7       1368    616     0       0       69.7309087    162.2050847   0.000   0.392   43.576  0.765   3      0.000   0.000   1368    616     69.7309087    162.2050847   -1014000.0000000  1972600.0000000  -1014000.0000000  1972600.0000000  
8       1400    632     0       0       69.7949978    162.2071561   0.000   0.353   38.465  0.589   3      0.000   0.000   1400    632     69.7949978    162.2071561   -1010800.0000000  1966200.0000000  -1010800.0000000  1966200.0000000  
9       1440    632     0       0       69.8587128    162.3022553   0.000   0.291   29.163  0.491   3      0.000   0.000   1440    632     69.8587128    162.3022553   -1010800.0000000  1958200.0000000  -1010800.0000000  1958200.0000000  
10      1336    640     0       0       69.6994802    162.0195137   0.000   0.411   45.884  0.681   3      0.000   0.000   1336    640     69.6994802    162.0195137   -1009200.0000000  1979000.0000000  -1009200.0000000  1979000.0000000  
11      1368    648     0       0       69.7570501    162.0578512   0.000   0.404   46.883  0.709   3      0.000   0.000   1368    648     69.7570501    162.0578512   -1007600.0000000  1972600.0000000  -1007600.0000000  1972600.0000000  
12      1328    672     0       0       69.7126703    161.8536052   0.000   0.347   37.138  0.544   3      0.000   0.000   1328    672     69.7126703    161.8536052   -1002800.0000000  1980600.0000000  -1002800.0000000  1980600.0000000  
13      1400    680     0       0       69.8341713    161.9854480   0.000   0.330   36.249  0.635   3      0.000   0.000   1400    680     69.8341713    161.9854480   -1001200.0000000  1966200.0000000  -1001200.0000000  1966200.0000000  
14      1440    688     0       0       69.9045433    162.0428934   0.000   0.325   34.025  0.535   3      0.000   0.000   1440    688     69.9045433    162.0428934   -999600.0000000  1958200.0000000  -999600.0000000  1958200.0000000  
15      1368    696     0       0       69.7960196    161.8362745   0.000   0.339   37.095  0.651   3      0.000   0.000   1368    696     69.7960196    161.8362745   -998000.0000000  1972600.0000000  -998000.0000000  1972600.0000000  
16      1328    704     0       0       69.7384967    161.7060483   0.000   0.409   45.056  0.677   3      0.000   0.000   1328    704     69.7384967    161.7060483   -996400.0000000  1980600.0000000  -996400.0000000  1980600.0000000  
17      1288    712     0       0       69.6808818    161.5765749   0.000   0.294   30.137  0.503   3      0.000   0.000   1288    712     69.6808818    161.5765749   -994800.0000000  1988600.0000000  -994800.0000000  1988600.0000000  
18      1400    712     0       0       69.8601246    161.8371552   0.000   0.368   38.634  0.606   3      0.000   0.000   1400    712     69.8601246    161.8371552   -994800.0000000  1966200.0000000  -994800.0000000  1966200.0000000  
19      1432    720     0       0       69.9177642    161.8752720   0.000   0.289   32.324  0.420   3      0.000   0.000   1432    720     69.9177642    161.8752720   -993200.0000000  1959800.0000000  -993200.0000000  1959800.0000000  
20      1360    728     0       0       69.8090288    161.6694361   0.000   0.422   46.972  0.695   3      0.000   0.000   1360    728     69.8090288    161.6694361   -991600.0000000  1974200.0000000  -991600.0000000  1974200.0000000  
21      1400    744     0       0       69.8859472    161.6884730   0.000   0.317   34.198  0.586   3      0.000   0.000   1400    744     69.8859472    161.6884730   -988400.0000000  1966200.0000000  -988400.0000000  1966200.0000000  
22      1192    760     0       0       69.5650031    161.1365553   0.000   0.360   39.303  0.674   3      0.000   0.000   1192    760     69.5650031    161.1365553   -985200.0000000  2007800.0000000  -985200.0000000  2007800.0000000  
23      1288    760     0       0       69.7191972    161.3549153   0.000   0.259   25.196  0.459   3      0.000   0.000   1288    760     69.7191972    161.3549153   -985200.0000000  1988600.0000000  -985200.0000000  1988600.0000000  
24      1336    760     0       0       69.7962115    161.4653702   0.000   0.338   36.486  0.708   3      0.000   0.000   1336    760     69.7962115    161.4653702   -985200.0000000  1979000.0000000  -985200.0000000  1979000.0000000  
25      1224    768     0       0       69.6227480    161.1720853   0.000   0.414   45.316  0.671   3      0.000   0.000   1224    768     69.6227480    161.1720853   -983600.0000000  2001400.0000000  -983600.0000000  2001400.0000000  
26      1288    792     0       0       69.7445774    161.2066682   0.000   0.309   33.003  0.529   3      0.000   0.000   1288    792     69.7445774    161.2066682   -978800.0000000  1988600.0000000  -978800.0000000  1988600.0000000  
27      1336    792     0       0       69.8216965    161.3166875   0.000   0.344   37.424  0.622   3      0.000   0.000   1336    792     69.8216965    161.3166875   -978800.0000000  1979000.0000000  -978800.0000000  1979000.0000000  
28      1416    792     0       0       69.9501039    161.5019707   0.000   0.166   17.175  0.286   1      0.000   0.000   1416    792     69.9501039    161.5019707   -978800.0000000  1963000.0000000  -978800.0000000  1963000.0000000  
29      1240    816     0       0       69.6862748    160.9863955   0.000   0.326   33.547  0.553   3      0.000   0.000   1240    816     69.6862748    160.9863955   -974000.0000000  1998200.0000000  -974000.0000000  1998200.0000000  
30      1272    824     0       0       69.7440731    161.0217056   0.000   0.286   28.499  0.504   3      0.000   0.000   1272    824     69.7440731    161.0217056   -972400.0000000  1991800.0000000  -972400.0000000  1991800.0000000  
31      1304    824     0       0       69.7955735    161.0944742   0.000   0.278   29.834  0.430   3      0.000   0.000   1304    824     69.7955735    161.0944742   -972400.0000000  1985400.0000000  -972400.0000000  1985400.0000000  
32      1392    824     0       0       69.9370743    161.2965521   0.000   0.284   29.190  0.589   3      0.000   0.000   1392    824     69.9370743    161.2965521   -972400.0000000  1967800.0000000  -972400.0000000  1967800.0000000  
33      1360    840     0       0       69.8982943    161.1479468   0.000   0.316   33.196  0.560   3      0.000   0.000   1360    840     69.8982943    161.1479468   -969200.0000000  1974200.0000000  -969200.0000000  1974200.0000000  
34      1392    856     0       0       69.9624178    161.1465853   0.000   0.331   34.759  0.653   3      0.000   0.000   1392    856     69.9624178    161.1465853   -966000.0000000  1967800.0000000  -966000.0000000  1967800.0000000  
35      1264    864     0       0       69.7625051    160.8175360   0.000   0.354   37.689  0.572   3      0.000   0.000   1264    864     69.7625051    160.8175360   -964400.0000000  1993400.0000000  -964400.0000000  1993400.0000000  
36      1296    864     0       0       69.8140980    160.8898406   0.000   0.366   38.848  0.617   3      0.000   0.000   1296    864     69.8140980    160.8898406   -964400.0000000  1987000.0000000  -964400.0000000  1987000.0000000  
37      1392    888     0       0       69.9876283    160.9962320   0.000   0.320   33.165  0.595   3      0.000   0.000   1392    888     69.9876283    160.9962320   -959600.0000000  1967800.0000000  -959600.0000000  1967800.0000000  
38      1232    896     0       0       69.7357202    160.5966533   0.000   0.373   39.963  0.679   3      0.000   0.000   1232    896     69.7357202    160.5966533   -958000.0000000  1999800.0000000  -958000.0000000  1999800.0000000  
39      1288    896     0       0       69.8261534    160.7222538   0.000   0.351   38.838  0.633   3      0.000   0.000   1288    896     69.8261534    160.7222538   -958000.0000000  1988600.0000000  -958000.0000000  1988600.0000000  
40      1328    904     0       0       69.8969436    160.7751521   0.000   0.273   28.166  0.503   3      0.000   0.000   1328    904     69.8969436    160.7751521   -956400.0000000  1980600.0000000  -956400.0000000  1980600.0000000  
41      1224    928     0       0       69.7474769    160.4295537   0.000   0.483   53.737  0.750   3      0.000   0.000   1224    928     69.7474769    160.4295537   -951600.0000000  2001400.0000000  -951600.0000000  2001400.0000000  
42      1320    936     0       0       69.9088858    160.6067910   0.000   0.262   26.339  0.408   3      0.000   0.000   1320    936     69.9088858    160.6067910   -950000.0000000  1982200.0000000  -950000.0000000  1982200.0000000  
43      1352    944     0       0       69.9668026    160.6413829   0.000   0.315   33.651  0.508   3      0.000   0.000   1352    944     69.9668026    160.6413829   -948400.0000000  1975800.0000000  -948400.0000000  1975800.0000000  
44      1384    952     0       0       70.0247222    160.6761795   0.000   0.199   20.450  0.349   2      0.000   0.000   1384    952     70.0247222    160.6761795   -946800.0000000  1969400.0000000  -946800.0000000  1969400.0000000  
45      1224    960     0       0       69.7720252    160.2799330   0.000   0.462   51.000  0.713   3      0.000   0.000   1224    960     69.7720252    160.2799330   -945200.0000000  2001400.0000000  -945200.0000000  2001400.0000000  
46      1352    984     0       0       69.9977256    160.4525379   0.000   0.336   35.307  0.510   3      0.000   0.000   1352    984     69.9977256    160.4525379   -940400.0000000  1975800.0000000  -940400.0000000  1975800.0000000  
47      1224    992     0       0       69.7964397    160.1299423   0.000   0.308   31.855  0.470   3      0.000   0.000   1224    992     69.7964397    160.1299423   -938800.0000000  2001400.0000000  -938800.0000000  2001400.0000000  
48      1232    1040    0       0       69.8458107    159.9217705   0.000   0.260   26.683  0.435   3      0.000   0.000   1232    1040    69.8458107    159.9217705   -929200.0000000  1999800.0000000  -929200.0000000  1999800.0000000  
49      1296    1056    0       0       69.9619023    159.9868932   0.000   0.177   17.197  0.287   1      0.000   0.000   1296    1056    69.9619023    159.9868932   -926000.0000000  1987000.0000000  -926000.0000000  1987000.0000000  
50      1264    1064    0       0       69.9159357    159.8785841   0.000   0.234   23.417  0.359   2      0.000   0.000   1264    1064    69.9159357    159.8785841   -924400.0000000  1993400.0000000  -924400.0000000  1993400.0000000  
51      1344    1072    0       0       70.0520145    160.0172107   0.000   0.374   40.103  0.541   3      0.000   0.000   1344    1072    70.0520145    160.0172107   -922800.0000000  1977400.0000000  -922800.0000000  1977400.0000000  
