CP      startX  startY  dispX   dispY   sLat          sLon          theta   pCorr   pkStr   cCorr   conf   velX    velY    endX    endY    eLat          eLon          nps_startX    nps_startY    nps_endX      nps_endY      
0       712     344     1       0       82.2265624    -57.4772231   0.000   0.191   19.286  0.268   1      0.200   0.000   713     344     82.2247677    -57.4742880   -182200.0000000  -823400.0000000  -182200.0000000  -823600.0000000  
1       680     376     0       0       82.2965734    -57.1435993   0.000   0.242   25.159  0.572   3      0.000   0.000   680     376     82.2965734    -57.1435993   -175800.0000000  -817000.0000000  -175800.0000000  -817000.0000000  
2       696     408     0       0       82.2799305    -56.6695022   0.000   0.278   31.208  0.551   3      0.000   0.000   696     408     82.2799305    -56.6695022   -169400.0000000  -820200.0000000  -169400.0000000  -820200.0000000  
3       536     440     0       0       82.5799152    -56.6840809   0.000   0.216   24.267  0.203   1      0.000   0.000   536     440     82.5799152    -56.6840809   -163000.0000000  -788200.0000000  -163000.0000000  -788200.0000000  
4       664     440     0       0       82.3493016    -56.3261789   0.000   0.385   41.946  0.765   3      0.000   0.000   664     440     82.3493016    -56.3261789   -163000.0000000  -813800.0000000  -163000.0000000  -813800.0000000  
5       568     448     0       0       82.5252260    -56.4817750   0.000   0.413   45.689  0.706   3      0.000   0.000   568     448     82.5252260    -56.4817750   -161400.0000000  -794600.0000000  -161400.0000000  -794600.0000000  
6       600     456     0       0       82.4704485    -56.2824182   0.000   0.432   48.657  0.774   3      0.000   0.000   600     456     82.4704485    -56.2824182   -159800.0000000  -801000.0000000  -159800.0000000  -801000.0000000  
7       632     472     0       0       82.4183991    -55.9765670   0.000   0.414   46.863  0.736   3      0.000   0.000   632     472     82.4183991    -55.9765670   -156600.0000000  -807400.0000000  -156600.0000000  -807400.0000000  
8       480     480     0       0       82.6954795    -56.2815682   0.000   0.294   30.041  0.314   2      0.000   0.000   480     480     82.6954795    -56.2815682   -155000.0000000  -777000.0000000  -155000.0000000  -777000.0000000  
9       672     480     0       0       82.3489543    -55.7629856   0.000   0.453   50.832  0.718   3      0.000   0.000   672     480     82.3489543    -55.7629856   -155000.0000000  -815400.0000000  -155000.0000000  -815400.0000000  
10      528     488     0       0       82.6117238    -56.0351212   0.000   0.424   47.693  0.683   3      0.000   0.000   528     488     82.6117238    -56.0351212   -153400.0000000  -786600.0000000  -153400.0000000  -786600.0000000  
11      560     504     0       0       82.5594917    -55.7251883   0.000   0.421   45.818  0.626   3      0.000   0.000   560     504     82.5594917    -55.7251883   -150200.0000000  -793000.0000000  -150200.0000000  -793000.0000000  
12      616     504     0       0       82.4582992    -55.5792146   0.000   0.440   49.806  0.742   3      0.000   0.000   616     504     82.4582992    -55.5792146   -150200.0000000  -804200.0000000  -150200.0000000  -804200.0000000  
13      648     512     0       0       82.4031244    -55.3881740   0.000   0.416   46.582  0.701   3      0.000   0.000   648     512     82.4031244    -55.3881740   -148600.0000000  -810600.0000000  -148600.0000000  -810600.0000000  
14      408     520     0       0       82.8395861    -55.9106047   0.000   0.246   27.530  0.266   1      0.000   0.000   408     520     82.8395861    -55.9106047   -147000.0000000  -762600.0000000  -147000.0000000  -762600.0000000  
15      496     520     0       0       82.6805986    -55.6701939   0.000   0.399   44.724  0.693   3      0.000   0.000   496     520     82.6805986    -55.6701939   -147000.0000000  -780200.0000000  -147000.0000000  -780200.0000000  
16      464     536     0       0       82.7438580    -55.5275328   0.000   0.382   41.850  0.658   3      0.000   0.000   464     536     82.7438580    -55.5275328   -143800.0000000  -773800.0000000  -143800.0000000  -773800.0000000  
17      536     536     0       0       82.6136368    -55.3393859   0.000   0.414   45.097  0.714   3      0.000   0.000   536     536     82.6136368    -55.3393859   -143800.0000000  -788200.0000000  -143800.0000000  -788200.0000000  
18      416     552     0       0       82.8360212    -55.4248803   0.000   0.327   35.826  0.650   3      0.000   0.000   416     552     82.8360212    -55.4248803   -140600.0000000  -764200.0000000  -140600.0000000  -764200.0000000  
19      456     568     0       0       82.7688659    -55.0892287   0.000   0.319   34.669  0.587   3      0.000   0.000   456     568     82.7688659    -55.0892287   -137400.0000000  -772200.0000000  -137400.0000000  -772200.0000000  
20      648     576     0       0       82.4234546    -54.5104564   0.000   0.299   32.120  0.527   3      0.000   0.000   648     576     82.4234546    -54.5104564   -135800.0000000  -810600.0000000  -135800.0000000  -810600.0000000  
21      344     584     0       0       82.9768461    -55.1474150   0.000   0.383   40.599  0.687   3      0.000   0.000   344     584     82.9768461    -55.1474150   -134200.0000000  -749800.0000000  -134200.0000000  -749800.0000000  
22      376     592     0       0       82.9214501    -54.9457262   0.000   0.405   44.819  0.633   3      0.000   0.000   376     592     82.9214501    -54.9457262   -132600.0000000  -756200.0000000  -132600.0000000  -756200.0000000  
23      408     592     0       0       82.8634651    -54.8639045   0.000   0.385   42.593  0.646   3      0.000   0.000   408     592     82.8634651    -54.8639045   -132600.0000000  -762600.0000000  -132600.0000000  -762600.0000000  
24      504     592     0       0       82.6894470    -54.6262480   0.000   0.390   42.869  0.642   3      0.000   0.000   504     592     82.6894470    -54.6262480   -132600.0000000  -781800.0000000  -132600.0000000  -781800.0000000  
25      552     592     0       0       82.6024047    -54.5116240   0.000   0.477   55.545  0.777   3      0.000   0.000   552     592     82.6024047    -54.5116240   -132600.0000000  -791400.0000000  -132600.0000000  -791400.0000000  
26      584     608     0       0       82.5491320    -54.2129178   0.000   0.396   43.820  0.642   3      0.000   0.000   584     608     82.5491320    -54.2129178   -129400.0000000  -797800.0000000  -129400.0000000  -797800.0000000  
27      648     608     0       0       82.4329523    -54.0698758   0.000   0.306   32.113  0.561   3      0.000   0.000   648     608     82.4329523    -54.0698758   -129400.0000000  -810600.0000000  -129400.0000000  -810600.0000000  
28      448     616     0       0       82.7983227    -54.4164991   0.000   0.359   39.808  0.611   3      0.000   0.000   448     616     82.7983227    -54.4164991   -127800.0000000  -770600.0000000  -127800.0000000  -770600.0000000  
29      344     624     0       0       82.9894352    -54.5539954   0.000   0.326   35.040  0.592   3      0.000   0.000   344     624     82.9894352    -54.5539954   -126200.0000000  -749800.0000000  -126200.0000000  -749800.0000000  
30      480     624     0       0       82.7426281    -54.2253960   0.000   0.381   41.791  0.606   3      0.000   0.000   480     624     82.7426281    -54.2253960   -126200.0000000  -777000.0000000  -126200.0000000  -777000.0000000  
31      512     624     0       0       82.6845320    -54.1513093   0.000   0.465   53.165  0.651   3      0.000   0.000   512     624     82.6845320    -54.1513093   -126200.0000000  -783400.0000000  -126200.0000000  -783400.0000000  
32      552     624     0       0       82.6119001    -54.0603439   0.000   0.347   37.351  0.560   3      0.000   0.000   552     624     82.6119001    -54.0603439   -126200.0000000  -791400.0000000  -126200.0000000  -791400.0000000  
33      680     624     0       0       82.3793968    -53.7809400   0.000   0.285   29.992  0.535   3      0.000   0.000   680     624     82.3793968    -53.7809400   -126200.0000000  -817000.0000000  -126200.0000000  -817000.0000000  
34      272     632     0       0       83.1224992    -54.6163903   0.000   0.432   48.090  0.731   3      0.000   0.000   272     632     83.1224992    -54.6163903   -124600.0000000  -735400.0000000  -124600.0000000  -735400.0000000  
35      400     632     0       0       82.8902221    -54.2986414   0.000   0.383   42.561  0.637   3      0.000   0.000   400     632     82.8902221    -54.2986414   -124600.0000000  -761000.0000000  -124600.0000000  -761000.0000000  
36      640     648     0       0       82.4587415    -53.5342288   0.000   0.431   47.907  0.715   3      0.000   0.000   640     648     82.4587415    -53.5342288   -121400.0000000  -809000.0000000  -121400.0000000  -809000.0000000  
37      360     656     0       0       82.9698980    -54.0398201   0.000   0.416   47.266  0.625   3      0.000   0.000   360     656     82.9698980    -54.0398201   -119800.0000000  -753000.0000000  -119800.0000000  -753000.0000000  
38      584     656     0       0       82.5627513    -53.5398962   0.000   0.326   34.864  0.533   3      0.000   0.000   584     656     82.5627513    -53.5398962   -119800.0000000  -797800.0000000  -119800.0000000  -797800.0000000  
39      680     656     0       0       82.3881550    -53.3420608   0.000   0.333   35.643  0.553   3      0.000   0.000   680     656     82.3881550    -53.3420608   -119800.0000000  -817000.0000000  -119800.0000000  -817000.0000000  
40      304     664     0       0       83.0739534    -54.0535214   0.000   0.398   43.333  0.778   3      0.000   0.000   304     664     83.0739534    -54.0535214   -118200.0000000  -741800.0000000  -118200.0000000  -741800.0000000  
41      512     664     0       0       82.6958694    -53.5801135   0.000   0.400   44.049  0.655   3      0.000   0.000   512     664     82.6958694    -53.5801135   -118200.0000000  -783400.0000000  -118200.0000000  -783400.0000000  
42      552     664     0       0       82.6231247    -53.4946517   0.000   0.313   33.834  0.494   3      0.000   0.000   552     664     82.6231247    -53.4946517   -118200.0000000  -791400.0000000  -118200.0000000  -791400.0000000  
43      216     680     0       0       83.2384827    -54.0229972   0.000   0.304   31.593  0.523   3      0.000   0.000   216     680     83.2384827    -54.0229972   -115000.0000000  -724200.0000000  -115000.0000000  -724200.0000000  
44      248     680     0       0       83.1803237    -53.9452401   0.000   0.371   38.750  0.644   3      0.000   0.000   248     680     83.1803237    -53.9452401   -115000.0000000  -730600.0000000  -115000.0000000  -730600.0000000  
45      456     680     0       0       82.8020874    -53.4705269   0.000   0.340   35.939  0.545   3      0.000   0.000   456     680     82.8020874    -53.4705269   -115000.0000000  -772200.0000000  -115000.0000000  -772200.0000000  
46      376     688     0       0       82.9497994    -53.5285426   0.000   0.338   37.192  0.500   3      0.000   0.000   376     688     82.9497994    -53.5285426   -113400.0000000  -756200.0000000  -113400.0000000  -756200.0000000  
47      416     688     0       0       82.8770252    -53.4405546   0.000   0.458   52.735  0.726   3      0.000   0.000   416     688     82.8770252    -53.4405546   -113400.0000000  -764200.0000000  -113400.0000000  -764200.0000000  
48      680     688     0       0       82.3964668    -52.9021936   0.000   0.397   44.163  0.653   3      0.000   0.000   680     688     82.3964668    -52.9021936   -113400.0000000  -817000.0000000  -113400.0000000  -817000.0000000  
49      344     696     0       0       83.0101963    -53.4806878   0.000   0.356   39.024  0.604   3      0.000   0.000   344     696     83.0101963    -53.4806878   -111800.0000000  -749800.0000000  -111800.0000000  -749800.0000000  
50      544     704     0       0       82.6482010    -52.9431408   0.000   0.320   34.323  0.495   3      0.000   0.000   544     704     82.6482010    -52.9431408   -110200.0000000  -789800.0000000  -110200.0000000  -789800.0000000  
51      136     712     0       0       83.3930217    -53.7181947   0.000   0.256   26.643  0.454   3      0.000   0.000   136     712     83.3930217    -53.7181947   -108600.0000000  -708200.0000000  -108600.0000000  -708200.0000000  
52      216     712     0       0       83.2474664    -53.5284443   0.000   0.311   32.712  0.549   3      0.000   0.000   216     712     83.2474664    -53.5284443   -108600.0000000  -724200.0000000  -108600.0000000  -724200.0000000  
53      248     712     0       0       83.1892301    -53.4548203   0.000   0.405   45.726  0.727   3      0.000   0.000   248     712     83.1892301    -53.4548203   -108600.0000000  -730600.0000000  -108600.0000000  -730600.0000000  
54      648     712     0       0       82.4607232    -52.6307536   0.000   0.421   47.525  0.700   3      0.000   0.000   648     712     82.4607232    -52.6307536   -108600.0000000  -810600.0000000  -108600.0000000  -810600.0000000  
55      104     720     0       0       83.4534641    -53.6688467   0.000   0.260   25.657  0.417   3      0.000   0.000   104     720     83.4534641    -53.6688467   -107000.0000000  -701800.0000000  -107000.0000000  -701800.0000000  
56      168     720     0       0       83.3370019    -53.5158663   0.000   0.145   14.370  0.325   2      0.000   0.000   168     720     83.3370019    -53.5158663   -107000.0000000  -714600.0000000  -107000.0000000  -714600.0000000  
57      440     720     0       0       82.8417047    -52.9213755   0.000   0.329   35.107  0.479   3      0.000   0.000   440     720     82.8417047    -52.9213755   -107000.0000000  -769000.0000000  -107000.0000000  -769000.0000000  
58      472     720     0       0       82.7834043    -52.8568139   0.000   0.376   41.576  0.637   3      0.000   0.000   472     720     82.7834043    -52.8568139   -107000.0000000  -775400.0000000  -107000.0000000  -775400.0000000  
59      696     720     0       0       82.3751638    -52.4326025   0.000   0.448   50.757  0.701   3      0.000   0.000   696     720     82.3751638    -52.4326025   -107000.0000000  -820200.0000000  -107000.0000000  -820200.0000000  
60      752     728     0       0       82.2749349    -52.2250799   0.000   0.387   42.903  0.689   3      0.000   0.000   752     728     82.2749349    -52.2250799   -105400.0000000  -831400.0000000  -105400.0000000  -831400.0000000  
61      328     736     0       0       83.0498244    -52.9151098   0.000   0.435   49.813  0.733   3      0.000   0.000   328     736     83.0498244    -52.9151098   -103800.0000000  -746600.0000000  -103800.0000000  -746600.0000000  
62      360     736     0       0       82.9915105    -52.8486786   0.000   0.379   41.769  0.589   3      0.000   0.000   360     736     82.9915105    -52.8486786   -103800.0000000  -753000.0000000  -103800.0000000  -753000.0000000  
63      600     736     0       0       82.5539895    -52.3836982   0.000   0.423   46.825  0.633   3      0.000   0.000   600     736     82.5539895    -52.3836982   -103800.0000000  -801000.0000000  -103800.0000000  -801000.0000000  
64      136     744     0       0       83.4016909    -53.2116363   0.000   0.267   26.995  0.480   3      0.000   0.000   136     744     83.4016909    -53.2116363   -102200.0000000  -708200.0000000  -102200.0000000  -708200.0000000  
65      72      752     -1      -1      83.5203774    -53.2315842   0.000   0.194   17.867  0.345   2      -0.200  -0.200  71      751     83.5219352    -53.2500644   -100600.0000000  -695400.0000000  -100800.0000000  -695200.0000000  
66      104     752     -1      -1      83.4620813    -53.1575319   0.000   0.207   21.164  0.435   3      -0.200  -0.200  103     751     83.4636417    -53.1758292   -100600.0000000  -701800.0000000  -100800.0000000  -701600.0000000  
67      480     752     0       0       82.7766215    -52.3771793   0.000   0.387   41.997  0.585   3      0.000   0.000   480     752     82.7766215    -52.3771793   -100600.0000000  -777000.0000000  -100600.0000000  -777000.0000000  
68      648     752     0       0       82.4701352    -52.0745539   0.000   0.481   55.631  0.810   3      0.000   0.000   648     752     82.4701352    -52.0745539   -100600.0000000  -810600.0000000  -100600.0000000  -810600.0000000  
69      168     760     0       0       83.3475033    -52.8874964   0.000   0.325   34.600  0.554   3      0.000   0.000   168     760     83.3475033    -52.8874964   -99000.0000000  -714600.0000000  -99000.0000000  -714600.0000000  
70      288     760     0       0       83.1287142    -52.6342733   0.000   0.396   43.494  0.678   3      0.000   0.000   288     760     83.1287142    -52.6342733   -99000.0000000  -738600.0000000  -99000.0000000  -738600.0000000  
71      744     760     0       0       82.2967142    -51.8035633   0.000   0.318   33.703  0.638   3      0.000   0.000   744     760     82.2967142    -51.8035633   -99000.0000000  -829800.0000000  -99000.0000000  -829800.0000000  
72      808     760     -2      -1      82.1798893    -51.7011569   0.000   0.393   42.299  0.724   3      -0.400  -0.200  806     759     82.1833255    -51.7177311   -99000.0000000  -842600.0000000  -99200.0000000  -842200.0000000  
73      336     768     0       0       83.0430914    -52.4170028   0.000   0.413   46.413  0.609   3      0.000   0.000   336     768     83.0430914    -52.4170028   -97400.0000000  -748200.0000000  -97400.0000000  -748200.0000000  
74      576     768     0       0       82.6051295    -51.9744015   0.000   0.426   47.112  0.672   3      0.000   0.000   576     768     82.6051295    -51.9744015   -97400.0000000  -796200.0000000  -97400.0000000  -796200.0000000  
75      608     768     0       0       82.5467190    -51.9193284   0.000   0.493   57.286  0.739   3      0.000   0.000   608     768     82.5467190    -51.9193284   -97400.0000000  -802600.0000000  -97400.0000000  -802600.0000000  
76      392     776     0       0       82.9427782    -52.1900091   0.000   0.362   39.145  0.650   3      0.000   0.000   392     776     82.9427782    -52.1900091   -95800.0000000  -759400.0000000  -95800.0000000  -759400.0000000  
77      432     776     0       0       82.8697719    -52.1158270   0.000   0.352   37.390  0.580   3      0.000   0.000   432     776     82.8697719    -52.1158270   -95800.0000000  -767400.0000000  -95800.0000000  -767400.0000000  
78      104     784     -1      -1      83.4701775    -52.6449056   0.000   0.211   20.166  0.398   2      -0.200  -0.200  103     783     83.4717565    -52.6631022   -94200.0000000  -701800.0000000  -94400.0000000  -701600.0000000  
79      136     784     -1      -1      83.4118017    -52.5766248   0.000   0.195   19.131  0.381   2      -0.200  -0.200  135     783     83.4133831    -52.5946434   -94200.0000000  -708200.0000000  -94400.0000000  -708000.0000000  
80      200     784     0       0       83.2950327    -52.4436379   0.000   0.288   29.865  0.531   3      0.000   0.000   200     784     83.2950327    -52.4436379   -94200.0000000  -721000.0000000  -94200.0000000  -721000.0000000  
81      256     784     0       0       83.1928422    -52.3310254   0.000   0.230   22.889  0.495   3      0.000   0.000   256     784     83.1928422    -52.3310254   -94200.0000000  -732200.0000000  -94200.0000000  -732200.0000000  
82      488     784     0       0       82.7693349    -51.8984804   0.000   0.361   39.096  0.560   3      0.000   0.000   488     784     82.7693349    -51.8984804   -94200.0000000  -778600.0000000  -94200.0000000  -778600.0000000  
83      168     792     0       0       83.3553280    -52.3834147   0.000   0.251   26.566  0.539   3      0.000   0.000   168     792     83.3553280    -52.3834147   -92600.0000000  -714600.0000000  -92600.0000000  -714600.0000000  
84      288     792     0       0       83.1362873    -52.1460199   0.000   0.310   33.013  0.518   3      0.000   0.000   288     792     83.1362873    -52.1460199   -92600.0000000  -738600.0000000  -92600.0000000  -738600.0000000  
85      648     792     0       0       82.4788379    -51.5170109   0.000   0.343   37.940  0.675   3      0.000   0.000   648     792     82.4788379    -51.5170109   -92600.0000000  -810600.0000000  -92600.0000000  -810600.0000000  
86      704     792     -1      -1      82.3765366    -51.4289417   0.000   0.229   24.140  0.603   3      -0.200  -0.200  703     791     82.3781573    -51.4442656   -92600.0000000  -821800.0000000  -92800.0000000  -821600.0000000  
87      792     792     -3      -2      82.2157660    -51.2952374   0.000   0.191   20.003  0.528   3      -0.600  -0.400  789     790     82.2208428    -51.3266966   -92600.0000000  -839400.0000000  -93000.0000000  -838800.0000000  
88      576     800     0       0       82.6120432    -51.5202077   0.000   0.491   57.843  0.716   3      0.000   0.000   576     800     82.6120432    -51.5202077   -91000.0000000  -796200.0000000  -91000.0000000  -796200.0000000  
89      608     800     0       0       82.5535779    -51.4686574   0.000   0.535   65.086  0.814   3      0.000   0.000   608     800     82.5535779    -51.4686574   -91000.0000000  -802600.0000000  -91000.0000000  -802600.0000000  
90      736     800     -2      -1      82.3196962    -51.2703263   0.000   0.276   28.221  0.602   3      -0.400  -0.200  734     799     82.3231498    -51.2870093   -91000.0000000  -828200.0000000  -91200.0000000  -827800.0000000  
91      840     800     -2      -1      82.1296487    -51.1178864   0.000   0.200   20.388  0.376   2      -0.400  -0.200  838     799     82.1331074    -51.1340980   -91000.0000000  -849000.0000000  -91200.0000000  -848600.0000000  
92      368     808     0       0       82.9937490    -51.7565298   0.000   0.362   38.745  0.580   3      0.000   0.000   368     808     82.9937490    -51.7565298   -89400.0000000  -754600.0000000  -89400.0000000  -754600.0000000  
93      448     808     0       0       82.8475899    -51.6175009   0.000   0.365   40.218  0.565   3      0.000   0.000   448     808     82.8475899    -51.6175009   -89400.0000000  -770600.0000000  -89400.0000000  -770600.0000000  
94      872     808     -1      -1      82.0727118    -50.9664649   0.000   0.225   23.110  0.531   3      -0.200  -0.200  871     807     82.0743483    -50.9811044   -89400.0000000  -855400.0000000  -89600.0000000  -855200.0000000  
95      136     816     -1      -1      83.4193074    -52.0672565   0.000   0.218   21.979  0.419   3      -0.200  -0.200  135     815     83.4209071    -52.0851723   -87800.0000000  -708200.0000000  -88000.0000000  -708000.0000000  
96      200     816     0       0       83.3024064    -51.9430262   0.000   0.291   30.641  0.533   3      0.000   0.000   200     816     83.3024064    -51.9430262   -87800.0000000  -721000.0000000  -87800.0000000  -721000.0000000  
97      232     816     0       0       83.2439494    -51.8825268   0.000   0.363   39.720  0.568   3      0.000   0.000   232     816     83.2439494    -51.8825268   -87800.0000000  -727400.0000000  -87800.0000000  -727400.0000000  
98      168     824     -1      -1      83.3626384    -51.8781810   0.000   0.246   24.644  0.509   3      -0.200  -0.200  167     823     83.3642448    -51.8958977   -86200.0000000  -714600.0000000  -86400.0000000  -714400.0000000  
99      264     824     0       0       83.1872215    -51.6998700   0.000   0.219   22.337  0.372   2      0.000   0.000   264     824     83.1872215    -51.6998700   -86200.0000000  -733800.0000000  -86200.0000000  -733800.0000000  
100     608     832     0       0       82.5599766    -51.0171812   0.000   0.506   60.361  0.734   3      0.000   0.000   608     832     82.5599766    -51.0171812   -84600.0000000  -802600.0000000  -84600.0000000  -802600.0000000  
101     576     840     0       0       82.6200330    -50.9513123   0.000   0.482   57.265  0.775   3      0.000   0.000   576     840     82.6200330    -50.9513123   -83000.0000000  -796200.0000000  -83000.0000000  -796200.0000000  
102     896     840     -1      0       82.0347071    -50.5113616   0.000   0.251   25.640  0.593   3      -0.200  0.000   895     840     82.0365363    -50.5126355   -83000.0000000  -860200.0000000  -83000.0000000  -860000.0000000  
103     440     848     0       0       82.8703275    -51.0423585   0.000   0.375   41.445  0.589   3      0.000   0.000   440     848     82.8703275    -51.0423585   -81400.0000000  -769000.0000000  -81400.0000000  -769000.0000000  
104     176     856     0       0       83.3548009    -51.3577521   0.000   0.214   21.689  0.403   3      0.000   0.000   176     856     83.3548009    -51.3577521   -79800.0000000  -716200.0000000  -79800.0000000  -716200.0000000  
105     224     856     0       0       83.2670063    -51.2743346   0.000   0.188   18.932  0.357   2      0.000   0.000   224     856     83.2670063    -51.2743346   -79800.0000000  -725800.0000000  -79800.0000000  -725800.0000000  
106     264     856     0       0       83.1938392    -51.2064675   0.000   0.332   36.337  0.628   3      0.000   0.000   264     856     83.1938392    -51.2064675   -79800.0000000  -733800.0000000  -79800.0000000  -733800.0000000  
107     400     856     0       0       82.9450435    -50.9862736   0.000   0.353   37.861  0.582   3      0.000   0.000   400     856     82.9450435    -50.9862736   -79800.0000000  -761000.0000000  -79800.0000000  -761000.0000000  
108     528     856     0       0       82.7108525    -50.7927965   0.000   0.431   48.575  0.763   3      0.000   0.000   528     856     82.7108525    -50.7927965   -79800.0000000  -786600.0000000  -79800.0000000  -786600.0000000  
109     328     864     0       0       83.0783125    -50.9794428   0.000   0.222   23.097  0.358   2      0.000   0.000   328     864     83.0783125    -50.9794428   -78200.0000000  -746600.0000000  -78200.0000000  -746600.0000000  
110     608     864     0       0       82.5659138    -50.5649538   0.000   0.523   62.919  0.816   3      0.000   0.000   608     864     82.5659138    -50.5649538   -78200.0000000  -802600.0000000  -78200.0000000  -802600.0000000  
111     936     864     -1      0       81.9656153    -50.1468233   0.000   0.257   26.641  0.602   3      -0.200  0.000   935     864     81.9674455    -50.1480028   -78200.0000000  -868200.0000000  -78200.0000000  -868000.0000000  
112     496     880     0       0       82.7737601    -50.4909252   0.000   0.482   56.108  0.766   3      0.000   0.000   496     880     82.7737601    -50.4909252   -75000.0000000  -780200.0000000  -75000.0000000  -780200.0000000  
113     288     888     0       0       83.1560106    -50.6752605   0.000   0.352   36.924  0.514   3      0.000   0.000   288     888     83.1560106    -50.6752605   -73400.0000000  -738600.0000000  -73400.0000000  -738600.0000000  
114     528     888     0       0       82.7165565    -50.3310035   0.000   0.368   40.437  0.565   3      0.000   0.000   528     888     82.7165565    -50.3310035   -73400.0000000  -786600.0000000  -73400.0000000  -786600.0000000  
115     216     896     0       0       83.2893014    -50.6620228   0.000   0.281   29.280  0.587   3      0.000   0.000   216     896     83.2893014    -50.6620228   -71800.0000000  -724200.0000000  -71800.0000000  -724200.0000000  
116     328     896     0       0       83.0841970    -50.4932019   0.000   0.282   28.352  0.486   3      0.000   0.000   328     896     83.0841970    -50.4932019   -71800.0000000  -746600.0000000  -71800.0000000  -746600.0000000  
117     360     896     0       0       83.0255930    -50.4467953   0.000   0.268   27.753  0.518   3      0.000   0.000   360     896     83.0255930    -50.4467953   -71800.0000000  -753000.0000000  -71800.0000000  -753000.0000000  
118     400     896     0       0       82.9523365    -50.3898750   0.000   0.249   25.298  0.507   3      0.000   0.000   400     896     82.9523365    -50.3898750   -71800.0000000  -761000.0000000  -71800.0000000  -761000.0000000  
119     584     896     0       0       82.6153446    -50.1426221   0.000   0.383   42.656  0.741   3      0.000   0.000   584     896     82.6153446    -50.1426221   -71800.0000000  -797800.0000000  -71800.0000000  -797800.0000000  
120     624     896     0       0       82.5420844    -50.0918357   0.000   0.354   38.186  0.622   3      0.000   0.000   624     896     82.5420844    -50.0918357   -71800.0000000  -805800.0000000  -71800.0000000  -805800.0000000  
121     480     920     0       0       82.8097472    -49.9283719   0.000   0.464   55.209  0.752   3      0.000   0.000   480     920     82.8097472    -49.9283719   -67000.0000000  -777000.0000000  -67000.0000000  -777000.0000000  
122     272     928     0       0       83.1922201    -50.0820127   0.000   0.208   20.435  0.359   2      0.000   0.000   272     928     83.1922201    -50.0820127   -65400.0000000  -735400.0000000  -65400.0000000  -735400.0000000  
123     384     928     0       0       82.9869465    -49.9325446   0.000   0.304   31.517  0.522   3      0.000   0.000   384     928     82.9869465    -49.9325446   -65400.0000000  -757800.0000000  -65400.0000000  -757800.0000000  
124     552     928     0       0       82.6790348    -49.7240951   0.000   0.351   37.730  0.542   3      0.000   0.000   552     928     82.6790348    -49.7240951   -65400.0000000  -791400.0000000  -65400.0000000  -791400.0000000  
125     584     928     0       0       82.6203859    -49.6863676   0.000   0.450   52.648  0.794   3      0.000   0.000   584     928     82.6203859    -49.6863676   -65400.0000000  -797800.0000000  -65400.0000000  -797800.0000000  
126     616     928     0       0       82.5617376    -49.6492366   0.000   0.414   46.318  0.734   3      0.000   0.000   616     928     82.5617376    -49.6492366   -65400.0000000  -804200.0000000  -65400.0000000  -804200.0000000  
127     344     944     0       0       83.0627547    -49.7421395   0.000   0.438   51.151  0.714   3      0.000   0.000   344     944     83.0627547    -49.7421395   -62200.0000000  -749800.0000000  -62200.0000000  -749800.0000000  
128     280     960     0       0       83.1825094    -49.5770111   0.000   0.219   23.412  0.347   2      0.000   0.000   280     960     83.1825094    -49.5770111   -59000.0000000  -737000.0000000  -59000.0000000  -737000.0000000  
129     384     960     0       0       82.9917622    -49.4518940   0.000   0.403   44.868  0.696   3      0.000   0.000   384     960     82.9917622    -49.4518940   -59000.0000000  -757800.0000000  -59000.0000000  -757800.0000000  
130     312     968     -1      0       83.1249664    -49.4152076   0.000   0.217   21.624  0.523   3      -0.200  0.000   311     968     83.1268008    -49.4163911   -57400.0000000  -743400.0000000  -57400.0000000  -743200.0000000  
131     464     968     0       0       82.8461409    -49.2423951   0.000   0.371   41.022  0.659   3      0.000   0.000   464     968     82.8461409    -49.2423951   -57400.0000000  -773800.0000000  -57400.0000000  -773800.0000000  
132     624     968     0       0       82.5526637    -49.0744998   0.000   0.370   41.355  0.644   3      0.000   0.000   624     968     82.5526637    -49.0744998   -57400.0000000  -805800.0000000  -57400.0000000  -805800.0000000  
133     552     976     0       0       82.6857743    -49.0331340   0.000   0.305   33.289  0.691   3      0.000   0.000   552     976     82.6857743    -49.0331340   -55800.0000000  -791400.0000000  -55800.0000000  -791400.0000000  
134     344     984     0       -1      83.0684496    -49.1344882   0.000   0.197   21.611  0.530   3      0.000   -0.200  344     983     83.0683168    -49.1496914   -54200.0000000  -749800.0000000  -54400.0000000  -749800.0000000  
135     496     984     -1      -1      82.7895425    -48.9739170   0.000   0.242   24.350  0.479   3      -0.200  -0.200  495     983     82.7912496    -48.9895531   -54200.0000000  -780200.0000000  -54400.0000000  -780000.0000000  
136     384     1000    -1      -1      82.9970888    -48.8502046   0.000   0.210   21.264  0.443   3      -0.200  -0.200  383     999     82.9988005    -48.8662751   -51000.0000000  -757800.0000000  -51200.0000000  -757600.0000000  
137     432     1000    0       0       82.9089866    -48.8021816   0.000   0.352   37.565  0.665   3      0.000   0.000   432     1000    82.9089866    -48.8021816   -51000.0000000  -767400.0000000  -51000.0000000  -767400.0000000  
138     648     1000    1       0       82.5125703    -48.6000965   0.000   0.200   19.480  0.486   3      0.200   0.000   649     1000    82.5107352    -48.5992108   -51000.0000000  -810600.0000000  -51000.0000000  -810800.0000000  
139     336     1016    0       0       83.0871333    -48.6554682   0.000   0.205   20.511  0.460   3      0.000   0.000   336     1016    83.0871333    -48.6554682   -47800.0000000  -748200.0000000  -47800.0000000  -748200.0000000  
140     528     1016    -1      -1      82.7346365    -48.4774658   0.000   0.340   34.042  0.652   3      -0.200  -0.200  527     1015    82.7363604    -48.4928658   -47800.0000000  -786600.0000000  -48000.0000000  -786400.0000000  
141     368     1032    -1      -1      83.0301786    -48.3824840   0.000   0.298   30.629  0.616   3      -0.200  -0.200  367     1031    83.0319063    -48.3985152   -44600.0000000  -754600.0000000  -44800.0000000  -754400.0000000  
142     408     1032    -1      -1      82.9567198    -48.3470814   0.000   0.263   27.378  0.539   3      -0.200  -0.200  407     1031    82.9584486    -48.3629363   -44600.0000000  -762600.0000000  -44800.0000000  -762400.0000000  
143     616     1040    0       0       82.5755849    -48.0606499   0.000   0.159   15.506  0.433   3      0.000   0.000   616     1040    82.5755849    -48.0606499   -43000.0000000  -804200.0000000  -43000.0000000  -804200.0000000  
144     680     1056    -1      0       82.4595614    -47.7889482   0.000   0.256   27.539  0.604   3      -0.200  0.000   679     1056    82.4613978    -47.7896301   -39800.0000000  -817000.0000000  -39800.0000000  -816800.0000000  
145     712     1056    -1      0       82.4007975    -47.7673046   0.000   0.321   32.028  0.642   3      -0.200  0.000   711     1056    82.4026338    -47.7679758   -39800.0000000  -823400.0000000  -39800.0000000  -823200.0000000  
146     384     1064    -1      -1      83.0040060    -47.8857848   0.000   0.204   20.095  0.459   3      -0.200  -0.200  383     1063    83.0057505    -47.9016324   -38200.0000000  -757800.0000000  -38400.0000000  -757600.0000000  
147     416     1064    0       -1      82.9452127    -47.8616573   0.000   0.227   22.976  0.590   3      0.000   -0.200  416     1063    82.9451207    -47.8766147   -38200.0000000  -764200.0000000  -38400.0000000  -764200.0000000  
148     744     1064    -1      -1      82.3427268    -47.6357612   0.000   0.165   16.007  0.433   3      -0.200  -0.200  743     1063    82.3444784    -47.6501792   -38200.0000000  -829800.0000000  -38400.0000000  -829600.0000000  
149     528     1072    0       0       82.7401538    -47.6640149   0.000   0.460   52.348  0.784   3      0.000   0.000   528     1072    82.7401538    -47.6640149   -36600.0000000  -786600.0000000  -36600.0000000  -786600.0000000  
150     776     1088    0       1       82.2858502    -47.2873264   0.000   0.164   16.294  0.362   2      0.000   0.200   776     1089    82.2859233    -47.2736442   -33400.0000000  -836200.0000000  -33200.0000000  -836200.0000000  
151     416     1096    0       0       82.9479059    -47.3828255   0.000   0.337   37.356  0.655   3      0.000   0.000   416     1096    82.9479059    -47.3828255   -31800.0000000  -764200.0000000  -31800.0000000  -764200.0000000  
152     504     1112    -1      0       82.7873116    -47.0950741   0.000   0.253   26.034  0.623   3      -0.200  0.000   503     1112    82.7891496    -47.0956097   -28600.0000000  -781800.0000000  -28600.0000000  -781600.0000000  
153     456     1120    0       0       82.8760691    -47.0025331   0.000   0.185   17.684  0.394   2      0.000   0.000   456     1120    82.8760691    -47.0025331   -27000.0000000  -772200.0000000  -27000.0000000  -772200.0000000  
154     784     1120    -1      0       82.2732751    -46.8458472   0.000   0.133   12.685  0.346   2      -0.200  0.000   783     1120    82.2751123    -46.8462877   -27000.0000000  -837800.0000000  -27000.0000000  -837600.0000000  
155     824     1128    0       1       82.2002427    -46.7201177   0.000   0.223   21.336  0.406   3      0.000   0.200   824     1129    82.2002977    -46.7065815   -25400.0000000  -845800.0000000  -25200.0000000  -845800.0000000  
156     496     1160    0       0       82.8047076    -46.3950329   0.000   0.340   35.476  0.715   3      0.000   0.000   496     1160    82.8047076    -46.3950329   -19000.0000000  -780200.0000000  -19000.0000000  -780200.0000000  
157     824     1160    -1      1       82.2017860    -46.2868725   0.000   0.179   18.612  0.537   3      -0.200  0.200   823     1161    82.2036647    -46.2736320   -19000.0000000  -845800.0000000  -18800.0000000  -845600.0000000  
158     856     1168    0       1       82.1432987    -46.1696879   0.000   0.217   21.601  0.466   3      0.000   0.200   856     1169    82.1433360    -46.1562469   -17400.0000000  -852200.0000000  -17200.0000000  -852200.0000000  
159     536     1176    -2      0       82.7318103    -46.1483787   0.000   0.183   18.013  0.510   3      -0.400  0.000   534     1176    82.7354879    -46.1489616   -15800.0000000  -788200.0000000  -15800.0000000  -787800.0000000  
160     864     1200    1       0       82.1295764    -45.7381339   0.000   0.226   20.934  0.588   3      0.200   0.000   865     1200    82.1277386    -45.7379610   -11000.0000000  -853800.0000000  -11000.0000000  -854000.0000000  
161     896     1208    -1      -1      82.0709444    -45.6260857   0.000   0.193   20.283  0.662   3      -0.200  -0.200  895     1207    82.0727618    -45.6395542   -9400.0000000  -860200.0000000  -9600.0000000  -860000.0000000  
162     936     1224    -3      -2      81.9977047    -45.4091543   0.000   0.250   23.432  0.515   3      -0.600  -0.400  933     1222    82.0031903    -45.4358516   -6200.0000000  -868200.0000000  -6600.0000000  -867600.0000000  
163     1000    1256    -2      0       81.8803078    -44.9869930   0.000   0.159   14.749  0.433   3      -0.400  0.000   998     1256    81.8839825    -44.9869871   200.0000000   -881000.0000000  200.0000000   -880600.0000000  
