CP      startX  startY  dispX   dispY   sLat          sLon          theta   pCorr   pkStr   cCorr   conf   velX    velY    endX    endY    eLat          eLon          nps_startX    nps_startY    nps_endX      nps_endY      
0       536     272     0       0       83.0152760    -67.1160177   0.000   0.285   32.125  0.293   1      0.000   0.000   536     272     83.0152760    -67.1160177   -285200.0000000  -701800.0000000  -285200.0000000  -701800.0000000  
1       520     304     0       0       83.0645735    -66.7561455   0.000   0.378   41.566  0.593   3      0.000   0.000   520     304     83.0645735    -66.7561455   -278800.0000000  -698600.0000000  -278800.0000000  -698600.0000000  
2       488     320     0       0       83.1301634    -66.7100151   0.000   0.340   36.917  0.548   3      0.000   0.000   488     320     83.1301634    -66.7100151   -275600.0000000  -692200.0000000  -275600.0000000  -692200.0000000  
3       576     336     0       0       82.9900926    -65.9953078   0.000   0.454   51.506  0.671   3      0.000   0.000   576     336     82.9900926    -65.9953078   -272400.0000000  -709800.0000000  -272400.0000000  -709800.0000000  
4       456     352     0       0       83.2065658    -66.4317085   0.000   0.350   37.518  0.607   3      0.000   0.000   456     352     83.2065658    -66.4317085   -269200.0000000  -685800.0000000  -269200.0000000  -685800.0000000  
5       488     352     0       0       83.1517237    -66.2513044   0.000   0.356   39.192  0.583   3      0.000   0.000   488     352     83.1517237    -66.2513044   -269200.0000000  -692200.0000000  -269200.0000000  -692200.0000000  
6       616     368     0       0       82.9420162    -65.3335351   0.000   0.451   50.607  0.718   3      0.000   0.000   616     368     82.9420162    -65.3335351   -266000.0000000  -717800.0000000  -266000.0000000  -717800.0000000  
7       424     376     0       0       83.2774854    -66.2643411   0.000   0.296   31.807  0.464   3      0.000   0.000   424     376     83.2774854    -66.2643411   -264400.0000000  -679400.0000000  -264400.0000000  -679400.0000000  
8       456     384     0       0       83.2278584    -65.9669373   0.000   0.336   35.479  0.561   3      0.000   0.000   456     384     83.2278584    -65.9669373   -262800.0000000  -685800.0000000  -262800.0000000  -685800.0000000  
9       512     384     0       0       83.1315426    -65.6586741   0.000   0.499   58.241  0.719   3      0.000   0.000   512     384     83.1315426    -65.6586741   -262800.0000000  -697000.0000000  -262800.0000000  -697000.0000000  
10      392     408     0       0       83.3536358    -65.9747305   0.000   0.410   46.381  0.696   3      0.000   0.000   392     408     83.3536358    -65.9747305   -258000.0000000  -673000.0000000  -258000.0000000  -673000.0000000  
11      616     408     0       0       82.9672457    -64.7700405   0.000   0.422   46.716  0.650   3      0.000   0.000   616     408     82.9672457    -64.7700405   -258000.0000000  -717800.0000000  -258000.0000000  -717800.0000000  
12      504     416     0       0       83.1659050    -65.2393672   0.000   0.375   41.034  0.624   3      0.000   0.000   504     416     83.1659050    -65.2393672   -256400.0000000  -695400.0000000  -256400.0000000  -695400.0000000  
13      560     432     0       0       83.0791275    -64.7144143   0.000   0.404   44.296  0.641   3      0.000   0.000   560     432     83.0791275    -64.7144143   -253200.0000000  -706600.0000000  -253200.0000000  -706600.0000000  
14      672     432     0       0       82.8848268    -64.1533977   0.000   0.479   54.542  0.710   3      0.000   0.000   672     432     82.8848268    -64.1533977   -253200.0000000  -729000.0000000  -253200.0000000  -729000.0000000  
15      512     448     0       0       83.1721957    -64.7318978   0.000   0.395   43.539  0.672   3      0.000   0.000   512     448     83.1721957    -64.7318978   -250000.0000000  -697000.0000000  -250000.0000000  -697000.0000000  
16      344     456     0       0       83.4675448    -65.5276454   0.000   0.399   44.804  0.671   3      0.000   0.000   344     456     83.4675448    -65.5276454   -248400.0000000  -663400.0000000  -248400.0000000  -663400.0000000  
17      384     464     0       0       83.4036452    -65.1829286   0.000   0.438   50.109  0.648   3      0.000   0.000   384     464     83.4036452    -65.1829286   -246800.0000000  -671400.0000000  -246800.0000000  -671400.0000000  
18      608     464     0       0       83.0153343    -64.0137710   0.000   0.459   52.272  0.700   3      0.000   0.000   608     464     83.0153343    -64.0137710   -246800.0000000  -716200.0000000  -246800.0000000  -716200.0000000  
19      680     464     0       0       82.8899809    -63.6652021   0.000   0.432   47.095  0.738   3      0.000   0.000   680     464     82.8899809    -63.6652021   -246800.0000000  -730600.0000000  -246800.0000000  -730600.0000000  
20      576     472     0       0       83.0757869    -64.0574423   0.000   0.462   52.649  0.692   3      0.000   0.000   576     472     83.0757869    -64.0574423   -245200.0000000  -709800.0000000  -245200.0000000  -709800.0000000  
21      544     480     0       0       83.1362391    -64.1018846   0.000   0.452   50.881  0.652   3      0.000   0.000   544     480     83.1362391    -64.1018846   -243600.0000000  -703400.0000000  -243600.0000000  -703400.0000000  
22      776     480     0       0       82.7316230    -62.9982867   0.000   0.420   48.289  0.624   3      0.000   0.000   776     480     82.7316230    -62.9982867   -243600.0000000  -749800.0000000  -243600.0000000  -749800.0000000  
23      344     488     0       0       83.4879634    -65.0413353   0.000   0.385   42.666  0.652   3      0.000   0.000   344     488     83.4879634    -65.0413353   -242000.0000000  -663400.0000000  -242000.0000000  -663400.0000000  
24      640     488     0       0       82.9737972    -63.5157877   0.000   0.451   50.772  0.696   3      0.000   0.000   640     488     82.9737972    -63.5157877   -242000.0000000  -722600.0000000  -242000.0000000  -722600.0000000  
25      304     496     0       0       83.5621654    -65.1429817   0.000   0.378   41.265  0.582   3      0.000   0.000   304     496     83.5621654    -65.1429817   -240400.0000000  -655400.0000000  -240400.0000000  -655400.0000000  
26      400     496     0       0       83.3960012    -64.6139995   0.000   0.457   51.978  0.697   3      0.000   0.000   400     496     83.3960012    -64.6139995   -240400.0000000  -674600.0000000  -240400.0000000  -674600.0000000  
27      712     496     0       0       82.8526631    -63.0656656   0.000   0.387   42.850  0.708   3      0.000   0.000   712     496     82.8526631    -63.0656656   -240400.0000000  -737000.0000000  -240400.0000000  -737000.0000000  
28      744     496     0       0       82.7966834    -62.9201216   0.000   0.500   59.329  0.761   3      0.000   0.000   744     496     82.7966834    -62.9201216   -240400.0000000  -743400.0000000  -240400.0000000  -743400.0000000  
29      432     504     0       0       83.3453846    -64.3237681   0.000   0.478   56.238  0.704   3      0.000   0.000   432     504     83.3453846    -64.3237681   -238800.0000000  -681000.0000000  -238800.0000000  -681000.0000000  
30      576     504     0       0       83.0947855    -63.5946276   0.000   0.435   51.056  0.722   3      0.000   0.000   576     504     83.0947855    -63.5946276   -238800.0000000  -709800.0000000  -238800.0000000  -709800.0000000  
31      680     504     0       0       82.9131852    -63.1002204   0.000   0.371   40.688  0.615   3      0.000   0.000   680     504     82.9131852    -63.1002204   -238800.0000000  -730600.0000000  -238800.0000000  -730600.0000000  
32      464     512     0       0       83.2946027    -64.0379351   0.000   0.499   58.453  0.793   3      0.000   0.000   464     512     83.2946027    -64.0379351   -237200.0000000  -687400.0000000  -237200.0000000  -687400.0000000  
33      792     512     0       0       82.7215300    -62.4847734   0.000   0.396   43.954  0.724   3      0.000   0.000   792     512     82.7215300    -62.4847734   -237200.0000000  -753000.0000000  -237200.0000000  -753000.0000000  
34      536     520     0       0       83.1739253    -63.5573232   0.000   0.380   40.941  0.682   3      0.000   0.000   536     520     83.1739253    -63.5573232   -235600.0000000  -701800.0000000  -235600.0000000  -701800.0000000  
35      272     528     0       0       83.6376538    -64.8270070   0.000   0.459   52.663  0.724   3      0.000   0.000   272     528     83.6376538    -64.8270070   -234000.0000000  -649000.0000000  -234000.0000000  -649000.0000000  
36      504     528     0       0       83.2344279    -63.5979309   0.000   0.404   44.555  0.621   3      0.000   0.000   504     528     83.2344279    -63.5979309   -234000.0000000  -695400.0000000  -234000.0000000  -695400.0000000  
37      648     528     0       0       82.9828141    -62.9064313   0.000   0.437   48.016  0.652   3      0.000   0.000   648     528     82.9828141    -62.9064313   -234000.0000000  -724200.0000000  -234000.0000000  -724200.0000000  
38      744     528     0       0       82.8145744    -62.4724368   0.000   0.472   54.010  0.721   3      0.000   0.000   744     528     82.8145744    -62.4724368   -234000.0000000  -743400.0000000  -234000.0000000  -743400.0000000  
39      400     536     0       0       83.4203466    -64.0088524   0.000   0.404   44.353  0.637   3      0.000   0.000   400     536     83.4203466    -64.0088524   -232400.0000000  -674600.0000000  -232400.0000000  -674600.0000000  
40      328     544     0       0       83.5503681    -64.2691687   0.000   0.411   46.146  0.631   3      0.000   0.000   328     544     83.5503681    -64.2691687   -230800.0000000  -660200.0000000  -230800.0000000  -660200.0000000  
41      616     544     0       0       83.0478753    -62.8245731   0.000   0.437   49.472  0.670   3      0.000   0.000   616     544     83.0478753    -62.8245731   -230800.0000000  -717800.0000000  -230800.0000000  -717800.0000000  
42      792     552     0       0       82.7432928    -61.9293297   0.000   0.405   45.230  0.700   3      0.000   0.000   792     552     82.7432928    -61.9293297   -229200.0000000  -753000.0000000  -229200.0000000  -753000.0000000  
43      864     552     0       0       82.6165194    -61.6293513   0.000   0.322   37.180  0.432   3      0.000   0.000   864     552     82.6165194    -61.6293513   -229200.0000000  -767400.0000000  -229200.0000000  -767400.0000000  
44      240     560     0       0       83.7129498    -64.5034388   0.000   0.278   28.268  0.502   3      0.000   0.000   240     560     83.7129498    -64.5034388   -227600.0000000  -642600.0000000  -227600.0000000  -642600.0000000  
45      360     560     0       0       83.5043147    -63.8516568   0.000   0.363   39.704  0.625   3      0.000   0.000   360     560     83.5043147    -63.8516568   -227600.0000000  -666600.0000000  -227600.0000000  -666600.0000000  
46      528     560     0       0       83.2109909    -63.0067519   0.000   0.468   53.551  0.689   3      0.000   0.000   528     560     83.2109909    -63.0067519   -227600.0000000  -700200.0000000  -227600.0000000  -700200.0000000  
47      488     568     0       0       83.2855352    -63.0816136   0.000   0.431   48.732  0.691   3      0.000   0.000   488     568     83.2855352    -63.0816136   -226000.0000000  -692200.0000000  -226000.0000000  -692200.0000000  
48      304     576     0       0       83.6113763    -63.9005027   0.000   0.511   59.539  0.730   3      0.000   0.000   304     576     83.6113763    -63.9005027   -224400.0000000  -655400.0000000  -224400.0000000  -655400.0000000  
49      416     576     0       0       83.4160064    -63.3182156   0.000   0.489   56.917  0.724   3      0.000   0.000   416     576     83.4160064    -63.3182156   -224400.0000000  -677800.0000000  -224400.0000000  -677800.0000000  
50      456     576     0       0       83.3460824    -63.1185672   0.000   0.497   57.653  0.749   3      0.000   0.000   456     576     83.3460824    -63.1185672   -224400.0000000  -685800.0000000  -224400.0000000  -685800.0000000  
51      600     576     0       0       83.0937596    -62.4334271   0.000   0.433   48.404  0.681   3      0.000   0.000   600     576     83.0937596    -62.4334271   -224400.0000000  -714600.0000000  -224400.0000000  -714600.0000000  
52      640     576     0       0       83.0235145    -62.2519335   0.000   0.466   53.607  0.660   3      0.000   0.000   640     576     83.0235145    -62.2519335   -224400.0000000  -722600.0000000  -224400.0000000  -722600.0000000  
53      696     576     0       0       82.9250654    -62.0039148   0.000   0.467   53.733  0.739   3      0.000   0.000   696     576     82.9250654    -62.0039148   -224400.0000000  -733800.0000000  -224400.0000000  -733800.0000000  
54      880     584     0       0       82.6048831    -61.1259224   0.000   0.442   49.807  0.741   3      0.000   0.000   880     584     82.6048831    -61.1259224   -222800.0000000  -770600.0000000  -222800.0000000  -770600.0000000  
55      224     592     -1      -1      83.7602157    -64.0830271   0.000   0.154   14.928  0.395   2      -0.200  -0.200  223     591     83.7613532    -64.1045745   -221200.0000000  -639400.0000000  -221400.0000000  -639200.0000000  
56      264     592     0       0       83.6905784    -63.8639838   0.000   0.291   31.128  0.474   3      0.000   0.000   264     592     83.6905784    -63.8639838   -221200.0000000  -647400.0000000  -221200.0000000  -647400.0000000  
57      520     592     0       0       83.2429964    -62.5695195   0.000   0.467   53.693  0.692   3      0.000   0.000   520     592     83.2429964    -62.5695195   -221200.0000000  -698600.0000000  -221200.0000000  -698600.0000000  
58      560     592     0       0       83.1727921    -62.3826457   0.000   0.492   56.793  0.725   3      0.000   0.000   560     592     83.1727921    -62.3826457   -221200.0000000  -706600.0000000  -221200.0000000  -706600.0000000  
59      192     600     0       0       83.8207050    -64.1326539   0.000   0.223   22.170  0.482   3      0.000   0.000   192     600     83.8207050    -64.1326539   -219600.0000000  -633000.0000000  -219600.0000000  -633000.0000000  
60      376     600     0       0       83.4997509    -63.1521994   0.000   0.407   46.114  0.690   3      0.000   0.000   376     600     83.4997509    -63.1521994   -219600.0000000  -669800.0000000  -219600.0000000  -669800.0000000  
61      488     600     0       0       83.3035773    -62.6015963   0.000   0.449   50.635  0.741   3      0.000   0.000   488     600     83.3035773    -62.6015963   -219600.0000000  -692200.0000000  -219600.0000000  -692200.0000000  
62      736     600     0       0       82.8673284    -61.4906853   0.000   0.412   45.951  0.645   3      0.000   0.000   736     600     82.8673284    -61.4906853   -219600.0000000  -741800.0000000  -219600.0000000  -741800.0000000  
63      912     600     0       0       82.5563933    -60.7816440   0.000   0.413   48.149  0.623   3      0.000   0.000   912     600     82.5563933    -60.7816440   -219600.0000000  -777000.0000000  -219600.0000000  -777000.0000000  
64      664     608     0       0       82.9984640    -61.6833448   0.000   0.451   50.566  0.712   3      0.000   0.000   664     608     82.9984640    -61.6833448   -218000.0000000  -727400.0000000  -218000.0000000  -727400.0000000  
65      696     608     0       0       82.9420546    -61.5458250   0.000   0.439   50.201  0.668   3      0.000   0.000   696     608     82.9420546    -61.5458250   -218000.0000000  -733800.0000000  -218000.0000000  -733800.0000000  
66      768     608     0       0       82.8150011    -61.2443242   0.000   0.421   46.378  0.645   3      0.000   0.000   768     608     82.8150011    -61.2443242   -218000.0000000  -748200.0000000  -218000.0000000  -748200.0000000  
67      808     608     0       0       82.7443397    -61.0813999   0.000   0.419   47.023  0.688   3      0.000   0.000   808     608     82.7443397    -61.0813999   -218000.0000000  -756200.0000000  -218000.0000000  -756200.0000000  
68      248     624     -1      -1      83.7373272    -63.4402851   0.000   0.243   25.276  0.492   3      -0.200  -0.200  247     623     83.7384909    -63.4616353   -214800.0000000  -644200.0000000  -215000.0000000  -644000.0000000  
69      288     624     0       0       83.6674288    -63.2291345   0.000   0.231   23.308  0.410   3      0.000   0.000   288     624     83.6674288    -63.2291345   -214800.0000000  -652200.0000000  -214800.0000000  -652200.0000000  
70      320     624     0       0       83.6114528    -63.0635489   0.000   0.437   47.737  0.670   3      0.000   0.000   320     624     83.6114528    -63.0635489   -214800.0000000  -658600.0000000  -214800.0000000  -658600.0000000  
71      848     624     0       0       82.6816431    -60.6995183   0.000   0.485   56.413  0.728   3      0.000   0.000   848     624     82.6816431    -60.6995183   -214800.0000000  -764200.0000000  -214800.0000000  -764200.0000000  
72      952     624     0       0       82.4973577    -60.3032799   0.000   0.383   41.243  0.497   3      0.000   0.000   952     624     82.4973577    -60.3032799   -214800.0000000  -785000.0000000  -214800.0000000  -785000.0000000  
73      192     632     0       0       83.8397631    -63.6139806   0.000   0.319   35.093  0.556   3      0.000   0.000   192     632     83.8397631    -63.6139806   -213200.0000000  -633000.0000000  -213200.0000000  -633000.0000000  
74      464     632     0       0       83.3633454    -62.2314965   0.000   0.447   50.889  0.726   3      0.000   0.000   464     632     83.3633454    -62.2314965   -213200.0000000  -687400.0000000  -213200.0000000  -687400.0000000  
75      528     632     0       0       83.2507673    -61.9346763   0.000   0.426   48.647  0.700   3      0.000   0.000   528     632     83.2507673    -61.9346763   -213200.0000000  -700200.0000000  -213200.0000000  -700200.0000000  
76      376     640     0       0       83.5223091    -62.5321184   0.000   0.426   48.020  0.637   3      0.000   0.000   376     640     83.5223091    -62.5321184   -211600.0000000  -669800.0000000  -211600.0000000  -669800.0000000  
77      600     640     0       0       83.1281170    -61.4945332   0.000   0.428   48.740  0.688   3      0.000   0.000   600     640     83.1281170    -61.4945332   -211600.0000000  -714600.0000000  -211600.0000000  -714600.0000000  
78      768     640     0       0       82.8312424    -60.7915441   0.000   0.416   46.064  0.660   3      0.000   0.000   768     640     82.8312424    -60.7915441   -211600.0000000  -748200.0000000  -211600.0000000  -748200.0000000  
79      816     640     0       0       82.7462506    -60.6012933   0.000   0.423   46.909  0.667   3      0.000   0.000   816     640     82.7462506    -60.6012933   -211600.0000000  -757800.0000000  -211600.0000000  -757800.0000000  
80      984     640     0       0       82.4482443    -59.9692617   0.000   0.225   25.994  0.203   1      0.000   0.000   984     640     82.4482443    -59.9692617   -211600.0000000  -791400.0000000  -211600.0000000  -791400.0000000  
81      144     648     0       1       83.9329217    -63.6167346   0.000   0.179   17.171  0.371   2      0.000   0.200   144     649     83.9335093    -63.6002247   -210000.0000000  -623400.0000000  -209800.0000000  -623400.0000000  
82      656     648     0       0       83.0333716    -61.1370547   0.000   0.440   50.363  0.748   3      0.000   0.000   656     648     83.0333716    -61.1370547   -210000.0000000  -725800.0000000  -210000.0000000  -725800.0000000  
83      696     648     0       0       82.9626552    -60.9701430   0.000   0.468   54.439  0.775   3      0.000   0.000   696     648     82.9626552    -60.9701430   -210000.0000000  -733800.0000000  -210000.0000000  -733800.0000000  
84      736     648     0       0       82.8918856    -60.8065617   0.000   0.455   52.124  0.713   3      0.000   0.000   736     648     82.8918856    -60.8065617   -210000.0000000  -741800.0000000  -210000.0000000  -741800.0000000  
85      512     664     0       0       83.2959147    -61.5256303   0.000   0.474   55.374  0.775   3      0.000   0.000   512     664     83.2959147    -61.5256303   -206800.0000000  -697000.0000000  -206800.0000000  -697000.0000000  
86      928     664     0       0       82.5590974    -59.8454521   0.000   0.476   54.110  0.757   3      0.000   0.000   928     664     82.5590974    -59.8454521   -206800.0000000  -780200.0000000  -206800.0000000  -780200.0000000  
87      968     672     0       0       82.4916992    -59.5924626   0.000   0.432   49.148  0.770   3      0.000   0.000   968     672     82.4916992    -59.5924626   -205200.0000000  -788200.0000000  -205200.0000000  -788200.0000000  
88      112     680     0       0       84.0074578    -63.2620525   0.000   0.321   35.335  0.482   3      0.000   0.000   112     680     84.0074578    -63.2620525   -203600.0000000  -617000.0000000  -203600.0000000  -617000.0000000  
89      184     680     1       0       83.8814193    -62.8723332   0.000   0.186   19.614  0.407   2      0.200   0.000   185     680     83.8796669    -62.8670337   -203600.0000000  -631400.0000000  -203600.0000000  -631600.0000000  
90      224     680     0       0       83.8112859    -62.6626988   0.000   0.372   40.109  0.559   3      0.000   0.000   224     680     83.8112859    -62.6626988   -203600.0000000  -639400.0000000  -203600.0000000  -639400.0000000  
91      368     680     0       0       83.5581926    -61.9459364   0.000   0.421   46.682  0.663   3      0.000   0.000   368     680     83.5581926    -61.9459364   -203600.0000000  -668200.0000000  -203600.0000000  -668200.0000000  
92      552     680     0       0       83.2335452    -61.1084174   0.000   0.462   53.303  0.772   3      0.000   0.000   552     680     83.2335452    -61.1084174   -203600.0000000  -705000.0000000  -203600.0000000  -705000.0000000  
93      592     680     0       0       83.1628035    -60.9369048   0.000   0.435   48.894  0.697   3      0.000   0.000   592     680     83.1628035    -60.9369048   -203600.0000000  -713000.0000000  -203600.0000000  -713000.0000000  
94      664     680     0       0       83.0353315    -60.6369873   0.000   0.457   52.959  0.747   3      0.000   0.000   664     680     83.0353315    -60.6369873   -203600.0000000  -727400.0000000  -203600.0000000  -727400.0000000  
95      720     680     0       0       82.9360707    -60.4112233   0.000   0.529   64.317  0.797   3      0.000   0.000   720     680     82.9360707    -60.4112233   -203600.0000000  -738600.0000000  -203600.0000000  -738600.0000000  
96      256     688     0       0       83.7595366    -62.3691785   0.000   0.417   46.436  0.682   3      0.000   0.000   256     688     83.7595366    -62.3691785   -202000.0000000  -645800.0000000  -202000.0000000  -645800.0000000  
97      456     688     0       0       83.4072646    -61.4121536   0.000   0.492   56.915  0.741   3      0.000   0.000   456     688     83.4072646    -61.4121536   -202000.0000000  -685800.0000000  -202000.0000000  -685800.0000000  
98      856     688     0       0       82.6983836    -59.7767026   0.000   0.447   51.946  0.718   3      0.000   0.000   856     688     82.6983836    -59.7767026   -202000.0000000  -765800.0000000  -202000.0000000  -765800.0000000  
99      152     696     0       0       83.9465294    -62.7779286   0.000   0.263   28.940  0.546   3      0.000   0.000   152     696     83.9465294    -62.7779286   -200400.0000000  -625000.0000000  -200400.0000000  -625000.0000000  
100     328     696     -1      -1      83.6372056    -61.8853721   0.000   0.246   25.608  0.508   3      -0.200  -0.200  327     695     83.6384319    -61.9060930   -200400.0000000  -660200.0000000  -200600.0000000  -660000.0000000  
101     424     696     0       0       83.4679189    -61.4342748   0.000   0.472   54.485  0.770   3      0.000   0.000   424     696     83.4679189    -61.4342748   -200400.0000000  -679400.0000000  -200400.0000000  -679400.0000000  
102     824     696     0       0       82.7590419    -59.7829220   0.000   0.422   47.653  0.694   3      0.000   0.000   824     696     82.7590419    -59.7829220   -200400.0000000  -759400.0000000  -200400.0000000  -759400.0000000  
103     912     696     0       0       82.6024480    -59.4622652   0.000   0.454   52.587  0.728   3      0.000   0.000   912     696     82.6024480    -59.4622652   -200400.0000000  -777000.0000000  -200400.0000000  -777000.0000000  
104     1032    696     0       0       82.3885996    -59.0463414   0.000   0.344   36.398  0.526   3      0.000   0.000   1032    696     82.3885996    -59.0463414   -200400.0000000  -801000.0000000  -200400.0000000  -801000.0000000  
105     944     704     0       0       82.5490876    -59.2391265   0.000   0.540   65.494  0.725   3      0.000   0.000   944     704     82.5490876    -59.2391265   -198800.0000000  -783400.0000000  -198800.0000000  -783400.0000000  
106     80      712     0       0       84.0817636    -62.8984343   0.000   0.206   21.352  0.342   2      0.000   0.000   80      712     84.0817636    -62.8984343   -197200.0000000  -610600.0000000  -197200.0000000  -610600.0000000  
107     224     712     0       0       83.8289058    -62.1405022   0.000   0.232   22.588  0.442   3      0.000   0.000   224     712     83.8289058    -62.1405022   -197200.0000000  -639400.0000000  -197200.0000000  -639400.0000000  
108     656     712     0       0       83.0651723    -60.2003311   0.000   0.487   56.374  0.711   3      0.000   0.000   656     712     83.0651723    -60.2003311   -197200.0000000  -725800.0000000  -197200.0000000  -725800.0000000  
109     696     712     0       0       82.9941318    -60.0421636   0.000   0.438   50.597  0.720   3      0.000   0.000   696     712     82.9941318    -60.0421636   -197200.0000000  -733800.0000000  -197200.0000000  -733800.0000000  
110     792     712     0       0       82.8234460    -59.6753759   0.000   0.419   47.566  0.712   3      0.000   0.000   792     712     82.8234460    -59.6753759   -197200.0000000  -753000.0000000  -197200.0000000  -753000.0000000  
111     976     712     0       0       82.4956192    -59.0191729   0.000   0.457   52.972  0.706   3      0.000   0.000   976     712     82.4956192    -59.0191729   -197200.0000000  -789800.0000000  -197200.0000000  -789800.0000000  
112     728     720     0       0       82.9410396    -59.8022230   0.000   0.517   61.270  0.724   3      0.000   0.000   728     720     82.9410396    -59.8022230   -195600.0000000  -740200.0000000  -195600.0000000  -740200.0000000  
113     760     720     0       0       82.8841136    -59.6808388   0.000   0.515   59.850  0.791   3      0.000   0.000   760     720     82.8841136    -59.6808388   -195600.0000000  -746600.0000000  -195600.0000000  -746600.0000000  
114     880     720     0       0       82.6703982    -59.2424934   0.000   0.479   56.043  0.752   3      0.000   0.000   880     720     82.6703982    -59.2424934   -195600.0000000  -770600.0000000  -195600.0000000  -770600.0000000  
115     328     728     -1      -1      83.6540644    -61.3754436   0.000   0.252   27.753  0.522   3      -0.200  -0.200  327     727     83.6553112    -61.3961201   -194000.0000000  -660200.0000000  -194200.0000000  -660000.0000000  
116     360     728     -1      0       83.5975274    -61.2265332   0.000   0.232   24.082  0.501   3      -0.200  0.000   359     728     83.5992948    -61.2311467   -194000.0000000  -666600.0000000  -194000.0000000  -666400.0000000  
117     416     728     0       0       83.4984935    -60.9721874   0.000   0.409   46.183  0.710   3      0.000   0.000   416     728     83.4984935    -60.9721874   -194000.0000000  -677800.0000000  -194000.0000000  -677800.0000000  
118     544     728     0       0       83.2717087    -60.4190291   0.000   0.433   50.253  0.607   3      0.000   0.000   544     728     83.2717087    -60.4190291   -194000.0000000  -703400.0000000  -194000.0000000  -703400.0000000  
119     624     728     0       0       83.1296933    -60.0919064   0.000   0.432   48.669  0.650   3      0.000   0.000   624     728     83.1296933    -60.0919064   -194000.0000000  -719400.0000000  -194000.0000000  -719400.0000000  
120     824     728     0       0       82.7738344    -59.3305564   0.000   0.419   48.782  0.753   3      0.000   0.000   824     728     82.7738344    -59.3305564   -194000.0000000  -759400.0000000  -194000.0000000  -759400.0000000  
121     1032    728     0       0       82.4026633    -58.6147106   0.000   0.350   38.274  0.690   3      0.000   0.000   1032    728     82.4026633    -58.6147106   -194000.0000000  -801000.0000000  -194000.0000000  -801000.0000000  
122     136     736     0       0       83.9967611    -62.1933356   0.000   0.365   39.553  0.575   3      0.000   0.000   136     736     83.9967611    -62.1933356   -192400.0000000  -621800.0000000  -192400.0000000  -621800.0000000  
123     472     736     0       0       83.4033200    -60.6021402   0.000   0.486   57.882  0.770   3      0.000   0.000   472     736     83.4033200    -60.6021402   -192400.0000000  -689000.0000000  -192400.0000000  -689000.0000000  
124     504     736     0       0       83.3465802    -60.4654516   0.000   0.423   48.240  0.656   3      0.000   0.000   504     736     83.3465802    -60.4654516   -192400.0000000  -695400.0000000  -192400.0000000  -695400.0000000  
125     592     736     0       0       83.1903733    -60.1013360   0.000   0.460   52.802  0.654   3      0.000   0.000   592     736     83.1903733    -60.1013360   -192400.0000000  -713000.0000000  -192400.0000000  -713000.0000000  
126     944     736     0       0       82.5633414    -58.7985173   0.000   0.511   60.327  0.741   3      0.000   0.000   944     736     82.5633414    -58.7985173   -192400.0000000  -783400.0000000  -192400.0000000  -783400.0000000  
127     72      744     0       0       84.1136679    -62.3957995   0.000   0.218   22.095  0.402   3      0.000   0.000   72      744     84.1136679    -62.3957995   -190800.0000000  -609000.0000000  -190800.0000000  -609000.0000000  
128     680     744     0       0       83.0376623    -59.6361966   0.000   0.484   55.591  0.798   3      0.000   0.000   680     744     83.0376623    -59.6361966   -190800.0000000  -730600.0000000  -190800.0000000  -730600.0000000  
129     168     752     0       0       83.9490077    -61.7611440   0.000   0.404   44.603  0.691   3      0.000   0.000   168     752     83.9490077    -61.7611440   -189200.0000000  -628200.0000000  -189200.0000000  -628200.0000000  
130     240     752     0       0       83.8219537    -61.4059517   0.000   0.261   26.814  0.546   3      0.000   0.000   240     752     83.8219537    -61.4059517   -189200.0000000  -642600.0000000  -189200.0000000  -642600.0000000  
131     904     752     0       0       82.6417831    -58.7124042   0.000   0.457   51.324  0.719   3      0.000   0.000   904     752     82.6417831    -58.7124042   -189200.0000000  -775400.0000000  -189200.0000000  -775400.0000000  
132     104     760     0       0       84.0660663    -61.9534431   0.000   0.226   22.729  0.422   3      0.000   0.000   104     760     84.0660663    -61.9534431   -187600.0000000  -615400.0000000  -187600.0000000  -615400.0000000  
133     360     760     -1      -1      83.6137363    -60.7180960   0.000   0.222   22.923  0.496   3      -0.200  -0.200  359     759     83.6150092    -60.7385118   -187600.0000000  -666600.0000000  -187800.0000000  -666400.0000000  
134     392     760     -1      -1      83.5570164    -60.5759107   0.000   0.254   26.261  0.531   3      -0.200  -0.200  391     759     83.5582948    -60.5961182   -187600.0000000  -673000.0000000  -187800.0000000  -672800.0000000  
135     632     760     0       0       83.1305428    -59.5846366   0.000   0.418   47.316  0.734   3      0.000   0.000   632     760     83.1305428    -59.5846366   -187600.0000000  -721000.0000000  -187600.0000000  -721000.0000000  
136     864     760     0       0       82.7167346    -58.7372077   0.000   0.503   59.147  0.749   3      0.000   0.000   864     760     82.7167346    -58.7372077   -187600.0000000  -767400.0000000  -187600.0000000  -767400.0000000  
137     1032    760     0       0       82.4162956    -58.1814990   0.000   0.362   39.505  0.652   3      0.000   0.000   1032    760     82.4162956    -58.1814990   -187600.0000000  -801000.0000000  -187600.0000000  -801000.0000000  
138     1064    760     0       0       82.3590035    -58.0806200   0.000   0.427   47.646  0.735   3      0.000   0.000   1064    760     82.3590035    -58.0806200   -187600.0000000  -807400.0000000  -187600.0000000  -807400.0000000  
139     1112    760     0       1       82.2730288    -57.9321149   0.000   0.248   25.466  0.454   3      0.000   0.200   1112    761     82.2734400    -57.9187908   -187600.0000000  -817000.0000000  -187400.0000000  -817000.0000000  
140     136     768     0       0       84.0139140    -61.6535835   0.000   0.339   36.717  0.556   3      0.000   0.000   136     768     84.0139140    -61.6535835   -186000.0000000  -621800.0000000  -186000.0000000  -621800.0000000  
141     208     768     0       0       83.8867814    -61.2968556   0.000   0.432   48.602  0.641   3      0.000   0.000   208     768     83.8867814    -61.2968556   -186000.0000000  -636200.0000000  -186000.0000000  -636200.0000000  
142     480     768     0       0       83.4046991    -60.0738436   0.000   0.484   55.505  0.669   3      0.000   0.000   480     768     83.4046991    -60.0738436   -186000.0000000  -690600.0000000  -186000.0000000  -690600.0000000  
143     520     768     0       0       83.3335913    -59.9089543   0.000   0.398   44.572  0.690   3      0.000   0.000   520     768     83.3335913    -59.9089543   -186000.0000000  -698600.0000000  -186000.0000000  -698600.0000000  
144     552     768     0       0       83.2766697    -59.7795602   0.000   0.411   45.935  0.674   3      0.000   0.000   552     768     83.2766697    -59.7795602   -186000.0000000  -705000.0000000  -186000.0000000  -705000.0000000  
145     600     768     0       0       83.1912305    -59.5895359   0.000   0.400   43.624  0.589   3      0.000   0.000   600     768     83.1912305    -59.5895359   -186000.0000000  -714600.0000000  -186000.0000000  -714600.0000000  
146     816     768     0       0       82.8059815    -58.7904779   0.000   0.500   58.042  0.759   3      0.000   0.000   816     768     82.8059815    -58.7904779   -186000.0000000  -757800.0000000  -186000.0000000  -757800.0000000  
147     992     768     0       0       82.4912549    -58.2002417   0.000   0.479   55.097  0.721   3      0.000   0.000   992     768     82.4912549    -58.2002417   -186000.0000000  -793000.0000000  -186000.0000000  -793000.0000000  
148     304     776     0       0       83.7209482    -60.7142073   0.000   0.319   33.512  0.621   3      0.000   0.000   304     776     83.7209482    -60.7142073   -184400.0000000  -655400.0000000  -184400.0000000  -655400.0000000  
149     712     776     0       0       82.9952088    -59.0472183   0.000   0.429   48.011  0.716   3      0.000   0.000   712     776     82.9952088    -59.0472183   -184400.0000000  -737000.0000000  -184400.0000000  -737000.0000000  
150     344     792     0       0       83.6578579    -60.2770403   0.000   0.435   49.301  0.768   3      0.000   0.000   344     792     83.6578579    -60.2770403   -181200.0000000  -663400.0000000  -181200.0000000  -663400.0000000  
151     760     792     0       0       82.9165173    -58.6419297   0.000   0.451   50.397  0.714   3      0.000   0.000   760     792     82.9165173    -58.6419297   -181200.0000000  -746600.0000000  -181200.0000000  -746600.0000000  
152     848     792     0       0       82.7591206    -58.3391025   0.000   0.535   66.573  0.841   3      0.000   0.000   848     792     82.7591206    -58.3391025   -181200.0000000  -764200.0000000  -181200.0000000  -764200.0000000  
153     944     792     0       0       82.5872253    -58.0234575   0.000   0.448   52.243  0.719   3      0.000   0.000   944     792     82.5872253    -58.0234575   -181200.0000000  -783400.0000000  -181200.0000000  -783400.0000000  
154     1056    792     0       0       82.3864517    -57.6732771   0.000   0.477   57.367  0.759   3      0.000   0.000   1056    792     82.3864517    -57.6732771   -181200.0000000  -805800.0000000  -181200.0000000  -805800.0000000  
155     272     800     0       0       83.7895681    -60.4685459   0.000   0.296   30.686  0.549   3      0.000   0.000   272     800     83.7895681    -60.4685459   -179600.0000000  -649000.0000000  -179600.0000000  -649000.0000000  
156     672     800     0       0       83.0772688    -58.8400512   0.000   0.425   47.664  0.611   3      0.000   0.000   672     800     83.0772688    -58.8400512   -179600.0000000  -729000.0000000  -179600.0000000  -729000.0000000  
157     896     800     0       0       82.6765370    -58.0670596   0.000   0.455   52.113  0.769   3      0.000   0.000   896     800     82.6765370    -58.0670596   -179600.0000000  -773800.0000000  -179600.0000000  -773800.0000000  
158     992     800     0       0       82.5044713    -57.7611631   0.000   0.415   45.662  0.666   3      0.000   0.000   992     800     82.5044713    -57.7611631   -179600.0000000  -793000.0000000  -179600.0000000  -793000.0000000  
159     1024    800     0       0       82.4470773    -57.6623039   0.000   0.469   53.402  0.734   3      0.000   0.000   1024    800     82.4470773    -57.6623039   -179600.0000000  -799400.0000000  -179600.0000000  -799400.0000000  
160     232     808     0       0       83.8644711    -60.5195008   0.000   0.375   41.515  0.608   3      0.000   0.000   232     808     83.8644711    -60.5195008   -178000.0000000  -641000.0000000  -178000.0000000  -641000.0000000  
161     304     808     0       0       83.7366462    -60.1944444   0.000   0.173   19.964  0.585   3      0.000   0.000   304     808     83.7366462    -60.1944444   -178000.0000000  -655400.0000000  -178000.0000000  -655400.0000000  
162     432     808     -1      -1      83.5089697    -59.6482702   0.000   0.290   29.200  0.646   3      -0.200  -0.200  431     807     83.5102846    -59.6681421   -178000.0000000  -681000.0000000  -178200.0000000  -680800.0000000  
163     536     808     0       0       83.3236122    -59.2320142   0.000   0.401   44.514  0.737   3      0.000   0.000   536     808     83.3236122    -59.2320142   -178000.0000000  -701800.0000000  -178000.0000000  -701800.0000000  
164     600     808     0       0       83.2093956    -58.9871824   0.000   0.379   41.738  0.686   3      0.000   0.000   600     808     83.2093956    -58.9871824   -178000.0000000  -714600.0000000  -178000.0000000  -714600.0000000  
165     632     808     0       0       83.1522470    -58.8678370   0.000   0.402   44.531  0.663   3      0.000   0.000   632     808     83.1522470    -58.8678370   -178000.0000000  -721000.0000000  -178000.0000000  -721000.0000000  
166     728     808     0       0       82.9806487    -58.5214934   0.000   0.509   58.397  0.822   3      0.000   0.000   728     808     82.9806487    -58.5214934   -178000.0000000  -740200.0000000  -178000.0000000  -740200.0000000  
167     144     816     0       0       84.0244688    -60.7996240   0.000   0.277   28.816  0.488   3      0.000   0.000   144     816     84.0244688    -60.7996240   -176400.0000000  -623400.0000000  -176400.0000000  -623400.0000000  
168     496     816     0       0       83.3985839    -59.2653011   0.000   0.410   45.399  0.692   3      0.000   0.000   496     816     83.3985839    -59.2653011   -176400.0000000  -693800.0000000  -176400.0000000  -693800.0000000  
169     1088    816     0       1       82.3385313    -57.2536441   0.000   0.333   36.638  0.611   3      0.000   0.200   1088    817     82.3389212    -57.2401702   -176400.0000000  -812200.0000000  -176200.0000000  -812200.0000000  
170     1120    816     0       2       82.2810361    -57.1607043   0.000   0.238   23.867  0.523   3      0.000   0.400   1120    818     82.2818098    -57.1339471   -176400.0000000  -818600.0000000  -176000.0000000  -818600.0000000  
171     768     824     0       0       82.9158392    -58.1499986   0.000   0.502   59.534  0.782   3      0.000   0.000   768     824     82.9158392    -58.1499986   -174800.0000000  -748200.0000000  -174800.0000000  -748200.0000000  
172     944     824     0       0       82.6002630    -57.5783595   0.000   0.454   51.551  0.676   3      0.000   0.000   944     824     82.6002630    -57.5783595   -174800.0000000  -783400.0000000  -174800.0000000  -783400.0000000  
173     272     832     0       0       83.8050203    -59.9424062   0.000   0.416   45.704  0.682   3      0.000   0.000   272     832     83.8050203    -59.9424062   -173200.0000000  -649000.0000000  -173200.0000000  -649000.0000000  
174     672     832     0       0       83.0911151    -58.3648683   0.000   0.426   47.854  0.647   3      0.000   0.000   672     832     83.0911151    -58.3648683   -173200.0000000  -729000.0000000  -173200.0000000  -729000.0000000  
175     240     840     0       0       83.8657422    -59.9513936   0.000   0.375   40.990  0.689   3      0.000   0.000   240     840     83.8657422    -59.9513936   -171600.0000000  -642600.0000000  -171600.0000000  -642600.0000000  
176     352     840     0       0       83.6663051    -59.4692518   0.000   0.269   28.748  0.552   3      0.000   0.000   352     840     83.6663051    -59.4692518   -171600.0000000  -665000.0000000  -171600.0000000  -665000.0000000  
177     432     840     -1      -1      83.5236131    -59.1430942   0.000   0.291   29.580  0.545   3      -0.200  -0.200  431     839     83.5249478    -59.1629075   -171600.0000000  -681000.0000000  -171800.0000000  -680800.0000000  
178     624     840     0       0       83.1804384    -58.4161835   0.000   0.433   48.200  0.687   3      0.000   0.000   624     840     83.1804384    -58.4161835   -171600.0000000  -719400.0000000  -171600.0000000  -719400.0000000  
179     800     840     0       0       82.8650919    -57.8114858   0.000   0.450   51.174  0.715   3      0.000   0.000   800     840     82.8650919    -57.8114858   -171600.0000000  -754600.0000000  -171600.0000000  -754600.0000000  
180     176     848     0       0       83.9833732    -60.1056746   0.000   0.291   29.778  0.474   3      0.000   0.000   176     848     83.9833732    -60.1056746   -170000.0000000  -629800.0000000  -170000.0000000  -629800.0000000  
181     536     848     0       0       83.3413261    -58.6167131   0.000   0.386   42.275  0.615   3      0.000   0.000   536     848     83.3413261    -58.6167131   -170000.0000000  -701800.0000000  -170000.0000000  -701800.0000000  
182     384     856     0       0       83.6164801    -59.0804098   0.000   0.386   43.950  0.690   3      0.000   0.000   384     856     83.6164801    -59.0804098   -168400.0000000  -671400.0000000  -168400.0000000  -671400.0000000  
183     968     856     0       0       82.5697012    -57.0600023   0.000   0.386   44.252  0.745   3      0.000   0.000   968     856     82.5697012    -57.0600023   -168400.0000000  -788200.0000000  -168400.0000000  -788200.0000000  
184     1000    856     0       0       82.5121494    -56.9656772   0.000   0.360   40.336  0.569   3      0.000   0.000   1000    856     82.5121494    -56.9656772   -168400.0000000  -794600.0000000  -168400.0000000  -794600.0000000  
185     1112    856     0       1       82.3105932    -56.6466932   0.000   0.247   25.238  0.464   3      0.000   0.200   1112    857     82.3109641    -56.6332382   -168400.0000000  -817000.0000000  -168200.0000000  -817000.0000000  
186     656     864     0       0       83.1331789    -57.9427174   0.000   0.441   50.420  0.654   3      0.000   0.000   656     864     83.1331789    -57.9427174   -166800.0000000  -725800.0000000  -166800.0000000  -725800.0000000  
187     768     864     0       0       82.9322147    -57.5677216   0.000   0.440   49.182  0.614   3      0.000   0.000   768     864     82.9322147    -57.5677216   -166800.0000000  -748200.0000000  -166800.0000000  -748200.0000000  
188     856     864     0       0       82.7741423    -57.2877574   0.000   0.446   50.698  0.699   3      0.000   0.000   856     864     82.7741423    -57.2877574   -166800.0000000  -765800.0000000  -166800.0000000  -765800.0000000  
189     888     864     0       0       82.7166266    -57.1889735   0.000   0.423   48.445  0.642   3      0.000   0.000   888     864     82.7166266    -57.1889735   -166800.0000000  -772200.0000000  -166800.0000000  -772200.0000000  
190     936     864     0       0       82.6303199    -57.0436967   0.000   0.434   50.091  0.670   3      0.000   0.000   936     864     82.6303199    -57.0436967   -166800.0000000  -781800.0000000  -166800.0000000  -781800.0000000  
191     224     872     0       0       83.9092053    -59.4865536   0.000   0.267   27.422  0.487   3      0.000   0.000   224     872     83.9092053    -59.4865536   -165200.0000000  -639400.0000000  -165200.0000000  -639400.0000000  
192     336     872     0       0       83.7093474    -59.0158709   0.000   0.343   38.152  0.629   3      0.000   0.000   336     872     83.7093474    -59.0158709   -165200.0000000  -661800.0000000  -165200.0000000  -661800.0000000  
193     696     872     0       0       83.0646830    -57.6874436   0.000   0.461   52.432  0.717   3      0.000   0.000   696     872     83.0646830    -57.6874436   -165200.0000000  -733800.0000000  -165200.0000000  -733800.0000000  
194     504     880     -1      0       83.4122832    -58.2386830   0.000   0.188   18.962  0.431   3      -0.200  0.000   503     880     83.4140747    -58.2423574   -163600.0000000  -695400.0000000  -163600.0000000  -695200.0000000  
195     736     880     0       0       82.9960573    -57.4371790   0.000   0.519   62.469  0.759   3      0.000   0.000   736     880     82.9960573    -57.4371790   -163600.0000000  -741800.0000000  -163600.0000000  -741800.0000000  
196     536     888     0       0       83.3582701    -57.9981943   0.000   0.193   20.018  0.449   3      0.000   0.000   536     888     83.3582701    -57.9981943   -162000.0000000  -701800.0000000  -162000.0000000  -701800.0000000  
197     624     888     0       0       83.2003868    -57.6906169   0.000   0.399   44.119  0.670   3      0.000   0.000   624     888     83.2003868    -57.6906169   -162000.0000000  -719400.0000000  -162000.0000000  -719400.0000000  
198     1000    888     0       0       82.5241260    -56.5233184   0.000   0.406   45.679  0.736   3      0.000   0.000   1000    888     82.5241260    -56.5233184   -162000.0000000  -794600.0000000  -162000.0000000  -794600.0000000  
199     392     896     0       1       83.6196678    -58.4055413   0.000   0.241   26.484  0.514   3      0.000   0.200   392     897     83.6200943    -58.3894285   -160400.0000000  -673000.0000000  -160200.0000000  -673000.0000000  
200     568     896     0       0       83.3041449    -57.7615978   0.000   0.382   43.725  0.630   3      0.000   0.000   568     896     83.3041449    -57.7615978   -160400.0000000  -708200.0000000  -160400.0000000  -708200.0000000  
201     768     896     0       0       82.9447889    -57.0999867   0.000   0.435   49.409  0.644   3      0.000   0.000   768     896     82.9447889    -57.0999867   -160400.0000000  -748200.0000000  -160400.0000000  -748200.0000000  
202     800     896     0       0       82.8872222    -57.0003501   0.000   0.482   55.619  0.735   3      0.000   0.000   800     896     82.8872222    -57.0003501   -160400.0000000  -754600.0000000  -160400.0000000  -754600.0000000  
203     840     896     0       0       82.8152390    -56.8780554   0.000   0.439   50.868  0.723   3      0.000   0.000   840     896     82.8152390    -56.8780554   -160400.0000000  -762600.0000000  -160400.0000000  -762600.0000000  
204     880     896     0       0       82.7432292    -56.7581935   0.000   0.483   56.687  0.736   3      0.000   0.000   880     896     82.7432292    -56.7581935   -160400.0000000  -770600.0000000  -160400.0000000  -770600.0000000  
205     912     896     0       0       82.6856030    -56.6640078   0.000   0.500   58.811  0.715   3      0.000   0.000   912     896     82.6856030    -56.6640078   -160400.0000000  -777000.0000000  -160400.0000000  -777000.0000000  
206     1104    896     0       1       82.3395293    -56.1287457   0.000   0.350   37.518  0.606   3      0.000   0.200   1104    897     82.3398839    -56.1152152   -160400.0000000  -815400.0000000  -160200.0000000  -815400.0000000  
207     232     904     0       0       83.9093793    -58.9141945   0.000   0.254   26.945  0.492   3      0.000   0.000   232     904     83.9093793    -58.9141945   -158800.0000000  -641000.0000000  -158800.0000000  -641000.0000000  
208     280     904     0       0       83.8235590    -58.7166919   0.000   0.332   35.787  0.625   3      0.000   0.000   280     904     83.8235590    -58.7166919   -158800.0000000  -650600.0000000  -158800.0000000  -650600.0000000  
209     320     904     0       0       83.7519927    -58.5562600   0.000   0.419   47.214  0.732   3      0.000   0.000   320     904     83.7519927    -58.5562600   -158800.0000000  -658600.0000000  -158800.0000000  -658600.0000000  
210     360     904     0       0       83.6803833    -58.3994696   0.000   0.292   30.509  0.532   3      0.000   0.000   360     904     83.6803833    -58.3994696   -158800.0000000  -666600.0000000  -158800.0000000  -666600.0000000  
211     432     904     0       0       83.5513830    -58.1260430   0.000   0.360   39.497  0.629   3      0.000   0.000   432     904     83.5513830    -58.1260430   -158800.0000000  -681000.0000000  -158800.0000000  -681000.0000000  
212     704     904     0       0       83.0629887    -57.1851792   0.000   0.444   51.502  0.768   3      0.000   0.000   704     904     83.0629887    -57.1851792   -158800.0000000  -735400.0000000  -158800.0000000  -735400.0000000  
213     1032    904     0       0       82.4722417    -56.2136094   0.000   0.404   44.642  0.744   3      0.000   0.000   1032    904     82.4722417    -56.2136094   -158800.0000000  -801000.0000000  -158800.0000000  -801000.0000000  
214     480     920     0       0       83.4718488    -57.6973604   0.000   0.392   41.955  0.599   3      0.000   0.000   480     920     83.4718488    -57.6973604   -155600.0000000  -690600.0000000  -155600.0000000  -690600.0000000  
215     576     928     0       0       83.3025191    -57.2413130   0.000   0.284   29.073  0.572   3      0.000   0.000   576     928     83.3025191    -57.2413130   -154000.0000000  -709800.0000000  -154000.0000000  -709800.0000000  
216     840     928     0       0       82.8271218    -56.4168113   0.000   0.436   49.227  0.626   3      0.000   0.000   840     928     82.8271218    -56.4168113   -154000.0000000  -762600.0000000  -154000.0000000  -762600.0000000  
217     872     928     0       0       82.7694205    -56.3242600   0.000   0.477   55.410  0.767   3      0.000   0.000   872     928     82.7694205    -56.3242600   -154000.0000000  -769000.0000000  -154000.0000000  -769000.0000000  
218     912     928     0       0       82.6972728    -56.2106331   0.000   0.512   61.018  0.733   3      0.000   0.000   912     928     82.6972728    -56.2106331   -154000.0000000  -777000.0000000  -154000.0000000  -777000.0000000  
219     960     928     0       0       82.6106659    -56.0772178   0.000   0.501   57.994  0.743   3      0.000   0.000   960     928     82.6106659    -56.0772178   -154000.0000000  -786600.0000000  -154000.0000000  -786600.0000000  
220     1088    928     0       0       82.3795669    -55.7363142   0.000   0.296   29.899  0.621   3      0.000   0.000   1088    928     82.3795669    -55.7363142   -154000.0000000  -812200.0000000  -154000.0000000  -812200.0000000  
221     256     936     0       0       83.8802782    -58.2780967   0.000   0.298   31.603  0.541   3      0.000   0.000   256     936     83.8802782    -58.2780967   -152400.0000000  -645800.0000000  -152400.0000000  -645800.0000000  
222     328     936     0       0       83.7511884    -57.9984197   0.000   0.389   42.825  0.677   3      0.000   0.000   328     936     83.7511884    -57.9984197   -152400.0000000  -660200.0000000  -152400.0000000  -660200.0000000  
223     360     936     0       0       83.6937738    -57.8778021   0.000   0.351   38.760  0.620   3      0.000   0.000   360     936     83.6937738    -57.8778021   -152400.0000000  -666600.0000000  -152400.0000000  -666600.0000000  
224     424     936     0       1       83.5788722    -57.6430528   0.000   0.158   15.722  0.384   2      0.000   0.200   424     937     83.5792748    -57.6269932   -152400.0000000  -679400.0000000  -152200.0000000  -679400.0000000  
225     704     936     0       0       83.0751754    -56.7079173   0.000   0.418   47.171  0.624   3      0.000   0.000   704     936     83.0751754    -56.7079173   -152400.0000000  -735400.0000000  -152400.0000000  -735400.0000000  
226     800     936     0       0       82.9021546    -56.4179440   0.000   0.452   50.734  0.691   3      0.000   0.000   800     936     82.9021546    -56.4179440   -152400.0000000  -754600.0000000  -152400.0000000  -754600.0000000  
227     1032    936     0       0       82.4834612    -55.7724644   0.000   0.391   43.578  0.709   3      0.000   0.000   1032    936     82.4834612    -55.7724644   -152400.0000000  -801000.0000000  -152400.0000000  -801000.0000000  
228     992     944     0       0       82.5584632    -55.7670323   0.000   0.446   50.235  0.629   3      0.000   0.000   992     944     82.5584632    -55.7670323   -150800.0000000  -793000.0000000  -150800.0000000  -793000.0000000  
229     632     952     0       0       83.2108669    -56.6914714   0.000   0.393   43.736  0.639   3      0.000   0.000   632     952     83.2108669    -56.6914714   -149200.0000000  -721000.0000000  -149200.0000000  -721000.0000000  
230     760     952     0       0       82.9800920    -56.3010773   0.000   0.390   43.423  0.663   3      0.000   0.000   760     952     82.9800920    -56.3010773   -149200.0000000  -746600.0000000  -149200.0000000  -746600.0000000  
231     288     960     0       0       83.8328252    -57.7518558   0.000   0.322   33.647  0.516   3      0.000   0.000   288     960     83.8328252    -57.7518558   -147600.0000000  -652200.0000000  -147600.0000000  -652200.0000000  
232     672     960     0       0       83.1417147    -56.4458975   0.000   0.453   51.744  0.667   3      0.000   0.000   672     960     83.1417147    -56.4458975   -147600.0000000  -729000.0000000  -147600.0000000  -729000.0000000  
233     928     960     0       0       82.6795751    -55.7127398   0.000   0.436   48.117  0.719   3      0.000   0.000   928     960     82.6795751    -55.7127398   -147600.0000000  -780200.0000000  -147600.0000000  -780200.0000000  
234     1088    960     0       0       82.3903062    -55.2998801   0.000   0.325   34.018  0.588   3      0.000   0.000   1088    960     82.3903062    -55.2998801   -147600.0000000  -812200.0000000  -147600.0000000  -812200.0000000  
235     704     968     0       0       83.0868813    -56.2290021   0.000   0.397   43.981  0.643   3      0.000   0.000   704     968     83.0868813    -56.2290021   -146000.0000000  -735400.0000000  -146000.0000000  -735400.0000000  
236     792     968     0       0       82.9280194    -55.9729885   0.000   0.394   44.104  0.700   3      0.000   0.000   792     968     82.9280194    -55.9729885   -146000.0000000  -753000.0000000  -146000.0000000  -753000.0000000  
237     856     968     0       0       82.8124148    -55.7939241   0.000   0.418   47.226  0.751   3      0.000   0.000   856     968     82.8124148    -55.7939241   -146000.0000000  -765800.0000000  -146000.0000000  -765800.0000000  
238     960     968     0       0       82.6244442    -55.5149501   0.000   0.437   49.695  0.653   3      0.000   0.000   960     968     82.6244442    -55.5149501   -146000.0000000  -786600.0000000  -146000.0000000  -786600.0000000  
239     1024    968     0       0       82.5087058    -55.3502522   0.000   0.393   44.295  0.660   3      0.000   0.000   1024    968     82.5087058    -55.3502522   -146000.0000000  -799400.0000000  -146000.0000000  -799400.0000000  
240     408     976     0       0       83.6233896    -57.0542449   0.000   0.382   42.409  0.605   3      0.000   0.000   408     976     83.6233896    -57.0542449   -144400.0000000  -676200.0000000  -144400.0000000  -676200.0000000  
241     456     976     0       0       83.5369577    -56.8903422   0.000   0.220   22.028  0.437   3      0.000   0.000   456     976     83.5369577    -56.8903422   -144400.0000000  -685800.0000000  -144400.0000000  -685800.0000000  
242     584     984     -1      -1      83.3091748    -56.3501965   0.000   0.254   27.722  0.582   3      -0.200  -0.200  583     983     83.3106165    -56.3687927   -142800.0000000  -711400.0000000  -143000.0000000  -711200.0000000  
243     824     984     0       0       82.8757218    -55.6497179   0.000   0.390   43.514  0.686   3      0.000   0.000   824     984     82.8757218    -55.6497179   -142800.0000000  -759400.0000000  -142800.0000000  -759400.0000000  
244     896     984     0       0       82.7455325    -55.4559433   0.000   0.487   55.944  0.748   3      0.000   0.000   896     984     82.7455325    -55.4559433   -142800.0000000  -773800.0000000  -142800.0000000  -773800.0000000  
245     1056    984     0       0       82.4560084    -55.0493486   0.000   0.382   42.988  0.593   3      0.000   0.000   1056    984     82.4560084    -55.0493486   -142800.0000000  -805800.0000000  -142800.0000000  -805800.0000000  
246     312     992     0       0       83.8023677    -57.1292956   0.000   0.325   35.182  0.515   3      0.000   0.000   312     992     83.8023677    -57.1292956   -141200.0000000  -657000.0000000  -141200.0000000  -657000.0000000  
247     344     992     0       0       83.7447577    -57.0156975   0.000   0.299   30.737  0.489   3      0.000   0.000   344     992     83.7447577    -57.0156975   -141200.0000000  -663400.0000000  -141200.0000000  -663400.0000000  
248     624     992     0       0       83.2398432    -56.1045502   0.000   0.249   25.444  0.461   3      0.000   0.000   624     992     83.2398432    -56.1045502   -141200.0000000  -719400.0000000  -141200.0000000  -719400.0000000  
249     488     1000    0       0       83.4881886    -56.4022269   0.000   0.234   24.211  0.501   3      0.000   0.000   488     1000    83.4881886    -56.4022269   -139600.0000000  -692200.0000000  -139600.0000000  -692200.0000000  
250     544     1000    0       0       83.3871260    -56.2253192   0.000   0.382   41.719  0.694   3      0.000   0.000   544     1000    83.3871260    -56.2253192   -139600.0000000  -703400.0000000  -139600.0000000  -703400.0000000  
251     736     1000    0       0       83.0402551    -55.6578910   0.000   0.406   44.462  0.669   3      0.000   0.000   736     1000    83.0402551    -55.6578910   -139600.0000000  -741800.0000000  -139600.0000000  -741800.0000000  
252     864     1000    0       0       82.8087277    -55.3101026   0.000   0.445   49.024  0.624   3      0.000   0.000   864     1000    82.8087277    -55.3101026   -139600.0000000  -767400.0000000  -139600.0000000  -767400.0000000  
253     976     1000    0       0       82.6059835    -55.0237052   0.000   0.466   54.176  0.749   3      0.000   0.000   976     1000    82.6059835    -55.0237052   -139600.0000000  -789800.0000000  -139600.0000000  -789800.0000000  
254     1008    1000    0       0       82.5480320    -54.9447476   0.000   0.400   43.573  0.651   3      0.000   0.000   1008    1000    82.5480320    -54.9447476   -139600.0000000  -796200.0000000  -139600.0000000  -796200.0000000  
255     672     1008    0       0       83.1586916    -55.7192753   0.000   0.332   35.384  0.541   3      0.000   0.000   672     1008    83.1586916    -55.7192753   -138000.0000000  -729000.0000000  -138000.0000000  -729000.0000000  
256     456     1016    0       0       83.5517242    -56.2488667   0.000   0.345   37.500  0.608   3      0.000   0.000   456     1016    83.5517242    -56.2488667   -136400.0000000  -685800.0000000  -136400.0000000  -685800.0000000  
257     776     1016    0       0       82.9732526    -55.3102260   0.000   0.357   39.135  0.650   3      0.000   0.000   776     1016    82.9732526    -55.3102260   -136400.0000000  -749800.0000000  -136400.0000000  -749800.0000000  
258     1080    1016    0       0       82.4225413    -54.5517036   0.000   0.272   28.535  0.532   3      0.000   0.000   1080    1016    82.4225413    -54.5517036   -136400.0000000  -810600.0000000  -136400.0000000  -810600.0000000  
259     344     1024    0       0       83.7567555    -56.4858793   0.000   0.293   31.453  0.506   3      0.000   0.000   344     1024    83.7567555    -56.4858793   -134800.0000000  -663400.0000000  -134800.0000000  -663400.0000000  
260     384     1024    0       0       83.6845755    -56.3525950   0.000   0.351   37.155  0.572   3      0.000   0.000   384     1024    83.6845755    -56.3525950   -134800.0000000  -671400.0000000  -134800.0000000  -671400.0000000  
261     624     1032    -1      -1      83.2536319    -55.4897658   0.000   0.277   27.996  0.547   3      -0.200  -0.200  623     1031    83.2551059    -55.5080221   -133200.0000000  -719400.0000000  -133400.0000000  -719200.0000000  
262     808     1032    0       0       82.9204949    -54.9898250   0.000   0.358   39.150  0.633   3      0.000   0.000   808     1032    82.9204949    -54.9898250   -133200.0000000  -756200.0000000  -133200.0000000  -756200.0000000  
263     896     1032    0       0       82.7610317    -54.7670331   0.000   0.403   44.368  0.632   3      0.000   0.000   896     1032    82.7610317    -54.7670331   -133200.0000000  -773800.0000000  -133200.0000000  -773800.0000000  
264     936     1032    0       0       82.6885224    -54.6689852   0.000   0.404   45.388  0.642   3      0.000   0.000   936     1032    82.6885224    -54.6689852   -133200.0000000  -781800.0000000  -133200.0000000  -781800.0000000  
265     1000    1032    0       0       82.5724759    -54.5161013   0.000   0.428   48.818  0.744   3      0.000   0.000   1000    1032    82.5724759    -54.5161013   -133200.0000000  -794600.0000000  -133200.0000000  -794600.0000000  
266     1032    1032    0       0       82.5144389    -54.4414418   0.000   0.327   34.665  0.517   3      0.000   0.000   1032    1032    82.5144389    -54.4414418   -133200.0000000  -801000.0000000  -133200.0000000  -801000.0000000  
267     584     1040    0       0       83.3286894    -55.4805173   0.000   0.394   41.853  0.653   3      0.000   0.000   584     1040    83.3286894    -55.4805173   -131600.0000000  -711400.0000000  -131600.0000000  -711400.0000000  
268     840     1048    0       0       82.8675225    -54.6741851   0.000   0.416   48.031  0.681   3      0.000   0.000   840     1048    82.8675225    -54.6741851   -130000.0000000  -762600.0000000  -130000.0000000  -762600.0000000  
269     376     1056    0       0       83.7103708    -55.8518923   0.000   0.318   33.288  0.476   3      0.000   0.000   376     1056    83.7103708    -55.8518923   -128400.0000000  -669800.0000000  -128400.0000000  -669800.0000000  
270     776     1056    0       0       82.9860481    -54.7173977   0.000   0.392   43.143  0.612   3      0.000   0.000   776     1056    82.9860481    -54.7173977   -128400.0000000  -749800.0000000  -128400.0000000  -749800.0000000  
271     1072    1056    1       0       82.4489230    -54.0184452   0.000   0.185   22.278  0.460   3      0.200   0.000   1073    1056    82.4471071    -54.0162528   -128400.0000000  -809000.0000000  -128400.0000000  -809200.0000000  
272     536     1064    0       0       83.4235293    -55.2416109   0.000   0.263   26.567  0.537   3      0.000   0.000   536     1064    83.4235293    -55.2416109   -126800.0000000  -701800.0000000  -126800.0000000  -701800.0000000  
273     688     1064    -1      -1      83.1480979    -54.8248526   0.000   0.252   26.171  0.502   3      -0.200  -0.200  687     1063    83.1495965    -54.8426825   -126800.0000000  -732200.0000000  -127000.0000000  -732000.0000000  
274     936     1064    0       0       82.6981755    -54.2125705   0.000   0.434   49.929  0.701   3      0.000   0.000   936     1064    82.6981755    -54.2125705   -126800.0000000  -781800.0000000  -126800.0000000  -781800.0000000  
275     968     1064    0       0       82.6400801    -54.1390340   0.000   0.380   41.903  0.605   3      0.000   0.000   968     1064    82.6400801    -54.1390340   -126800.0000000  -788200.0000000  -126800.0000000  -788200.0000000  
276     1112    1064    0       1       82.3785529    -53.8220325   0.000   0.242   24.814  0.503   3      0.000   0.200   1112    1065    82.3788346    -53.8083360   -126800.0000000  -817000.0000000  -126600.0000000  -817000.0000000  
277     456     1072    0       0       83.5710350    -55.3460125   0.000   0.373   40.814  0.618   3      0.000   0.000   456     1072    83.5710350    -55.3460125   -125200.0000000  -685800.0000000  -125200.0000000  -685800.0000000  
278     872     1072    0       0       82.8167195    -54.2471255   0.000   0.410   46.931  0.654   3      0.000   0.000   872     1072    82.8167195    -54.2471255   -125200.0000000  -769000.0000000  -125200.0000000  -769000.0000000  
279     904     1072    0       0       82.7586223    -54.1721041   0.000   0.414   46.942  0.665   3      0.000   0.000   904     1072    82.7586223    -54.1721041   -125200.0000000  -775400.0000000  -125200.0000000  -775400.0000000  
280     400     1088    0       0       83.6777232    -55.2510238   0.000   0.369   40.087  0.551   3      0.000   0.000   400     1088    83.6777232    -55.2510238   -122000.0000000  -674600.0000000  -122000.0000000  -674600.0000000  
281     720     1088    0       0       83.0974117    -54.3792776   0.000   0.280   28.802  0.662   3      0.000   0.000   720     1088    83.0974117    -54.3792776   -122000.0000000  -738600.0000000  -122000.0000000  -738600.0000000  
282     784     1088    0       0       82.9812171    -54.2222713   0.000   0.390   41.713  0.539   3      0.000   0.000   784     1088    82.9812171    -54.2222713   -122000.0000000  -751400.0000000  -122000.0000000  -751400.0000000  
283     832     1088    0       0       82.8940466    -54.1078946   0.000   0.451   51.868  0.658   3      0.000   0.000   832     1088    82.8940466    -54.1078946   -122000.0000000  -761000.0000000  -122000.0000000  -761000.0000000  
284     1072    1088    0       0       82.4579210    -53.5757822   0.000   0.458   51.194  0.733   3      0.000   0.000   1072    1088    82.4579210    -53.5757822   -122000.0000000  -809000.0000000  -122000.0000000  -809000.0000000  
285     1016    1096    0       0       82.5619301    -53.5820316   0.000   0.363   39.556  0.610   3      0.000   0.000   1016    1096    82.5619301    -53.5820316   -120400.0000000  -797800.0000000  -120400.0000000  -797800.0000000  
286     440     1104    0       0       83.6103688    -54.8728914   0.000   0.322   34.307  0.591   3      0.000   0.000   440     1104    83.6103688    -54.8728914   -118800.0000000  -682600.0000000  -118800.0000000  -682600.0000000  
287     544     1104    0       0       83.4217004    -54.5864417   0.000   0.395   43.391  0.620   3      0.000   0.000   544     1104    83.4217004    -54.5864417   -118800.0000000  -703400.0000000  -118800.0000000  -703400.0000000  
288     576     1104    0       0       83.3636236    -54.5015874   0.000   0.263   26.740  0.454   3      0.000   0.000   576     1104    83.3636236    -54.5015874   -118800.0000000  -709800.0000000  -118800.0000000  -709800.0000000  
289     1120    1104    0       1       82.3749284    -53.2574479   0.000   0.274   28.838  0.480   3      0.000   0.200   1120    1105    82.3751923    -53.2437377   -118800.0000000  -818600.0000000  -118600.0000000  -818600.0000000  
290     960     1112    0       0       82.6681335    -53.4744801   0.000   0.450   52.420  0.692   3      0.000   0.000   960     1112    82.6681335    -53.4744801   -117200.0000000  -786600.0000000  -117200.0000000  -786600.0000000  
291     640     1120    0       0       83.2521511    -54.0890399   0.000   0.358   38.226  0.537   3      0.000   0.000   640     1120    83.2521511    -54.0890399   -115600.0000000  -722600.0000000  -115600.0000000  -722600.0000000  
292     672     1120    0       0       83.1940020    -54.0105607   0.000   0.360   37.891  0.611   3      0.000   0.000   672     1120    83.1940020    -54.0105607   -115600.0000000  -729000.0000000  -115600.0000000  -729000.0000000  
293     744     1120    0       0       83.0631335    -53.8388045   0.000   0.187   18.944  0.435   3      0.000   0.000   744     1120    83.0631335    -53.8388045   -115600.0000000  -743400.0000000  -115600.0000000  -743400.0000000  
294     872     1120    0       0       82.8303757    -53.5489816   0.000   0.430   48.538  0.664   3      0.000   0.000   872     1120    82.8303757    -53.5489816   -115600.0000000  -769000.0000000  -115600.0000000  -769000.0000000  
295     488     1128    0       0       83.5306325    -54.3522208   0.000   0.327   34.305  0.544   3      0.000   0.000   488     1128    83.5306325    -54.3522208   -114000.0000000  -692200.0000000  -114000.0000000  -692200.0000000  
296     776     1128    0       0       83.0071832    -53.6450731   0.000   0.272   28.788  0.471   3      0.000   0.000   776     1128    83.0071832    -53.6450731   -114000.0000000  -749800.0000000  -114000.0000000  -749800.0000000  
297     840     1128    0       0       82.8907672    -53.5021067   0.000   0.403   45.347  0.690   3      0.000   0.000   840     1128    82.8907672    -53.5021067   -114000.0000000  -762600.0000000  -114000.0000000  -762600.0000000  
298     456     1136    0       0       83.5911419    -54.3078061   0.000   0.334   36.483  0.600   3      0.000   0.000   456     1136    83.5911419    -54.3078061   -112400.0000000  -685800.0000000  -112400.0000000  -685800.0000000  
299     1112    1144    0       0       82.3997157    -52.7232264   0.000   0.294   32.126  0.542   3      0.000   0.000   1112    1144    82.3997157    -52.7232264   -110800.0000000  -817000.0000000  -110800.0000000  -817000.0000000  
300     552     1152    0       0       83.4212835    -53.8047806   0.000   0.403   44.571  0.633   3      0.000   0.000   552     1152    83.4212835    -53.8047806   -109200.0000000  -705000.0000000  -109200.0000000  -705000.0000000  
301     672     1152    0       0       83.2029743    -53.5192354   0.000   0.415   46.035  0.692   3      0.000   0.000   672     1152    83.2029743    -53.5192354   -109200.0000000  -729000.0000000  -109200.0000000  -729000.0000000  
302     976     1152    0       0       82.6494660    -52.8719692   0.000   0.356   38.335  0.494   3      0.000   0.000   976     1152    82.6494660    -52.8719692   -109200.0000000  -789800.0000000  -109200.0000000  -789800.0000000  
303     1072    1152    0       0       82.4745657    -52.6874044   0.000   0.316   32.496  0.609   3      0.000   0.000   1072    1152    82.4745657    -52.6874044   -109200.0000000  -809000.0000000  -109200.0000000  -809000.0000000  
304     512     1160    0       0       83.4962884    -53.7758101   0.000   0.327   35.302  0.480   3      0.000   0.000   512     1160    83.4962884    -53.7758101   -107600.0000000  -697000.0000000  -107600.0000000  -697000.0000000  
305     896     1160    0       0       82.7972220    -52.9164447   0.000   0.428   47.994  0.662   3      0.000   0.000   896     1160    82.7972220    -52.9164447   -107600.0000000  -773800.0000000  -107600.0000000  -773800.0000000  
306     928     1160    0       0       82.7389237    -52.8523193   0.000   0.354   38.155  0.567   3      0.000   0.000   928     1160    82.7389237    -52.8523193   -107600.0000000  -780200.0000000  -107600.0000000  -780200.0000000  
307     480     1168    0       0       83.5567424    -53.7262112   0.000   0.302   31.583  0.378   2      0.000   0.000   480     1168    83.5567424    -53.7262112   -106000.0000000  -690600.0000000  -106000.0000000  -690600.0000000  
308     752     1176    0       0       83.0636382    -52.9771531   0.000   0.223   22.303  0.500   3      0.000   0.000   752     1176    83.0636382    -52.9771531   -104400.0000000  -745000.0000000  -104400.0000000  -745000.0000000  
309     792     1176    0       0       82.9907547    -52.8934764   0.000   0.192   19.620  0.402   3      0.000   0.000   792     1176    82.9907547    -52.8934764   -104400.0000000  -753000.0000000  -104400.0000000  -753000.0000000  
310     1040    1176    0       0       82.5386915    -52.4112646   0.000   0.335   35.860  0.625   3      0.000   0.000   1040    1176    82.5386915    -52.4112646   -104400.0000000  -802600.0000000  -104400.0000000  -802600.0000000  
311     560     1184    0       0       83.4154702    -53.2776253   0.000   0.384   41.827  0.660   3      0.000   0.000   560     1184    83.4154702    -53.2776253   -102800.0000000  -706600.0000000  -102800.0000000  -706600.0000000  
312     592     1184    0       0       83.3571868    -53.2043400   0.000   0.393   42.321  0.609   3      0.000   0.000   592     1184    83.3571868    -53.2043400   -102800.0000000  -713000.0000000  -102800.0000000  -713000.0000000  
313     824     1184    0       0       82.9344305    -52.7092684   0.000   0.261   27.667  0.431   3      0.000   0.000   824     1184    82.9344305    -52.7092684   -102800.0000000  -759400.0000000  -102800.0000000  -759400.0000000  
314     856     1184    0       0       82.8760950    -52.6456052   0.000   0.364   39.623  0.581   3      0.000   0.000   856     1184    82.8760950    -52.6456052   -102800.0000000  -765800.0000000  -102800.0000000  -765800.0000000  
315     1200    1184    -1      2       82.2487142    -52.0219118   0.000   0.232   24.180  0.357   2      -0.200  0.400   1199    1186    82.2509872    -51.9965204   -102800.0000000  -834600.0000000  -102400.0000000  -834400.0000000  
316     512     1192    0       0       83.5050130    -53.2612559   0.000   0.246   24.858  0.461   3      0.000   0.000   512     1192    83.5050130    -53.2612559   -101200.0000000  -697000.0000000  -101200.0000000  -697000.0000000  
317     928     1192    0       0       82.7467293    -52.3905905   0.000   0.352   38.108  0.528   3      0.000   0.000   928     1192    82.7467293    -52.3905905   -101200.0000000  -780200.0000000  -101200.0000000  -780200.0000000  
318     1080    1192    1       0       82.4694538    -52.1163167   0.000   0.301   32.755  0.653   3      0.200   0.000   1081    1192    82.4676294    -52.1145793   -101200.0000000  -810600.0000000  -101200.0000000  -810800.0000000  
319     1160    1192    -1      1       82.3234879    -51.9799424   0.000   0.296   32.688  0.735   3      -0.200  0.200   1159    1193    82.3255358    -51.9679531   -101200.0000000  -826600.0000000  -101000.0000000  -826400.0000000  
320     696     1200    0       0       83.1717385    -52.7296227   0.000   0.298   31.581  0.507   3      0.000   0.000   696     1200    83.1717385    -52.7296227   -99600.0000000  -733800.0000000  -99600.0000000  -733800.0000000  
321     736     1208    0       0       83.1007471    -52.5258257   0.000   0.387   42.260  0.626   3      0.000   0.000   736     1208    83.1007471    -52.5258257   -98000.0000000  -741800.0000000  -98000.0000000  -741800.0000000  
322     960     1208    0       0       82.6920591    -52.1017064   0.000   0.332   35.216  0.467   3      0.000   0.000   960     1208    82.6920591    -52.1017064   -98000.0000000  -786600.0000000  -98000.0000000  -786600.0000000  
323     1040    1208    1       0       82.5460524    -51.9615356   0.000   0.390   44.545  0.749   3      0.200   0.000   1041    1208    82.5442272    -51.9598183   -98000.0000000  -802600.0000000  -98000.0000000  -802800.0000000  
324     568     1216    0       0       83.4091018    -52.7514465   0.000   0.332   35.012  0.573   3      0.000   0.000   568     1216    83.4091018    -52.7514465   -96400.0000000  -708200.0000000  -96400.0000000  -708200.0000000  
325     600     1216    0       0       83.3507440    -52.6828569   0.000   0.360   39.465  0.650   3      0.000   0.000   600     1216    83.3507440    -52.6828569   -96400.0000000  -714600.0000000  -96400.0000000  -714600.0000000  
326     848     1216    0       0       82.8982867    -52.1896009   0.000   0.239   23.959  0.370   2      0.000   0.000   848     1216    82.8982867    -52.1896009   -96400.0000000  -764200.0000000  -96400.0000000  -764200.0000000  
327     1000    1216    0       0       82.6208446    -51.9172566   0.000   0.337   35.913  0.569   3      0.000   0.000   1000    1216    82.6208446    -51.9172566   -96400.0000000  -794600.0000000  -96400.0000000  -794600.0000000  
328     536     1224    0       0       83.4694407    -52.6930180   0.000   0.260   27.427  0.469   3      0.000   0.000   536     1224    83.4694407    -52.6930180   -94800.0000000  -701800.0000000  -94800.0000000  -701800.0000000  
329     1104    1224    0       1       82.4326865    -51.6315472   0.000   0.120   12.100  0.214   1      0.000   0.200   1104    1225    82.4328986    -51.6176808   -94800.0000000  -815400.0000000  -94600.0000000  -815400.0000000  
330     704     1232    0       0       83.1648048    -52.2228037   0.000   0.291   30.177  0.451   3      0.000   0.000   704     1232    83.1648048    -52.2228037   -93200.0000000  -735400.0000000  -93200.0000000  -735400.0000000  
331     1072    1232    1       1       82.4928226    -51.5717294   0.000   0.301   32.092  0.616   3      0.200   0.200   1073    1233    82.4912062    -51.5561433   -93200.0000000  -809000.0000000  -93000.0000000  -809200.0000000  
332     1032    1240    1       1       82.5675697    -51.5238365   0.000   0.405   44.084  0.720   3      0.200   0.200   1033    1241    82.5659514    -51.5081036   -91600.0000000  -801000.0000000  -91400.0000000  -801200.0000000  
333     1168    1240    0       -6      82.3190919    -51.3113366   0.000   0.106   9.810   0.304   2      0.000   -1.200  1168    1234    82.3178716    -51.3933376   -91600.0000000  -828200.0000000  -92800.0000000  -828200.0000000  
334     1000    1248    1       0       82.6276997    -51.4620402   0.000   0.282   29.669  0.538   3      0.200   0.000   1001    1248    82.6258724    -51.4604279   -90000.0000000  -794600.0000000  -90000.0000000  -794800.0000000  
335     560     1256    0       0       83.4332356    -52.1310042   0.000   0.321   33.794  0.518   3      0.000   0.000   560     1256    83.4332356    -52.1310042   -88400.0000000  -706600.0000000  -88400.0000000  -706600.0000000  
336     600     1256    0       0       83.3601836    -52.0519804   0.000   0.302   32.238  0.584   3      0.000   0.000   600     1256    83.3601836    -52.0519804   -88400.0000000  -714600.0000000  -88400.0000000  -714600.0000000  
337     648     1256    0       0       83.2725118    -51.9594221   0.000   0.369   40.015  0.672   3      0.000   0.000   648     1256    83.2725118    -51.9594221   -88400.0000000  -724200.0000000  -88400.0000000  -724200.0000000  
338     800     1256    0       0       82.9948252    -51.6816405   0.000   0.316   34.463  0.573   3      0.000   0.000   800     1256    82.9948252    -51.6816405   -88400.0000000  -754600.0000000  -88400.0000000  -754600.0000000  
339     768     1264    0       0       83.0550038    -51.6174028   0.000   0.304   32.061  0.514   3      0.000   0.000   768     1264    83.0550038    -51.6174028   -86800.0000000  -748200.0000000  -86800.0000000  -748200.0000000  
340     968     1264    0       0       82.6894500    -51.2843370   0.000   0.430   48.990  0.642   3      0.000   0.000   968     1264    82.6894500    -51.2843370   -86800.0000000  -788200.0000000  -86800.0000000  -788200.0000000  
341     848     1272    -1      -1      82.9104402    -51.3615861   0.000   0.168   16.168  0.335   2      -0.200  -0.200  847     1271    82.9120643    -51.3780520   -85200.0000000  -764200.0000000  -85400.0000000  -764000.0000000  
342     1040    1272    1       1       82.5593963    -51.0595398   0.000   0.324   34.769  0.604   3      0.200   0.200   1041    1273    82.5577616    -51.0439261   -85200.0000000  -802600.0000000  -85000.0000000  -802800.0000000  
343     1008    1280    1       1       82.6194590    -50.9940218   0.000   0.289   32.183  0.611   3      0.200   0.200   1009    1281    82.6178219    -50.9782952   -83600.0000000  -796200.0000000  -83400.0000000  -796400.0000000  
344     1320    1280    1       -2      82.0488084    -50.5612343   0.000   0.099   8.649   0.207   1      0.200   -0.400  1321    1278    82.0466224    -50.5863820   -83600.0000000  -858600.0000000  -84000.0000000  -858800.0000000  
345     592     1288    0       0       83.3817820    -51.5605929   0.000   0.318   32.689  0.511   3      0.000   0.000   592     1288    83.3817820    -51.5605929   -82000.0000000  -713000.0000000  -82000.0000000  -713000.0000000  
346     648     1288    0       0       83.2793919    -51.4599955   0.000   0.326   35.622  0.584   3      0.000   0.000   648     1288    83.2793919    -51.4599955   -82000.0000000  -724200.0000000  -82000.0000000  -724200.0000000  
347     896     1288    -1      -1      82.8258472    -51.0490886   0.000   0.215   22.940  0.453   3      -0.200  -0.200  895     1287    82.8274821    -51.0652886   -82000.0000000  -773800.0000000  -82200.0000000  -773600.0000000  
348     816     1296    0       0       82.9737354    -51.0562310   0.000   0.385   41.892  0.537   3      0.000   0.000   816     1296    82.9737354    -51.0562310   -80400.0000000  -757800.0000000  -80400.0000000  -757800.0000000  
349     960     1296    0       0       82.7102936    -50.8360518   0.000   0.398   43.005  0.696   3      0.000   0.000   960     1296    82.7102936    -50.8360518   -80400.0000000  -786600.0000000  -80400.0000000  -786600.0000000  
350     760     1304    0       0       83.0777354    -51.0249847   0.000   0.237   24.205  0.408   3      0.000   0.000   760     1304    83.0777354    -51.0249847   -78800.0000000  -746600.0000000  -78800.0000000  -746600.0000000  
351     856     1304    0       0       82.9020819    -50.8749974   0.000   0.237   24.641  0.430   3      0.000   0.000   856     1304    82.9020819    -50.8749974   -78800.0000000  -765800.0000000  -78800.0000000  -765800.0000000  
352     696     1312    0       0       83.1963836    -51.0057543   0.000   0.375   40.709  0.552   3      0.000   0.000   696     1312    83.1963836    -51.0057543   -77200.0000000  -733800.0000000  -77200.0000000  -733800.0000000  
353     1032    1312    1       1       82.5814426    -50.5051363   0.000   0.319   34.420  0.700   3      0.200   0.200   1033    1313    82.5797884    -50.4895993   -77200.0000000  -801000.0000000  -77000.0000000  -801200.0000000  
354     920     1320    0       -1      82.7878751    -50.5458835   0.000   0.194   19.929  0.454   3      0.000   -0.200  920     1319    82.7876971    -50.5604634   -75600.0000000  -778600.0000000  -75800.0000000  -778600.0000000  
355     632     1328    0       0       83.3165642    -50.8600464   0.000   0.388   42.823  0.713   3      0.000   0.000   632     1328    83.3165642    -50.8600464   -74000.0000000  -721000.0000000  -74000.0000000  -721000.0000000  
356     664     1328    0       0       83.2579834    -50.8088411   0.000   0.306   34.024  0.534   3      0.000   0.000   664     1328    83.2579834    -50.8088411   -74000.0000000  -727400.0000000  -74000.0000000  -727400.0000000  
357     728     1328    0       0       83.1408163    -50.7090603   0.000   0.372   41.350  0.594   3      0.000   0.000   728     1328    83.1408163    -50.7090603   -74000.0000000  -740200.0000000  -74000.0000000  -740200.0000000  
358     952     1328    0       -1      82.7306900    -50.3852168   0.000   0.216   21.407  0.483   3      0.000   -0.200  952     1327    82.7305171    -50.3996855   -74000.0000000  -785000.0000000  -74200.0000000  -785000.0000000  
359     760     1336    0       0       83.0836665    -50.5388218   0.000   0.353   38.027  0.610   3      0.000   0.000   760     1336    83.0836665    -50.5388218   -72400.0000000  -746600.0000000  -72400.0000000  -746600.0000000  
360     800     1336    0       0       83.0104169    -50.4804606   0.000   0.244   24.168  0.443   3      0.000   0.000   800     1336    83.0104169    -50.4804606   -72400.0000000  -754600.0000000  -72400.0000000  -754600.0000000  
361     832     1336    0       0       82.9518160    -50.4346472   0.000   0.308   32.724  0.592   3      0.000   0.000   832     1336    82.9518160    -50.4346472   -72400.0000000  -761000.0000000  -72400.0000000  -761000.0000000  
362     1016    1344    0       0       82.6161631    -50.0713739   0.000   0.325   35.503  0.669   3      0.000   0.000   1016    1344    82.6161631    -50.0713739   -70800.0000000  -797800.0000000  -70800.0000000  -797800.0000000  
363     1048    1344    0       1       82.5575484    -50.0312228   0.000   0.239   24.684  0.537   3      0.000   0.200   1048    1345    82.5577094    -50.0170829   -70800.0000000  -804200.0000000  -70600.0000000  -804200.0000000  
364     672     1368    0       0       83.2503731    -50.1731689   0.000   0.332   36.045  0.548   3      0.000   0.000   672     1368    83.2503731    -50.1731689   -66000.0000000  -729000.0000000  -66000.0000000  -729000.0000000  
365     704     1368    0       0       83.1917289    -50.1283892   0.000   0.304   32.990  0.570   3      0.000   0.000   704     1368    83.1917289    -50.1283892   -66000.0000000  -735400.0000000  -66000.0000000  -735400.0000000  
366     840     1368    0       0       82.9424853    -49.9463968   0.000   0.245   25.112  0.477   3      0.000   0.000   840     1368    82.9424853    -49.9463968   -66000.0000000  -762600.0000000  -66000.0000000  -762600.0000000  
367     896     1368    0       0       82.8398545    -49.8751501   0.000   0.353   38.522  0.615   3      0.000   0.000   896     1368    82.8398545    -49.8751501   -66000.0000000  -773800.0000000  -66000.0000000  -773800.0000000  
368     984     1368    -1      -1      82.6785783    -49.7672366   0.000   0.203   20.445  0.428   3      -0.200  -0.200  983     1367    82.6802579    -49.7828190   -66000.0000000  -791400.0000000  -66200.0000000  -791200.0000000  
369     792     1376    0       0       83.0317239    -49.8883016   0.000   0.453   52.324  0.720   3      0.000   0.000   792     1376    83.0317239    -49.8883016   -64400.0000000  -753000.0000000  -64400.0000000  -753000.0000000  
370     1048    1376    0       0       82.5624771    -49.5784520   0.000   0.358   38.526  0.661   3      0.000   0.000   1048    1376    82.5624771    -49.5784520   -64400.0000000  -804200.0000000  -64400.0000000  -804200.0000000  
371     704     1400    0       0       83.1967387    -49.6333715   0.000   0.291   30.164  0.459   3      0.000   0.000   704     1400    83.1967387    -49.6333715   -59600.0000000  -735400.0000000  -59600.0000000  -735400.0000000  
372     1016    1400    -1      0       82.6245509    -49.2723703   0.000   0.221   23.193  0.398   2      -0.200  0.000   1015    1400    82.6263847    -49.2734377   -59600.0000000  -797800.0000000  -59600.0000000  -797600.0000000  
373     776     1408    0       0       83.0658416    -49.4232472   0.000   0.433   48.664  0.715   3      0.000   0.000   776     1408    83.0658416    -49.4232472   -58000.0000000  -749800.0000000  -58000.0000000  -749800.0000000  
374     960     1408    0       -1      82.7283429    -49.2170764   0.000   0.129   12.126  0.298   1      0.000   -0.200  960     1407    82.7282074    -49.2315653   -58000.0000000  -786600.0000000  -58200.0000000  -786600.0000000  
375     1056    1408    0       0       82.5522697    -49.1169447   0.000   0.299   30.963  0.538   3      0.000   0.000   1056    1408    82.5522697    -49.1169447   -58000.0000000  -805800.0000000  -58000.0000000  -805800.0000000  
376     816     1416    0       0       82.9935779    -49.2564464   0.000   0.413   44.886  0.673   3      0.000   0.000   816     1416    82.9935779    -49.2564464   -56400.0000000  -757800.0000000  -56400.0000000  -757800.0000000  
377     728     1432    0       0       83.1571959    -49.1109202   0.000   0.349   39.416  0.633   3      0.000   0.000   728     1432    83.1571959    -49.1109202   -53200.0000000  -740200.0000000  -53200.0000000  -740200.0000000  
378     888     1432    0       0       82.8635747    -48.9411119   0.000   0.266   28.710  0.554   3      0.000   0.000   888     1432    82.8635747    -48.9411119   -53200.0000000  -772200.0000000  -53200.0000000  -772200.0000000  
379     760     1448    0       0       83.1004993    -48.8313924   0.000   0.287   31.464  0.582   3      0.000   0.000   760     1448    83.1004993    -48.8313924   -50000.0000000  -746600.0000000  -50000.0000000  -746600.0000000  
380     1056    1448    0       -1      82.5571876    -48.5506587   0.000   0.300   30.979  0.532   3      0.000   -0.200  1056    1447    82.5570735    -48.5648248   -50000.0000000  -805800.0000000  -50200.0000000  -805800.0000000  
381     816     1456    0       0       82.9986540    -48.6544658   0.000   0.362   38.601  0.599   3      0.000   0.000   816     1456    82.9986540    -48.6544658   -48400.0000000  -757800.0000000  -48400.0000000  -757800.0000000  
382     848     1456    0       0       82.9399057    -48.6239424   0.000   0.470   53.107  0.713   3      0.000   0.000   848     1456    82.9399057    -48.6239424   -48400.0000000  -764200.0000000  -48400.0000000  -764200.0000000  
383     1104    1456    0       0       82.4699832    -48.3969411   0.000   0.168   16.331  0.421   3      0.000   0.000   1104    1456    82.4699832    -48.3969411   -48400.0000000  -815400.0000000  -48400.0000000  -815400.0000000  
384     792     1488    0       -1      83.0462437    -48.1924726   0.000   0.306   31.255  0.616   3      0.000   -0.200  792     1487    83.0461410    -48.2076432   -42000.0000000  -753000.0000000  -42200.0000000  -753000.0000000  
385     832     1496    0       0       82.9735655    -48.0388680   0.000   0.337   37.117  0.670   3      0.000   0.000   832     1496    82.9735655    -48.0388680   -40400.0000000  -761000.0000000  -40400.0000000  -761000.0000000  
386     960     1496    0       0       82.7384455    -47.9401441   0.000   0.258   28.550  0.577   3      0.000   0.000   960     1496    82.7384455    -47.9401441   -40400.0000000  -786600.0000000  -40400.0000000  -786600.0000000  
387     824     1528    0       0       82.9911419    -47.5635454   0.000   0.298   30.821  0.551   3      0.000   0.000   824     1528    82.9911419    -47.5635454   -34000.0000000  -759400.0000000  -34000.0000000  -759400.0000000  
388     960     1528    0       1       82.7412257    -47.4750123   0.000   0.396   42.795  0.791   3      0.000   0.200   960     1529    82.7413049    -47.4604713   -34000.0000000  -786600.0000000  -33800.0000000  -786600.0000000  
389     1224    1536    -1      0       82.2568221    -47.2104624   0.000   0.107   10.424  0.296   1      -0.200  0.000   1223    1536    82.2586590    -47.2109887   -32400.0000000  -839400.0000000  -32400.0000000  -839200.0000000  
390     856     1544    -1      0       82.9335779    -47.3031593   0.000   0.081   8.717   0.225   1      -0.200  0.000   855     1544    82.9354159    -47.3037603   -30800.0000000  -765800.0000000  -30800.0000000  -765600.0000000  
391     936     1560    0       1       82.7876419    -47.0218816   0.000   0.108   8.657   0.295   1      0.000   0.200   936     1561    82.7877065    -47.0072423   -27600.0000000  -781800.0000000  -27400.0000000  -781800.0000000  
392     936     1616    -1      4       82.7905390    -46.2017306   0.000   0.101   8.080   0.303   2      -0.200  0.800   935     1620    82.7925285    -46.1434180   -16400.0000000  -781800.0000000  -15600.0000000  -781600.0000000  
393     1280    1632    -3      3       82.1586934    -45.8890708   0.000   0.118   11.044  0.280   1      -0.600  0.600   1277    1635    82.1642903    -45.8492635   -13200.0000000  -850600.0000000  -12600.0000000  -850000.0000000  
