CP      startX  startY  dispX   dispY   sLat          sLon          theta   pCorr   pkStr   cCorr   conf   velX    velY    endX    endY    eLat          eLon          nps_startX    nps_startY    nps_endX      nps_endY      
0       392     320     -29     -57     72.1448101    166.9648814   0.000   0.143   14.058  0.209   1      -5.800  -11.400  363     263     72.0459285    167.1578097   -1032000.0000000  1653800.0000000  -1043400.0000000  1659600.0000000  
1       424     336     -28     -56     72.2090528    166.9847453   0.000   0.174   17.795  0.458   3      -5.600  -11.200  396     280     72.1126203    167.1764242   -1028800.0000000  1647400.0000000  -1040000.0000000  1653000.0000000  
2       472     352     -29     -54     72.2977769    167.0550405   354.375  0.152   15.418  0.443   3      -5.800  -10.800  443     298     72.2016485    167.2341800   -1025600.0000000  1637800.0000000  -1036400.0000000  1643600.0000000  
3       536     360     -29     -51     72.4032492    167.2172375   0.000   0.120   10.754  0.303   2      -5.800  -10.200  507     309     72.3098394    167.3815333   -1024000.0000000  1625000.0000000  -1034200.0000000  1630800.0000000  
4       608     360     -28     -49     72.5130601    167.4477072   0.000   0.136   12.108  0.322   2      -5.600  -9.800  580     311     72.4228896    167.6049558   -1024000.0000000  1610600.0000000  -1033800.0000000  1616200.0000000  
5       504     376     -30     -52     72.3696977    167.0350486   0.000   0.171   17.076  0.382   2      -6.000  -10.400  474     324     72.2739666    167.2018588   -1020800.0000000  1631400.0000000  -1031200.0000000  1637400.0000000  
6       648     384     -29     -48     72.5972517    167.4549959   0.000   0.134   13.523  0.359   2      -5.800  -9.600  619     336     72.5065074    167.6046843   -1019200.0000000  1602600.0000000  -1028800.0000000  1608400.0000000  
7       544     392     -31     -51     72.4462068    167.0808257   0.000   0.151   14.016  0.345   2      -6.200  -10.200  513     341     72.3498525    167.2399139   -1017600.0000000  1623400.0000000  -1027800.0000000  1629600.0000000  
8       792     408     -27     -41     72.8396710    167.8039897   354.375  0.172   15.488  0.304   2      -5.400  -8.200  765     367     72.7585058    167.9247952   -1014400.0000000  1573800.0000000  -1022600.0000000  1579200.0000000  
9       488     416     -33     -53     72.3833414    166.7824018   0.000   0.231   24.084  0.541   3      -6.600  -10.600  455     363     72.2822832    166.9463497   -1012800.0000000  1634600.0000000  -1023400.0000000  1641200.0000000  
10      576     416     -32     -50     72.5181580    167.0607691   0.000   0.152   14.268  0.370   2      -6.400  -10.000  544     366     72.4212375    167.2123931   -1012800.0000000  1617000.0000000  -1022800.0000000  1623400.0000000  
11      824     432     -28     -39     72.9117654    167.7865580   0.000   0.221   21.971  0.529   3      -5.600  -7.800  796     393     72.8310419    167.8943675   -1009600.0000000  1567400.0000000  -1017400.0000000  1573000.0000000  
12      880     432     -27     -38     72.9967607    167.9738862   0.000   0.142   14.510  0.353   2      -5.400  -7.600  853     394     72.9184171    168.0795451   -1009600.0000000  1556200.0000000  -1017200.0000000  1561600.0000000  
13      432     440     -35     -55     72.3200191    166.4861403   0.000   0.105   10.077  0.212   1      -7.000  -11.000  397     385     72.2142716    166.6550580   -1008000.0000000  1645800.0000000  -1019000.0000000  1652800.0000000  
14      712     440     -31     -45     72.7490400    167.3764145   0.000   0.190   19.419  0.445   3      -6.200  -9.000  681     395     72.6581881    167.5060225   -1008000.0000000  1589800.0000000  -1017000.0000000  1596000.0000000  
15      744     440     -31     -44     72.7978323    167.4810251   0.000   0.210   20.509  0.421   3      -6.200  -8.800  713     396     72.7078722    167.6053306   -1008000.0000000  1583400.0000000  -1016800.0000000  1589600.0000000  
16      776     440     -31     -43     72.8465738    167.5862392   0.000   0.230   23.508  0.425   3      -6.200  -8.600  745     397     72.7575111    167.7052191   -1008000.0000000  1577000.0000000  -1016600.0000000  1583200.0000000  
17      384     448     -39     -58     72.2536122    166.2974988   354.375  0.125   12.166  0.265   1      -7.800  -11.600  345     390     72.1390754    166.4696797   -1006400.0000000  1655400.0000000  -1018000.0000000  1663200.0000000  
18      504     456     -35     -53     72.4458496    166.6294437   0.000   0.211   22.957  0.511   3      -7.000  -10.600  469     403     72.3418401    166.7886054   -1004800.0000000  1631400.0000000  -1015400.0000000  1638400.0000000  
19      576     456     -34     -50     72.5563819    166.8567208   0.000   0.119   11.420  0.323   2      -6.800  -10.000  542     406     72.4565534    167.0034802   -1004800.0000000  1617000.0000000  -1014800.0000000  1623800.0000000  
20      840     464     -29     -39     72.9673582    167.6740912   0.000   0.208   20.147  0.369   2      -5.800  -7.800  811     425     72.8851665    167.7794715   -1003200.0000000  1564200.0000000  -1011000.0000000  1570000.0000000  
21      712     472     -32     -45     72.7799234    167.2115985   0.000   0.178   17.492  0.418   3      -6.400  -9.000  680     427     72.6876493    167.3390738   -1001600.0000000  1589800.0000000  -1010600.0000000  1596200.0000000  
22      872     472     -29     -38     73.0238400    167.7393157   0.000   0.158   15.938  0.405   3      -5.800  -7.600  843     434     72.9425815    167.8395577   -1001600.0000000  1557800.0000000  -1009200.0000000  1563600.0000000  
23      400     480     -41     -58     72.3082358    166.1845739   0.000   0.144   11.185  0.278   1      -8.200  -11.600  359     422     72.1907053    166.3518950   -1000000.0000000  1652200.0000000  -1011600.0000000  1660400.0000000  
24      656     480     -33     -48     72.7019135    166.9892961   0.000   0.161   15.793  0.357   2      -6.600  -9.600  623     432     72.6053954    167.1295162   -1000000.0000000  1601000.0000000  -1009600.0000000  1607600.0000000  
25      744     480     -32     -44     72.8365310    167.2745552   0.000   0.201   19.676  0.507   3      -6.400  -8.800  712     436     72.7451699    167.3969744   -1000000.0000000  1583400.0000000  -1008800.0000000  1589800.0000000  
26      624     488     -34     -48     72.6604968    166.8455440   0.000   0.166   16.335  0.407   3      -6.800  -9.600  590     440     72.5625626    166.9830439   -998400.0000000  1607400.0000000  -1008000.0000000  1614200.0000000  
27      840     496     -33     -41     72.9985115    167.5076777   0.000   0.158   16.240  0.309   2      -6.600  -8.200  807     455     72.9083667    167.6111689   -996800.0000000  1564200.0000000  -1005000.0000000  1570800.0000000  
28      544     504     -36     -52     72.5527346    166.5097286   0.000   0.231   23.509  0.453   3      -7.200  -10.400  508     452     72.4482078    166.6623634   -995200.0000000  1623400.0000000  -1005600.0000000  1630600.0000000  
29      872     504     -30     -39     73.0550530    167.5724610   0.000   0.121   12.102  0.360   2      -6.000  -7.800  842     465     72.9713766    167.6755590   -995200.0000000  1557800.0000000  -1003000.0000000  1563800.0000000  
30      488     512     -36     -53     72.4739716    166.2935409   0.000   0.147   13.667  0.230   1      -7.200  -10.600  452     459     72.3686984    166.4518638   -993600.0000000  1634600.0000000  -1004200.0000000  1641800.0000000  
31      576     512     -36     -50     72.6095335    166.5695289   0.000   0.255   26.477  0.533   3      -7.200  -10.000  540     462     72.5068416    166.7120931   -993600.0000000  1617000.0000000  -1003600.0000000  1624200.0000000  
32      768     512     -33     -43     72.9040519    167.1870693   0.000   0.153   19.183  0.425   3      -6.600  -8.600  735     469     72.8121690    167.3020183   -993600.0000000  1578600.0000000  -1002200.0000000  1585200.0000000  
33      424     520     -43     -57     72.3826146    166.0547102   0.000   0.271   26.673  0.486   3      -8.600  -11.400  381     463     72.2630260    166.2124214   -992000.0000000  1647400.0000000  -1003400.0000000  1656000.0000000  
34      456     520     -43     -56     72.4320640    166.1533582   0.000   0.189   17.953  0.339   2      -8.600  -11.200  413     464     72.3133153    166.3057682   -992000.0000000  1641000.0000000  -1003200.0000000  1649600.0000000  
35      640     520     -35     -48     72.7155044    166.7316834   0.000   0.229   22.823  0.452   3      -7.000  -9.600  605     472     72.6161044    166.8670869   -992000.0000000  1604200.0000000  -1001600.0000000  1611200.0000000  
36      672     520     -35     -47     72.7646388    166.8342301   0.000   0.161   16.207  0.405   3      -7.000  -9.400  637     473     72.6661104    166.9642866   -992000.0000000  1597800.0000000  -1001400.0000000  1604800.0000000  
37      704     528     -35     -47     72.8213658    166.8958671   0.000   0.203   15.416  0.270   2      -7.000  -9.400  669     481     72.7227816    167.0259999   -990400.0000000  1591400.0000000  -999800.0000000  1598400.0000000  
38      736     528     -35     -45     72.8704256    166.9995340   0.000   0.170   16.391  0.332   2      -7.000  -9.000  701     483     72.7736808    167.1191152   -990400.0000000  1585000.0000000  -999400.0000000  1592000.0000000  
39      800     528     -34     -42     72.9683962    167.2086841   0.000   0.206   21.170  0.373   2      -6.800  -8.400  766     486     72.8759245    167.3154912   -990400.0000000  1572200.0000000  -998800.0000000  1579000.0000000  
40      832     536     -34     -41     73.0250315    167.2723400   0.000   0.199   20.784  0.455   3      -6.800  -8.200  798     495     72.9334795    167.3739593   -988800.0000000  1565800.0000000  -997000.0000000  1572600.0000000  
41      488     544     -43     -56     72.5039051    166.1294490   0.000   0.240   25.112  0.488   3      -8.600  -11.200  445     488     72.3851532    166.2826537   -987200.0000000  1634600.0000000  -998400.0000000  1643200.0000000  
42      576     544     -37     -50     72.6397149    166.4046202   0.000   0.183   18.130  0.422   3      -7.400  -10.000  539     494     72.5355995    166.5452731   -987200.0000000  1617000.0000000  -997200.0000000  1624400.0000000  
43      608     544     -37     -49     72.6890131    166.5057682   0.000   0.254   26.479  0.448   3      -7.400  -9.800  571     495     72.5857577    166.6410778   -987200.0000000  1610600.0000000  -997000.0000000  1618000.0000000  
44      432     552     -44     -57     72.4247239    165.9156080   0.000   0.257   25.830  0.432   3      -8.800  -11.400  388     495     72.3036928    166.0715929   -985600.0000000  1645800.0000000  -997000.0000000  1654600.0000000  
45      640     552     -36     -48     72.7458330    166.5660347   0.000   0.181   18.035  0.346   2      -7.200  -9.600  604     504     72.6450055    166.6994614   -985600.0000000  1604200.0000000  -995200.0000000  1611400.0000000  
46      672     552     -36     -48     72.7950591    166.6682846   0.000   0.159   15.856  0.408   3      -7.200  -9.600  636     504     72.6941483    166.8014914   -985600.0000000  1597800.0000000  -995200.0000000  1605000.0000000  
47      888     552     -35     -40     73.1260491    167.3742662   0.000   0.116   11.349  0.249   1      -7.000  -8.000  853     512     73.0338665    167.4673936   -985600.0000000  1554600.0000000  -993600.0000000  1561600.0000000  
48      800     560     -35     -42     72.9991523    167.0414026   0.000   0.193   19.843  0.427   3      -7.000  -8.400  765     518     72.9052352    167.1460532   -984000.0000000  1572200.0000000  -992400.0000000  1579200.0000000  
49      832     568     -35     -41     73.0558463    167.1046085   0.000   0.259   26.706  0.450   3      -7.000  -8.200  797     527     72.9628452    167.2040425   -982400.0000000  1565800.0000000  -990600.0000000  1572800.0000000  
50      512     576     -44     -56     72.5708398    166.0391769   0.000   0.217   20.081  0.307   2      -8.800  -11.200  468     520     72.4505958    166.1904966   -980800.0000000  1629800.0000000  -992000.0000000  1638600.0000000  
51      480     584     -44     -56     72.5287342    165.8988269   0.000   0.235   24.118  0.456   3      -8.800  -11.200  436     528     72.4086149    166.0507528   -979200.0000000  1636200.0000000  -990400.0000000  1645000.0000000  
52      864     584     -36     -40     73.1202241    167.1261015   0.000   0.188   18.589  0.413   3      -7.200  -8.000  828     544     73.0266316    167.2172633   -979200.0000000  1559400.0000000  -987200.0000000  1566600.0000000  
53      560     592     -39     -51     72.6599899    166.1060376   0.000   0.187   17.811  0.336   2      -7.800  -10.200  521     541     72.5520656    166.2475653   -977600.0000000  1620200.0000000  -987800.0000000  1628000.0000000  
54      384     600     -47     -58     72.3945034    165.5229891   0.000   0.081   10.142  0.253   1      -9.400  -11.600  337     542     72.2682323    165.6774526   -976000.0000000  1655400.0000000  -987600.0000000  1664800.0000000  
55      448     600     -44     -57     72.4939117    165.7179329   0.000   0.211   20.248  0.466   3      -8.800  -11.400  404     543     72.3730219    165.8759172   -976000.0000000  1642600.0000000  -987400.0000000  1651400.0000000  
56      592     600     -39     -50     72.7169294    166.1648667   0.000   0.214   22.664  0.498   3      -7.800  -10.000  553     550     72.6098841    166.3013348   -976000.0000000  1613800.0000000  -986000.0000000  1621600.0000000  
57      664     600     -38     -48     72.8280896    166.3927457   0.000   0.199   18.894  0.453   3      -7.600  -9.600  626     552     72.7242816    166.5214864   -976000.0000000  1599400.0000000  -985600.0000000  1607000.0000000  
58      776     600     -37     -44     73.0005261    166.7532258   0.000   0.199   20.173  0.464   3      -7.400  -8.800  739     556     72.9017864    166.8634398   -976000.0000000  1577000.0000000  -984800.0000000  1584400.0000000  
59      528     608     -44     -56     72.6253517    165.9233351   0.000   0.219   16.718  0.383   2      -8.800  -11.200  484     552     72.5051825    166.0759416   -974400.0000000  1626600.0000000  -985600.0000000  1635400.0000000  
60      488     616     -44     -56     72.5707441    165.7581592   0.000   0.265   25.692  0.478   3      -8.800  -11.200  444     560     72.4507240    165.9114316   -972800.0000000  1634600.0000000  -984000.0000000  1643400.0000000  
61      632     616     -39     -48     72.7937088    166.2076471   0.000   0.223   23.942  0.409   3      -7.800  -9.600  593     568     72.6884908    166.3340996   -972800.0000000  1605800.0000000  -982400.0000000  1613600.0000000  
62      696     616     -38     -47     72.8925034    166.4112309   0.000   0.193   18.529  0.437   3      -7.600  -9.400  658     569     72.7896110    166.5351465   -972800.0000000  1593000.0000000  -982200.0000000  1600600.0000000  
63      832     616     -37     -41     73.1018031    166.8518516   0.000   0.349   35.691  0.624   3      -7.400  -8.200  795     575     73.0058526    166.9464188   -972800.0000000  1565800.0000000  -981000.0000000  1573200.0000000  
64      864     616     -37     -41     73.1509205    166.9571389   0.000   0.219   21.689  0.416   3      -7.400  -8.200  827     575     73.0549079    167.0513791   -972800.0000000  1559400.0000000  -981000.0000000  1566800.0000000  
65      344     624     -49     -60     72.3541614    165.2791335   0.000   0.107   9.397   0.248   1      -9.800  -12.000  295     564     72.2231654    165.4391996   -971200.0000000  1663400.0000000  -983200.0000000  1673200.0000000  
66      416     632     -44     -57     72.4735776    165.4552183   0.000   0.200   20.579  0.502   3      -8.800  -11.400  372     575     72.3529134    165.6148442   -969600.0000000  1649000.0000000  -981000.0000000  1657800.0000000  
67      528     640     -44     -56     72.6549760    165.7571458   0.000   0.225   23.314  0.444   3      -8.800  -11.200  484     584     72.5349303    165.9111755   -968000.0000000  1626600.0000000  -979200.0000000  1635400.0000000  
68      376     648     -49     -59     72.4258695    165.2517071   354.375  0.129   11.500  0.412   2      -9.800  -11.800  327     589     72.2957853    165.4075240   -966400.0000000  1657000.0000000  -978200.0000000  1666800.0000000  
69      680     648     -40     -48     72.8978420    166.1923023   0.000   0.298   31.014  0.571   3      -8.000  -9.600  640     600     72.7910626    166.3164542   -966400.0000000  1596200.0000000  -976000.0000000  1604200.0000000  
70      776     648     -38     -44     73.0460242    166.5003475   0.000   0.175   17.008  0.428   3      -7.600  -8.800  738     604     72.9458773    166.6091161   -966400.0000000  1577000.0000000  -975200.0000000  1584600.0000000  
71      808     648     -38     -43     73.0953219    166.6042455   0.000   0.268   26.997  0.520   3      -7.600  -8.600  770     605     72.9960551    166.7074581   -966400.0000000  1570600.0000000  -975000.0000000  1578200.0000000  
72      584     656     -40     -51     72.7566509    165.8478220   0.000   0.123   11.385  0.209   1      -8.000  -10.200  544     605     72.6473428    165.9886632   -964800.0000000  1615400.0000000  -975000.0000000  1623400.0000000  
73      624     656     -40     -49     72.8186487    165.9731910   0.000   0.210   22.422  0.460   3      -8.000  -9.800  584     607     72.7110984    166.1033395   -964800.0000000  1607400.0000000  -974600.0000000  1615400.0000000  
74      712     656     -40     -47     72.9547893    166.2522567   0.000   0.259   26.329  0.515   3      -8.000  -9.400  672     609     72.8488969    166.3712199   -964800.0000000  1589800.0000000  -974200.0000000  1597800.0000000  
75      416     664     -45     -57     72.5027844    165.2896954   0.000   0.229   24.466  0.628   3      -9.000  -11.400  371     607     72.3806947    165.4477212   -963200.0000000  1649000.0000000  -974600.0000000  1658000.0000000  
76      456     672     -45     -57     72.5724087    165.3696269   0.000   0.188   19.594  0.455   3      -9.000  -11.400  411     615     72.4502306    165.5277240   -961600.0000000  1641000.0000000  -973000.0000000  1650000.0000000  
77      528     672     -45     -56     72.6844583    165.5903808   0.000   0.283   30.417  0.503   3      -9.000  -11.200  483     616     72.5629859    165.7427617   -961600.0000000  1626600.0000000  -972800.0000000  1635600.0000000  
78      864     672     -38     -41     73.2042954    166.6599525   0.000   0.258   28.167  0.494   3      -7.600  -8.200  826     631     73.1068756    166.7529341   -961600.0000000  1559400.0000000  -969800.0000000  1567000.0000000  
79      376     680     -50     -59     72.4548955    165.0862991   0.000   0.128   11.451  0.452   3      -10.000  -11.800  326     621     72.3233790    165.2406206   -960000.0000000  1657000.0000000  -971800.0000000  1667000.0000000  
80      336     688     -51     -61     72.3995979    164.9254028   0.000   0.120   11.110  0.226   1      -10.200  -12.200  285     627     72.2648620    165.0877239   -958400.0000000  1665000.0000000  -970600.0000000  1675200.0000000  
81      568     688     -45     -55     72.7613550    165.6304813   0.000   0.215   21.857  0.576   3      -9.000  -11.000  523     633     72.6407508    165.7780654   -958400.0000000  1618600.0000000  -969400.0000000  1627600.0000000  
82      600     688     -41     -50     72.8110720    165.7300942   0.000   0.125   12.723  0.264   1      -8.200  -10.000  559     638     72.7012109    165.8638149   -958400.0000000  1612200.0000000  -968400.0000000  1620400.0000000  
83      744     688     -40     -47     73.0342313    166.1856716   0.000   0.159   15.755  0.348   2      -8.000  -9.400  704     641     72.9283581    166.3056153   -958400.0000000  1583400.0000000  -967800.0000000  1591400.0000000  
84      656     696     -41     -49     72.9053882    165.8636573   0.000   0.141   13.858  0.369   2      -8.200  -9.800  615     647     72.7963390    165.9920228   -956800.0000000  1601000.0000000  -966600.0000000  1609200.0000000  
85      696     696     -41     -48     72.9673987    165.9901957   0.000   0.235   23.838  0.474   3      -8.200  -9.600  655     648     72.8591829    166.1129694   -956800.0000000  1593000.0000000  -966400.0000000  1601200.0000000  
86      416     712     -45     -57     72.5463278    165.0403601   0.000   0.243   25.785  0.486   3      -9.000  -11.400  371     655     72.4244322    165.2005410   -953600.0000000  1649000.0000000  -965000.0000000  1658000.0000000  
87      488     712     -45     -56     72.6587485    165.2586165   0.000   0.235   24.059  0.386   2      -9.000  -11.200  443     656     72.5375489    165.4131103   -953600.0000000  1634600.0000000  -964800.0000000  1643600.0000000  
88      520     712     -45     -56     72.7086432    165.3565434   0.000   0.271   26.646  0.474   3      -9.000  -11.200  475     656     72.5873494    165.5107940   -953600.0000000  1628200.0000000  -964800.0000000  1637200.0000000  
89      816     712     -39     -43     73.1680336    166.2902155   0.000   0.198   20.620  0.450   3      -7.800  -8.600  777     669     73.0673717    166.3925120   -953600.0000000  1569000.0000000  -962200.0000000  1576800.0000000  
90      456     720     -45     -56     72.6160639    165.1194806   0.000   0.149   13.756  0.337   2      -9.000  -11.200  411     664     72.4949900    165.2745698   -952000.0000000  1641000.0000000  -963200.0000000  1650000.0000000  
91      552     720     -45     -56     72.7658145    165.4130234   0.000   0.230   24.607  0.436   3      -9.000  -11.200  507     664     72.6444576    165.5673887   -952000.0000000  1621800.0000000  -963200.0000000  1630800.0000000  
92      848     728     -38     -43     73.2325120    166.3086811   0.000   0.185   12.923  0.257   1      -7.600  -8.600  810     685     73.1333673    166.4145082   -950400.0000000  1562600.0000000  -959000.0000000  1570200.0000000  
93      616     736     -42     -50     72.8801319    165.5271315   0.000   0.129   14.427  0.245   1      -8.400  -10.000  574     686     72.7688383    165.6596006   -948800.0000000  1609000.0000000  -958800.0000000  1617400.0000000  
94      776     736     -41     -46     73.1285984    166.0331645   0.000   0.298   30.310  0.521   3      -8.200  -9.200  735     690     73.0221817    166.1462536   -948800.0000000  1577000.0000000  -958000.0000000  1585200.0000000  
95      408     744     -46     -57     72.5626514    164.8494423   0.000   0.213   22.443  0.493   3      -9.200  -11.400  362     687     72.4393485    165.0081293   -947200.0000000  1650600.0000000  -958600.0000000  1659800.0000000  
96      520     744     -46     -56     72.7377807    165.1885637   0.000   0.149   16.759  0.421   3      -9.200  -11.200  474     688     72.6150543    165.3412148   -947200.0000000  1628200.0000000  -958400.0000000  1637400.0000000  
97      480     752     -46     -56     72.6825284    165.0246679   0.000   0.226   23.211  0.421   3      -9.200  -11.200  434     696     72.5599497    165.1779985   -945600.0000000  1636200.0000000  -956800.0000000  1645400.0000000  
98      560     752     -46     -55     72.8074891    165.2691883   0.000   0.180   18.177  0.392   2      -9.200  -11.000  514     697     72.6855914    165.4166528   -945600.0000000  1620200.0000000  -956600.0000000  1629400.0000000  
99      720     760     -42     -47     73.0639757    165.7265545   0.000   0.210   22.102  0.519   3      -8.400  -9.400  678     713     72.9552752    165.8432809   -944000.0000000  1588200.0000000  -953400.0000000  1596600.0000000  
100     632     768     -45     -53     72.9343734    165.4075043   0.000   0.149   12.949  0.208   1      -9.000  -10.600  587     715     72.8157236    165.5476580   -942400.0000000  1605800.0000000  -953000.0000000  1614800.0000000  
101     672     768     -42     -49     72.9966827    165.5325711   0.000   0.138   13.633  0.430   3      -8.400  -9.800  630     719     72.8862738    165.6606405   -942400.0000000  1597800.0000000  -952200.0000000  1606200.0000000  
102     784     768     -41     -46     73.1707694    165.8877490   0.000   0.300   31.701  0.565   3      -8.200  -9.200  743     722     73.0644251    166.0020502   -942400.0000000  1575400.0000000  -951600.0000000  1583600.0000000  
103     816     768     -41     -46     73.2204036    165.9906000   0.000   0.215   20.853  0.227   1      -8.200  -9.200  775     722     73.1139868    166.1045845   -942400.0000000  1569000.0000000  -951600.0000000  1577200.0000000  
104     408     776     -46     -57     72.5913355    164.6820398   0.000   0.326   33.737  0.592   3      -9.200  -11.400  362     719     72.4681628    164.8421853   -940800.0000000  1650600.0000000  -952200.0000000  1659800.0000000  
105     528     776     -46     -56     72.7792850    165.0444169   0.000   0.314   32.464  0.453   3      -9.200  -11.200  482     720     72.6566598    165.1984737   -940800.0000000  1626600.0000000  -952000.0000000  1635800.0000000  
106     440     784     -46     -57     72.6486834    164.7358738   0.000   0.230   25.709  0.446   3      -9.200  -11.400  394     727     72.5254473    164.8961673   -939200.0000000  1644200.0000000  -950600.0000000  1653400.0000000  
107     472     784     -46     -56     72.6988413    164.8322097   0.000   0.222   23.834  0.502   3      -9.200  -11.200  426     728     72.5764114    164.9870600   -939200.0000000  1637800.0000000  -950400.0000000  1647000.0000000  
108     560     784     -46     -55     72.8365572    165.1000770   0.000   0.242   26.675  0.466   3      -9.200  -11.000  514     729     72.7147796    165.2490030   -939200.0000000  1620200.0000000  -950200.0000000  1629400.0000000  
109     712     792     -43     -48     73.0810037    165.5303915   354.375  0.138   14.507  0.362   2      -8.600  -9.600  669     744     72.9699394    165.6506680   -937600.0000000  1589800.0000000  -947200.0000000  1598400.0000000  
110     776     800     -42     -46     73.1879622    165.6904878   0.000   0.180   17.520  0.440   3      -8.400  -9.200  734     754     73.0801751    165.8029842   -936000.0000000  1577000.0000000  -945200.0000000  1585400.0000000  
111     528     808     -46     -56     72.8081547    164.8752038   0.000   0.255   26.655  0.446   3      -9.200  -11.200  482     752     72.6856557    165.0307372   -934400.0000000  1626600.0000000  -945600.0000000  1635800.0000000  
112     480     816     -46     -56     72.7400746    164.6875274   0.000   0.191   19.868  0.299   1      -9.200  -11.200  434     760     72.6177484    164.8437846   -932800.0000000  1636200.0000000  -944000.0000000  1645400.0000000  
113     672     816     -44     -49     73.0405941    165.2764993   0.000   0.158   15.554  0.299   1      -8.800  -9.800  628     767     72.9272241    165.4003549   -932800.0000000  1597800.0000000  -942600.0000000  1606600.0000000  
114     432     832     -46     -57     72.6789355    164.4591379   0.000   0.273   29.448  0.553   3      -9.200  -11.400  386     775     72.5559221    164.6216969   -929600.0000000  1645800.0000000  -941000.0000000  1655000.0000000  
115     832     832     -41     -46     73.3045975    165.6971861   0.000   0.268   28.341  0.542   3      -8.200  -9.200  791     786     73.1983283    165.8136332   -929600.0000000  1565800.0000000  -938800.0000000  1574000.0000000  
116     544     840     -47     -56     72.8619820    164.7540025   0.000   0.187   19.205  0.501   3      -9.400  -11.200  497     784     72.7379979    164.9078673   -928000.0000000  1623400.0000000  -939200.0000000  1632800.0000000  
117     576     840     -47     -55     72.9121577    164.8516127   0.000   0.202   19.972  0.453   3      -9.400  -11.000  529     785     72.7889839    164.9999345   -928000.0000000  1617000.0000000  -939000.0000000  1626400.0000000  
118     744     840     -43     -47     73.1748661    165.3737396   0.000   0.184   18.285  0.349   2      -8.600  -9.400  701     793     73.0647890    165.4903891   -928000.0000000  1583400.0000000  -937400.0000000  1592000.0000000  
119     640     848     -46     -53     73.0196163    165.0057508   0.000   0.134   12.219  0.207   1      -9.200  -10.600  594     795     72.8996696    165.1463543   -926400.0000000  1604200.0000000  -937000.0000000  1613400.0000000  
120     384     856     -47     -57     72.6245868    164.1901936   0.000   0.288   30.742  0.506   3      -9.400  -11.400  337     799     72.5002459    164.3512171   -924800.0000000  1655400.0000000  -936200.0000000  1664800.0000000  
121     704     864     -45     -49     73.1342440    165.1187977   0.000   0.174   17.674  0.399   2      -9.000  -9.800  659     815     73.0193856    165.2412983   -923200.0000000  1591400.0000000  -933000.0000000  1600400.0000000  
122     816     864     -42     -47     73.3091342    165.4725663   0.000   0.142   12.398  0.308   2      -8.400  -9.400  774     817     73.2005188    165.5926862   -923200.0000000  1569000.0000000  -932600.0000000  1577400.0000000  
123     536     872     -47     -56     72.8780302    164.5592396   0.000   0.283   29.697  0.553   3      -9.400  -11.200  489     816     72.7541958    164.7146700   -921600.0000000  1625000.0000000  -932800.0000000  1634400.0000000  
124     416     888     -47     -57     72.7032087    164.1153406   0.000   0.278   28.755  0.502   3      -9.400  -11.400  369     831     72.5789054    164.2776440   -918400.0000000  1649000.0000000  -929800.0000000  1658400.0000000  
125     464     904     -47     -56     72.7930114    164.1725709   0.000   0.194   18.837  0.417   3      -9.400  -11.200  417     848     72.6695158    164.3300285   -915200.0000000  1639400.0000000  -926400.0000000  1648800.0000000  
126     496     904     -47     -56     72.8434679    164.2680539   0.000   0.265   26.540  0.490   3      -9.400  -11.200  449     848     72.7198787    164.4252849   -915200.0000000  1633000.0000000  -926400.0000000  1642400.0000000  
127     776     904     -42     -47     73.2831698    165.1284117   0.000   0.302   30.835  0.580   3      -8.400  -9.400  734     857     73.1747706    165.2505946   -915200.0000000  1577000.0000000  -924600.0000000  1585400.0000000  
128     808     904     -42     -48     73.3332082    165.2296651   0.000   0.218   22.180  0.426   3      -8.400  -9.600  766     856     73.2238196    165.3569576   -915200.0000000  1570600.0000000  -924800.0000000  1579000.0000000  
129     336     912     -52     -64     72.5977400    163.7539601   0.000   0.139   12.460  0.286   1      -10.400  -12.800  284     848     72.4597666    163.9400743   -913600.0000000  1665000.0000000  -926400.0000000  1675400.0000000  
130     624     912     -47     -55     73.0520319    164.6126564   0.000   0.235   23.379  0.469   3      -9.400  -11.000  577     857     72.9289971    164.7639595   -913600.0000000  1607400.0000000  -924600.0000000  1616800.0000000  
131     736     912     -45     -50     73.2277884    164.9593112   0.000   0.186   18.211  0.365   2      -9.000  -10.000  691     862     73.1120961    165.0889821   -913600.0000000  1585000.0000000  -923600.0000000  1594000.0000000  
132     552     928     -47     -55     72.9529422    164.3077449   0.000   0.166   16.863  0.435   3      -9.400  -11.000  505     873     72.8301748    164.4603773   -910400.0000000  1621800.0000000  -921400.0000000  1631200.0000000  
133     592     928     -47     -55     73.0159479    164.4288376   0.000   0.227   23.265  0.480   3      -9.400  -11.000  545     873     72.8930665    164.5811578   -910400.0000000  1613800.0000000  -921400.0000000  1623200.0000000  
134     368     936     -53     -62     72.6692460    163.7197445   0.000   0.182   18.505  0.341   2      -10.600  -12.400  315     874     72.5314446    163.8934777   -908800.0000000  1658600.0000000  -921200.0000000  1669200.0000000  
135     456     936     -48     -56     72.8084737    163.9780634   0.000   0.113   9.343   0.253   1      -9.600  -11.200  408     880     72.6835545    164.1341185   -908800.0000000  1641000.0000000  -920000.0000000  1650600.0000000  
136     488     936     -48     -56     72.8590278    164.0730526   0.000   0.207   20.191  0.373   2      -9.600  -11.200  440     880     72.7340160    164.2288734   -908800.0000000  1634600.0000000  -920000.0000000  1644200.0000000  
137     656     936     -47     -54     73.1237656    164.5812038   0.000   0.135   12.966  0.248   1      -9.400  -10.800  609     882     73.0016291    164.7280197   -908800.0000000  1601000.0000000  -919600.0000000  1610400.0000000  
138     704     936     -47     -52     73.1991918    164.7293697   0.000   0.165   16.406  0.392   2      -9.400  -10.400  657     884     73.0787229    164.8649981   -908800.0000000  1591400.0000000  -919200.0000000  1600800.0000000  
139     792     936     -42     -47     73.3372180    165.0045363   0.000   0.154   15.503  0.351   2      -8.400  -9.400  750     889     73.2288805    165.1279301   -908800.0000000  1573800.0000000  -918200.0000000  1582200.0000000  
140     424     944     -52     -62     72.7648555    163.8409584   0.000   0.131   13.021  0.315   2      -10.400  -12.400  372     882     72.6284898    164.0176167   -907200.0000000  1647400.0000000  -919600.0000000  1657800.0000000  
141     520     960     -48     -56     72.9306373    164.0396629   0.000   0.270   30.234  0.510   3      -9.600  -11.200  472     904     72.8056294    164.1963883   -904000.0000000  1628200.0000000  -915200.0000000  1637800.0000000  
142     552     960     -48     -56     72.9811766    164.1355294   0.000   0.206   20.305  0.448   3      -9.600  -11.200  504     904     72.8560757    164.2920137   -904000.0000000  1621800.0000000  -915200.0000000  1631400.0000000  
143     624     968     -47     -55     73.1018251    164.3100071   0.000   0.176   17.389  0.392   2      -9.400  -11.000  577     913     72.9790095    164.4639769   -902400.0000000  1607400.0000000  -913400.0000000  1616800.0000000  
144     704     968     -46     -53     73.2278137    164.5553126   5.625   0.172   16.071  0.440   3      -9.200  -10.600  658     915     73.1081307    164.7009150   -902400.0000000  1591400.0000000  -913000.0000000  1600600.0000000  
145     352     976     -53     -63     72.6784432    163.4604749   0.000   0.095   8.460   0.249   1      -10.600  -12.600  299     913     72.5400088    163.6416550   -900800.0000000  1661800.0000000  -913400.0000000  1672400.0000000  
146     408     976     -52     -61     72.7672992    163.6231048   0.000   0.247   26.363  0.525   3      -10.400  -12.200  356     915     72.6320026    163.7962258   -900800.0000000  1650600.0000000  -913000.0000000  1661000.0000000  
147     784     984     -44     -52     73.3679016    164.7166734   0.000   0.182   16.418  0.327   2      -8.800  -10.400  740     932     73.2520962    164.8631467   -899200.0000000  1575400.0000000  -909600.0000000  1584200.0000000  
148     312     992     -53     -64     72.6286022    163.2602259   0.000   0.284   30.659  0.494   3      -10.600  -12.800  259     928     72.4895154    163.4477614   -897600.0000000  1669800.0000000  -910400.0000000  1680400.0000000  
149     488     992     -48     -56     72.9079663    163.7722965   0.000   0.255   25.773  0.411   3      -9.600  -11.200  440     936     72.7831817    163.9307811   -897600.0000000  1634600.0000000  -908800.0000000  1644200.0000000  
150     456     1000    -52     -62     72.8641915    163.6349168   0.000   0.294   32.084  0.535   3      -10.400  -12.400  404     938     72.7279800    163.8142565   -896000.0000000  1641000.0000000  -908400.0000000  1651400.0000000  
151     624     1000    -47     -55     73.1300714    164.1362538   0.000   0.153   14.714  0.319   2      -9.400  -11.000  577     945     73.0073833    164.2917566   -896000.0000000  1607400.0000000  -907000.0000000  1616800.0000000  
152     688     1000    -46     -55     73.2310628    164.3314755   0.000   0.226   23.579  0.407   3      -9.200  -11.000  642     945     73.1097642    164.4895425   -896000.0000000  1594600.0000000  -907000.0000000  1603800.0000000  
153     744     1000    -46     -54     73.3192917    164.5042590   0.000   0.108   9.264   0.228   1      -9.200  -10.800  698     946     73.1987241    164.6564679   -896000.0000000  1583400.0000000  -906800.0000000  1592600.0000000  
154     416     1008    -52     -61     72.8076216    163.4749317   0.000   0.200   19.901  0.412   3      -10.400  -12.200  364     947     72.6724440    163.6496354   -894400.0000000  1649000.0000000  -906600.0000000  1659400.0000000  
155     800     1016    -43     -52     73.4217031    164.5907995   0.000   0.114   10.857  0.218   1      -8.600  -10.400  757     964     73.3075453    164.7417586   -892800.0000000  1572200.0000000  -903200.0000000  1580800.0000000  
156     496     1024    -48     -56     72.9484169    163.6232411   0.000   0.130   11.446  0.238   1      -9.600  -11.200  448     968     72.8237409    163.7832029   -891200.0000000  1633000.0000000  -902400.0000000  1642600.0000000  
157     544     1024    -48     -56     73.0245193    163.7655223   0.000   0.237   23.810  0.443   3      -9.600  -11.200  496     968     72.8997030    163.9251527   -891200.0000000  1623400.0000000  -902400.0000000  1633000.0000000  
158     728     1032    -45     -55     73.3224832    164.2791675   0.000   0.240   24.149  0.539   3      -9.000  -11.000  683     977     73.2027734    164.4415636   -889600.0000000  1586600.0000000  -900600.0000000  1595600.0000000  
159     632     1040    -46     -55     73.1778269    163.9423916   0.000   0.214   21.384  0.447   3      -9.200  -11.000  586     985     73.0568570    164.1027771   -888000.0000000  1605800.0000000  -899000.0000000  1615000.0000000  
160     664     1040    -46     -55     73.2284448    164.0393939   0.000   0.179   17.835  0.415   3      -9.200  -11.000  618     985     73.1073811    164.1995616   -888000.0000000  1599400.0000000  -899000.0000000  1608600.0000000  
161     288     1056    -53     -68     72.6447119    162.8504045   0.000   0.135   11.872  0.204   1      -10.600  -13.600  235     988     72.5026275    163.0626038   -884800.0000000  1674600.0000000  -898400.0000000  1685200.0000000  
162     440     1056    -51     -62     72.8869962    163.2862075   0.000   0.175   17.415  0.311   2      -10.200  -12.400  389     994     72.7526889    163.4714822   -884800.0000000  1644200.0000000  -897200.0000000  1654400.0000000  
163     472     1056    -49     -58     72.9378959    163.3795544   0.000   0.124   11.205  0.235   1      -9.800  -11.600  423     998     72.8101104    163.5490243   -884800.0000000  1637800.0000000  -896400.0000000  1647600.0000000  
164     512     1056    -48     -57     73.0014664    163.4970351   0.000   0.119   11.539  0.290   1      -9.600  -11.400  464     999     72.8760106    163.6638136   -884800.0000000  1629800.0000000  -896200.0000000  1639400.0000000  
165     552     1056    -48     -56     73.0649761    163.6154099   0.000   0.112   9.479   0.346   2      -9.600  -11.200  504     1000    72.9402695    163.7765382   -884800.0000000  1621800.0000000  -896000.0000000  1631400.0000000  
166     584     1056    -47     -56     73.1157394    163.7107598   0.000   0.110   10.556  0.300   1      -9.400  -11.200  537     1000    72.9925216    163.8746481   -884800.0000000  1615400.0000000  -896000.0000000  1624800.0000000  
167     744     1072    -45     -56     73.3830477    164.1080350   0.000   0.253   25.270  0.467   3      -9.000  -11.200  699     1016    73.2625751    164.2777430   -881600.0000000  1583400.0000000  -892800.0000000  1592400.0000000  
168     784     1072    -45     -56     73.4462432    164.2315470   0.000   0.212   19.591  0.216   1      -9.000  -11.200  739     1016    73.3256473    164.4010013   -881600.0000000  1575400.0000000  -892800.0000000  1584400.0000000  
169     632     1080    -45     -54     73.2127109    163.7233340   0.000   0.185   19.622  0.387   2      -9.000  -10.800  587     1026    73.0943651    163.8832049   -880000.0000000  1605800.0000000  -890800.0000000  1614800.0000000  
170     672     1080    -45     -55     73.2761161    163.8440956   0.000   0.212   21.346  0.336   2      -9.000  -11.000  627     1025    73.1567776    164.0091702   -880000.0000000  1597800.0000000  -891000.0000000  1606800.0000000  
171     440     1088    -51     -63     72.9143213    163.1129861   0.000   0.144   14.086  0.236   1      -10.200  -12.600  389     1025    72.7793135    163.3052991   -878400.0000000  1644200.0000000  -891000.0000000  1654400.0000000  
172     480     1088    -48     -57     72.9780479    163.2292912   0.000   0.150   14.952  0.403   3      -9.600  -11.400  432     1031    72.8528289    163.3978250   -878400.0000000  1636200.0000000  -889800.0000000  1645800.0000000  
173     520     1104    -49     -57     73.0554285    163.2591899   0.000   0.217   22.789  0.492   3      -9.800  -11.400  471     1047    72.9285697    163.4253469   -875200.0000000  1628200.0000000  -886600.0000000  1638000.0000000  
174     712     1104    -45     -55     73.3604400    163.8332013   0.000   0.204   21.509  0.434   3      -9.000  -11.000  667     1049    73.2410853    163.9991965   -875200.0000000  1589800.0000000  -886200.0000000  1598800.0000000  
175     784     1104    -45     -56     73.4744426    164.0539865   0.000   0.240   23.554  0.475   3      -9.000  -11.200  739     1048    73.3539885    164.2250355   -875200.0000000  1575400.0000000  -886400.0000000  1584400.0000000  
176     632     1112    -44     -54     73.2404454    163.5474242   0.000   0.211   20.427  0.335   2      -8.800  -10.800  588     1058    73.1238195    163.7118021   -873600.0000000  1605800.0000000  -884400.0000000  1614600.0000000  
177     424     1128    -51     -63     72.9227023    162.8496303   0.000   0.244   25.422  0.580   3      -10.200  -12.600  373     1065    72.7879527    163.0441334   -870400.0000000  1647400.0000000  -883000.0000000  1657600.0000000  
178     328     1136    -52     -66     72.7758321    162.5330696   0.000   0.141   13.467  0.409   3      -10.400  -13.200  276     1070    72.6373317    162.7416404   -868800.0000000  1666600.0000000  -882000.0000000  1677000.0000000  
179     576     1136    -47     -58     73.1720019    163.2487506   0.000   0.211   21.151  0.528   3      -9.400  -11.600  529     1078    73.0474338    163.4274920   -868800.0000000  1617000.0000000  -880400.0000000  1626400.0000000  
180     672     1136    -44     -55     73.3247444    163.5350328   0.000   0.160   16.919  0.310   2      -8.800  -11.000  628     1081    73.2072356    163.7058219   -868800.0000000  1597800.0000000  -879800.0000000  1606600.0000000  
181     704     1136    -44     -55     73.3755790    163.6316446   0.000   0.261   28.790  0.446   3      -8.800  -11.000  660     1081    73.2579727    163.8022712   -868800.0000000  1591400.0000000  -879800.0000000  1600200.0000000  
182     760     1136    -44     -56     73.4644415    163.8021634   0.000   0.241   24.221  0.454   3      -8.800  -11.200  716     1080    73.3457880    163.9780096   -868800.0000000  1580200.0000000  -880000.0000000  1589000.0000000  
183     368     1144    -52     -64     72.8465815    162.6028452   0.000   0.160   16.569  0.412   3      -10.400  -12.800  316     1080    72.7096656    162.8009704   -867200.0000000  1658600.0000000  -880000.0000000  1669000.0000000  
184     496     1144    -48     -57     73.0512372    162.9704095   0.000   0.144   14.415  0.230   1      -9.600  -11.400  448     1087    72.9262191    163.1416012   -867200.0000000  1633000.0000000  -878600.0000000  1642600.0000000  
185     528     1160    -48     -57     73.1158980    162.9758687   0.000   0.239   25.108  0.474   3      -9.600  -11.400  480     1103    72.9908546    163.1476796   -864000.0000000  1626600.0000000  -875400.0000000  1636200.0000000  
186     600     1168    -46     -57     73.2375963    163.1432720   0.000   0.208   20.658  0.349   2      -9.200  -11.400  554     1111    73.1155524    163.3209817   -862400.0000000  1612200.0000000  -873800.0000000  1621400.0000000  
187     344     1176    -53     -66     72.8347929    162.3613067   354.375  0.149   15.307  0.303   1      -10.600  -13.200  291     1110    72.6948561    162.5691851   -860800.0000000  1663400.0000000  -874000.0000000  1674000.0000000  
188     384     1176    -52     -64     72.8989499    162.4742137   0.000   0.218   21.974  0.421   3      -10.400  -12.800  332     1112    72.7621471    162.6739863   -860800.0000000  1655400.0000000  -873600.0000000  1665800.0000000  
189     648     1176    -44     -54     73.3209526    163.2414535   0.000   0.100   9.634   0.225   1      -8.800  -10.800  604     1122    73.2045580    163.4087833   -860800.0000000  1602600.0000000  -871600.0000000  1611400.0000000  
190     680     1176    -44     -55     73.3719282    163.3371324   0.000   0.121   13.960  0.487   2      -8.800  -11.000  636     1121    73.2545755    163.5098170   -860800.0000000  1596200.0000000  -871800.0000000  1605000.0000000  
191     768     1192    -43     -56     73.5257481    163.5137374   0.000   0.278   28.849  0.552   3      -8.600  -11.200  725     1136    73.4089171    163.6953722   -857600.0000000  1578600.0000000  -868800.0000000  1587200.0000000  
192     288     1200    -54     -68     72.7646573    162.0746121   0.000   0.207   19.820  0.303   2      -10.800  -13.600  234     1132    72.6217941    162.2919514   -856000.0000000  1674600.0000000  -869600.0000000  1685400.0000000  
193     568     1200    -47     -58     73.2136780    162.8722185   0.000   0.194   18.525  0.327   2      -9.400  -11.600  521     1142    73.0894396    163.0542171   -856000.0000000  1618600.0000000  -867600.0000000  1628000.0000000  
194     496     1208    -48     -59     73.1051899    162.6189611   0.000   0.105   9.703   0.233   1      -9.600  -11.800  448     1149    72.9787774    162.8042377   -854400.0000000  1633000.0000000  -866200.0000000  1642600.0000000  
195     528     1208    -47     -57     73.1564339    162.7114833   0.000   0.107   9.738   0.289   2      -9.400  -11.400  481     1151    73.0332070    162.8885811   -854400.0000000  1626600.0000000  -865800.0000000  1636000.0000000  
196     688     1208    -44     -56     73.4120892    163.1827778   0.000   0.100   8.798   0.202   1      -8.800  -11.200  644     1152    73.2939991    163.3625166   -854400.0000000  1594600.0000000  -865600.0000000  1603400.0000000  
197     320     1224    -53     -67     72.8358626    162.0329736   0.000   0.103   8.642   0.351   2      -10.600  -13.400  267     1157    72.6954525    162.2489530   -851200.0000000  1668200.0000000  -864600.0000000  1678800.0000000  
198     744     1224    -43     -56     73.5150699    163.2614686   0.000   0.082   8.279   0.231   1      -8.600  -11.200  701     1168    73.3984700    163.4447836   -851200.0000000  1583400.0000000  -862400.0000000  1592000.0000000  
199     568     1232    -44     -59     73.2406543    162.6948939   0.000   0.116   10.919  0.331   2      -8.800  -11.800  524     1173    73.1205194    162.8927415   -849600.0000000  1618600.0000000  -861400.0000000  1627400.0000000  
200     456     1256    -46     -59     73.0809786    162.2397740   0.000   0.179   18.060  0.420   3      -9.200  -11.800  410     1197    72.9581413    162.4333114   -844800.0000000  1641000.0000000  -856600.0000000  1650200.0000000  
201     264     1264    -50     -61     72.7782314    161.6604986   16.875  0.154   13.879  0.446   3      -10.000  -12.200  214     1203    72.6479890    161.8546264   -843200.0000000  1679400.0000000  -855400.0000000  1689400.0000000  
202     632     1264    -42     -58     73.3700608    162.7038081   0.000   0.173   16.147  0.424   3      -8.400  -11.600  590     1206    73.2539208    162.9034679   -843200.0000000  1605800.0000000  -854800.0000000  1614200.0000000  
203     408     1272    -45     -64     73.0169422    162.0159066   0.000   0.193   19.154  0.413   3      -9.000  -12.800  363     1208    72.8918193    162.2404446   -841600.0000000  1650600.0000000  -854400.0000000  1659600.0000000  
204     672     1272    -41     -55     73.4408525    162.7768638   0.000   0.110   12.907  0.527   3      -8.200  -11.000  631     1217    73.3287620    162.9631256   -841600.0000000  1597800.0000000  -852600.0000000  1606000.0000000  
205     224     1288    0       0       72.7329622    161.4209009   0.000   0.187   19.201  0.401   3      0.000   0.000   224     1288    72.7329622    161.4209009   -838400.0000000  1687400.0000000  -838400.0000000  1687400.0000000  
206     576     1296    -40     -56     73.3069881    162.3616347   5.625   0.166   16.215  0.452   3      -8.000  -11.200  536     1240    73.1960896    162.5576313   -836800.0000000  1617000.0000000  -848000.0000000  1625000.0000000  
207     504     1304    -37     -61     73.1978261    162.1103093   0.000   0.197   20.603  0.369   2      -7.400  -12.200  467     1243    73.0878754    162.3428370   -835200.0000000  1631400.0000000  -847400.0000000  1638800.0000000  
208     536     1304    -37     -61     73.2493187    162.2017694   0.000   0.185   18.053  0.282   1      -7.400  -12.200  499     1243    73.1392463    162.4344112   -835200.0000000  1625000.0000000  -847400.0000000  1632400.0000000  
209     608     1304    -40     -57     73.3650454    162.4096522   0.000   0.143   14.131  0.239   3      -8.000  -11.400  568     1247    73.2532454    162.6115740   -835200.0000000  1610600.0000000  -846600.0000000  1618600.0000000  
210     640     1304    -39     -59     73.4164200    162.5029881   5.625   0.200   18.417  0.414   2      -7.800  -11.800  601     1245    73.3044306    162.7189737   -835200.0000000  1604200.0000000  -847000.0000000  1612000.0000000  
211     376     1312    -46     -66     72.9980095    161.7059557   354.375  0.153   14.227  0.392   3      -9.200  -13.200  330     1246    72.8700014    161.9406929   -833600.0000000  1657000.0000000  -846800.0000000  1666200.0000000  
212     672     1312    -40     -56     73.4744587    162.5518312   0.000   0.104   9.764   0.438   3      -8.000  -11.200  632     1256    73.3633272    162.7485398   -833600.0000000  1597800.0000000  -844800.0000000  1605800.0000000  
213     504     1336    -36     -60     73.2241177    161.9319318   0.000   0.166   15.774  0.373   2      -7.200  -12.000  468     1276    73.1168035    162.1633098   -828800.0000000  1631400.0000000  -840800.0000000  1638600.0000000  
214     536     1336    -37     -61     73.2756957    162.0229806   0.000   0.178   16.815  0.335   2      -7.400  -12.200  499     1275    73.1658258    162.2571775   -828800.0000000  1625000.0000000  -841000.0000000  1632400.0000000  
215     416     1368    -35     -59     73.1079997    161.5066485   0.000   0.103   11.270  0.314   1      -7.000  -11.800  381     1309    73.0036436    161.7364046   -822400.0000000  1649000.0000000  -834200.0000000  1656000.0000000  
216     552     1368    -32     -60     73.3277318    161.8891508   0.000   0.138   13.271  0.313   2      -6.400  -12.000  520     1308    73.2268773    162.1336765   -822400.0000000  1621800.0000000  -834400.0000000  1628200.0000000  
217     584     1368    -34     -59     73.3793425    161.9806404   5.625   0.092   9.051   0.218   1      -6.800  -11.800  550     1309    73.2759732    162.2140366   -822400.0000000  1615400.0000000  -834200.0000000  1622200.0000000  
218     712     1368    -37     -57     73.5854253    162.3524249   0.000   0.174   16.475  0.434   3      -7.400  -11.400  675     1311    73.4784343    162.5662955   -822400.0000000  1589800.0000000  -833800.0000000  1597200.0000000  
219     640     1376    -32     -59     73.4761746    162.0968691   0.000   0.203   15.832  0.365   2      -6.400  -11.800  608     1317    73.3758591    162.3367124   -820800.0000000  1604200.0000000  -832600.0000000  1610600.0000000  
220     680     1376    -33     -60     73.5405859    162.2131917   5.625   0.122   11.890  0.226   1      -6.600  -12.000  647     1316    73.4376758    162.4559696   -820800.0000000  1596200.0000000  -832800.0000000  1602800.0000000  
221     504     1384    -32     -59     73.2632563    161.6633045   0.000   0.147   12.823  0.351   2      -6.400  -11.800  472     1325    73.1635141    161.9026886   -819200.0000000  1631400.0000000  -831000.0000000  1637800.0000000  
222     400     1400    -29     -60     73.1078082    161.2841645   0.000   0.292   28.605  0.568   3      -5.800  -12.000  371     1340    73.0126084    161.5373988   -816000.0000000  1652200.0000000  -828000.0000000  1658000.0000000  
223     552     1400    -32     -60     73.3538317    161.7090101   0.000   0.239   26.008  0.553   3      -6.400  -12.000  520     1340    73.2531917    161.9550223   -816000.0000000  1621800.0000000  -828000.0000000  1628200.0000000  
224     720     1400    -36     -57     73.6248405    162.1936091   0.000   0.114   12.895  0.454   2      -7.200  -11.400  684     1343    73.5196136    162.4119780   -816000.0000000  1588200.0000000  -827400.0000000  1595400.0000000  
225     312     1408    -29     -60     72.9713767    160.9995599   0.000   0.219   21.790  0.368   2      -5.800  -12.000  283     1348    72.8765776    161.2523523   -814400.0000000  1669800.0000000  -826400.0000000  1675600.0000000  
226     592     1408    -32     -59     73.4249731    161.7776768   0.000   0.238   23.381  0.561   3      -6.400  -11.800  560     1349    73.3250523    162.0187190   -814400.0000000  1613800.0000000  -826200.0000000  1620200.0000000  
227     216     1416    -37     -52     72.8215617    160.6983252   0.000   0.091   8.374   0.254   1      -7.400  -10.400  179     1364    72.7205098    160.8855790   -812800.0000000  1689000.0000000  -823200.0000000  1696400.0000000  
228     496     1416    -31     -59     73.2761955    161.4611019   0.000   0.210   21.115  0.423   3      -6.200  -11.800  465     1357    73.1783094    161.7046945   -812800.0000000  1633000.0000000  -824600.0000000  1639200.0000000  
229     432     1424    -29     -60     73.1788975    161.2382727   0.000   0.151   14.764  0.274   1      -5.800  -12.000  403     1364    73.0837392    161.4928483   -811200.0000000  1645800.0000000  -823200.0000000  1651600.0000000  
230     568     1440    -31     -61     73.4121356    161.5282251   0.000   0.193   18.789  0.287   1      -6.200  -12.200  537     1379    73.3125034    161.7846713   -808000.0000000  1618600.0000000  -820200.0000000  1624800.0000000  
231     624     1440    -30     -59     73.5027378    161.6875387   0.000   0.197   20.645  0.523   3      -6.000  -11.800  594     1381    73.4061317    161.9360116   -808000.0000000  1607400.0000000  -819800.0000000  1613400.0000000  
232     176     1448    -39     -64     72.7813094    160.4166704   0.000   0.195   17.954  0.277   1      -7.800  -12.800  137     1384    72.6679085    160.6654751   -806400.0000000  1697000.0000000  -819200.0000000  1704800.0000000  
233     208     1448    -39     -65     72.8335073    160.5006948   5.625   0.106   10.608  0.267   1      -7.800  -13.000  169     1383    72.7191982    160.7551747   -806400.0000000  1690600.0000000  -819400.0000000  1698400.0000000  
234     264     1448    -29     -46     72.9247819    160.6489910   354.375  0.189   16.149  0.373   2      -5.800  -9.200  235     1402    72.8414837    160.8259684   -806400.0000000  1679400.0000000  -815600.0000000  1685200.0000000  
235     480     1448    -30     -59     73.2759511    161.2363500   0.000   0.213   21.661  0.394   2      -6.000  -11.800  450     1389    73.1799595    161.4840500   -806400.0000000  1636200.0000000  -818200.0000000  1642200.0000000  
236     720     1448    -34     -58     73.6643672    161.9189375   0.000   0.109   11.035  0.346   2      -6.800  -11.600  686     1390    73.5618218    162.1511403   -806400.0000000  1588200.0000000  -818000.0000000  1595000.0000000  
237     296     1456    -29     -45     72.9831703    160.6899741   0.000   0.094   8.305   0.254   1      -5.800  -9.000  267     1411    72.9006108    160.8618348   -804800.0000000  1673000.0000000  -813800.0000000  1678800.0000000  
238     328     1456    -29     -60     73.0352752    160.7758649   0.000   0.269   28.929  0.453   3      -5.800  -12.000  299     1396    72.9407501    161.0308788   -804800.0000000  1666600.0000000  -816800.0000000  1672400.0000000  
239     360     1456    -29     -60     73.0873490    160.8622923   0.000   0.345   36.609  0.584   3      -5.800  -12.000  331     1396    72.9926989    161.1176096   -804800.0000000  1660200.0000000  -816800.0000000  1666000.0000000  
240     440     1464    -29     -60     73.2237508    161.0357426   0.000   0.265   26.875  0.517   3      -5.800  -12.000  411     1404    73.1288426    161.2921632   -803200.0000000  1644200.0000000  -815200.0000000  1650000.0000000  
241     536     1464    -30     -60     73.3796012    161.3021246   0.000   0.247   26.396  0.502   3      -6.000  -12.000  506     1404    73.2826936    161.5566195   -803200.0000000  1625000.0000000  -815200.0000000  1631000.0000000  
242     400     1472    -29     -60     73.1650463    160.8813298   0.000   0.326   35.118  0.555   3      -5.800  -12.000  371     1412    73.0703523    161.1377272   -801600.0000000  1652200.0000000  -813600.0000000  1658000.0000000  
243     184     1480    -37     -64     72.8191129    160.2609867   0.000   0.270   27.383  0.587   3      -7.400  -12.800  147     1416    72.7091614    160.5166109   -800000.0000000  1695400.0000000  -812800.0000000  1702800.0000000  
244     216     1480    -37     -57     72.8713832    160.3447177   0.000   0.116   11.862  0.263   1      -7.400  -11.400  179     1423    72.7667663    160.5621163   -800000.0000000  1689000.0000000  -811400.0000000  1696400.0000000  
245     592     1480    -30     -60     73.4832557    161.3687361   0.000   0.181   17.107  0.370   2      -6.000  -12.000  562     1420    73.3862378    161.6244455   -800000.0000000  1613800.0000000  -812000.0000000  1619800.0000000  
246     712     1488    -30     -61     73.6840821    161.6658732   0.000   0.155   16.200  0.352   2      -6.000  -12.200  682     1427    73.5858192    161.9286745   -798400.0000000  1589800.0000000  -810600.0000000  1595800.0000000  
247     440     1496    -29     -60     73.2490716    160.8554119   0.000   0.296   31.802  0.564   3      -5.800  -12.000  411     1436    73.1543907    161.1132539   -796800.0000000  1644200.0000000  -808800.0000000  1650000.0000000  
248     408     1504    -29     -60     73.2032578    160.7231027   0.000   0.337   35.343  0.564   3      -5.800  -12.000  379     1444    73.1087600    160.9809882   -795200.0000000  1650600.0000000  -807200.0000000  1656400.0000000  
249     304     1512    -29     -60     73.0398656    160.3989071   0.000   0.164   17.143  0.246   1      -5.800  -12.000  275     1452    72.9458311    160.6561079   -793600.0000000  1671400.0000000  -805600.0000000  1677200.0000000  
250     488     1512    -29     -60     73.3398206    160.8966213   0.000   0.188   18.563  0.448   3      -5.800  -12.000  459     1452    73.2450640    161.1556423   -793600.0000000  1634600.0000000  -805600.0000000  1640400.0000000  
251     608     1512    -29     -61     73.5348739    161.2311102   0.000   0.225   21.629  0.456   3      -5.800  -12.200  579     1451    73.4388306    161.4969534   -793600.0000000  1610600.0000000  -805800.0000000  1616400.0000000  
252     176     1520    -36     -64     72.8367301    160.0187418   0.000   0.131   12.656  0.222   1      -7.200  -12.800  140     1456    72.7287271    160.2787913   -792000.0000000  1697000.0000000  -804800.0000000  1704200.0000000  
253     216     1520    -35     -57     72.9021966    160.1226565   0.000   0.210   20.341  0.444   3      -7.000  -11.400  181     1463    72.8010858    160.3470473   -792000.0000000  1689000.0000000  -803400.0000000  1696000.0000000  
254     704     1520    -28     -61     73.6970344    161.4583821   0.000   0.242   25.761  0.496   3      -5.600  -12.200  676     1459    73.6022701    161.7284172   -792000.0000000  1591400.0000000  -804200.0000000  1597000.0000000  
255     520     1528    -29     -61     73.4045427    160.8939788   0.000   0.269   27.516  0.558   3      -5.800  -12.200  491     1467    73.3089764    161.1596832   -790400.0000000  1628200.0000000  -802600.0000000  1634000.0000000  
256     552     1528    -29     -61     73.4566115    160.9827393   0.000   0.271   28.095  0.513   3      -5.800  -12.200  523     1467    73.3609149    161.2487684   -790400.0000000  1621800.0000000  -802600.0000000  1627600.0000000  
257     648     1528    -28     -61     73.6126192    161.2524484   0.000   0.211   23.089  0.564   3      -5.600  -12.200  620     1467    73.5181482    161.5222825   -790400.0000000  1602600.0000000  -802600.0000000  1608200.0000000  
258     336     1536    -29     -60     73.1107283    160.3494302   0.000   0.343   36.600  0.576   3      -5.800  -12.000  307     1476    73.0167413    160.6079975   -788800.0000000  1665000.0000000  -800800.0000000  1670800.0000000  
259     488     1544    -28     -61     73.3650215    160.7148015   0.000   0.258   26.753  0.578   3      -5.600  -12.200  460     1483    73.2713286    160.9836590   -787200.0000000  1634600.0000000  -799400.0000000  1640200.0000000  
260     176     1552    -35     -64     72.8611008    159.8410504   0.000   0.192   18.834  0.369   2      -7.000  -12.800  141     1488    72.7549653    160.1051857   -785600.0000000  1697000.0000000  -798400.0000000  1704000.0000000  
261     208     1552    -34     -57     72.9135567    159.9236850   0.000   0.156   15.792  0.357   2      -6.800  -11.400  174     1495    72.8143079    160.1520109   -785600.0000000  1690600.0000000  -797000.0000000  1697400.0000000  
262     408     1552    -28     -60     73.2407493    160.4520257   0.000   0.286   29.282  0.439   3      -5.600  -12.000  380     1492    73.1482252    160.7147383   -785600.0000000  1650600.0000000  -797600.0000000  1656200.0000000  
263     680     1552    -27     -61     73.6837890    161.2049769   0.000   0.233   23.994  0.448   3      -5.400  -12.200  653     1491    73.5909843    161.4791291   -785600.0000000  1596200.0000000  -797800.0000000  1601600.0000000  
264     256     1560    -34     -58     72.9983041    160.0038306   0.000   0.119   11.035  0.320   1      -6.800  -11.600  222     1502    72.8981693    160.2383866   -784000.0000000  1681000.0000000  -795600.0000000  1687800.0000000  
265     296     1560    -29     -60     73.0638050    160.1086925   0.000   0.239   24.694  0.415   3      -5.800  -12.000  267     1500    72.9701460    160.3678849   -784000.0000000  1673000.0000000  -796000.0000000  1678800.0000000  
266     648     1560    -27     -62     73.6381592    161.0681134   0.000   0.266   27.442  0.507   3      -5.400  -12.400  621     1498    73.5447463    161.3480011   -784000.0000000  1602600.0000000  -796400.0000000  1608000.0000000  
267     560     1576    -28     -61     73.5075220    160.7301524   0.000   0.220   23.011  0.540   3      -5.600  -12.200  532     1515    73.4137742    161.0012628   -780800.0000000  1620200.0000000  -793000.0000000  1625800.0000000  
268     600     1576    -27     -61     73.5727095    160.8412391   0.000   0.258   25.902  0.501   3      -5.400  -12.200  573     1515    73.4804219    161.1155925   -780800.0000000  1612200.0000000  -793000.0000000  1617600.0000000  
269     216     1584    -33     -57     72.9509739    159.7656745   0.000   0.175   17.611  0.448   3      -6.600  -11.400  183     1527    72.8535386    159.9980220   -779200.0000000  1689000.0000000  -790600.0000000  1695600.0000000  
270     400     1592    -28     -61     73.2586202    160.2037957   0.000   0.194   18.783  0.360   2      -5.600  -12.200  372     1531    73.1656433    160.4738084   -777600.0000000  1652200.0000000  -789800.0000000  1657800.0000000  
271     432     1592    -28     -60     73.3109721    160.2895818   0.000   0.203   20.830  0.451   3      -5.600  -12.000  404     1532    73.2186464    160.5543176   -777600.0000000  1645800.0000000  -789600.0000000  1651400.0000000  
272     504     1600    -27     -61     73.4348754    160.4388011   0.000   0.260   27.408  0.520   3      -5.400  -12.200  477     1539    73.3431676    160.7131111   -776000.0000000  1631400.0000000  -788200.0000000  1636800.0000000  
273     296     1608    -28     -60     73.1004426    159.8385242   0.000   0.294   29.650  0.490   3      -5.600  -12.000  268     1548    73.0087687    160.1024156   -774400.0000000  1673000.0000000  -786400.0000000  1678600.0000000  
274     368     1608    -28     -61     73.2185002    160.0278611   0.000   0.266   28.390  0.618   3      -5.600  -12.200  340     1547    73.1257724    160.2982064   -774400.0000000  1658600.0000000  -786600.0000000  1664200.0000000  
275     584     1608    -27     -62     73.5717621    160.6124028   0.000   0.203   19.950  0.435   3      -5.400  -12.400  557     1546    73.4789953    160.8937581   -774400.0000000  1615400.0000000  -786800.0000000  1620800.0000000  
276     672     1608    -26     -62     73.7152718    160.8579100   0.000   0.209   21.042  0.494   3      -5.200  -12.400  646     1546    73.6237558    161.1431754   -774400.0000000  1597800.0000000  -786800.0000000  1603000.0000000  
277     144     1616    -33     -63     72.8567171    159.4028869   0.000   0.202   19.750  0.450   3      -6.600  -12.600  111     1553    72.7552182    159.6692359   -772800.0000000  1703400.0000000  -785400.0000000  1710000.0000000  
278     184     1616    -33     -64     72.9225129    159.5045249   0.000   0.162   15.648  0.257   1      -6.600  -12.800  151     1552    72.8201002    159.7768484   -772800.0000000  1695400.0000000  -785600.0000000  1702000.0000000  
279     336     1624    -28     -60     73.1782290    159.8527789   0.000   0.232   23.586  0.526   3      -5.600  -12.000  308     1564    73.0865173    160.1178224   -771200.0000000  1665000.0000000  -783200.0000000  1670600.0000000  
280     432     1624    -27     -60     73.3356174    160.1071638   0.000   0.180   16.728  0.270   1      -5.400  -12.000  405     1564    73.2451626    160.3760007   -771200.0000000  1645800.0000000  -783200.0000000  1651200.0000000  
281     112     1632    -32     -62     72.8159352    159.2330399   0.000   0.136   15.100  0.256   1      -6.400  -12.400  80      1570    72.7170731    159.4967545   -769600.0000000  1709800.0000000  -782000.0000000  1716200.0000000  
282     216     1632    -32     -57     72.9871304    159.4965830   0.000   0.163   17.093  0.332   2      -6.400  -11.400  184     1575    72.8916483    159.7335507   -769600.0000000  1689000.0000000  -781000.0000000  1695400.0000000  
283     400     1632    -26     -62     73.2892992    159.9762531   0.000   0.150   15.568  0.361   2      -5.200  -12.400  374     1570    73.1991243    160.2590321   -769600.0000000  1652200.0000000  -782000.0000000  1657400.0000000  
284     536     1632    -26     -62     73.5120194    160.3422351   0.000   0.255   26.122  0.518   3      -5.200  -12.400  510     1570    73.4212744    160.6268359   -769600.0000000  1625000.0000000  -782000.0000000  1630200.0000000  
285     288     1640    -28     -60     73.1115165    159.6369939   0.000   0.143   14.340  0.261   1      -5.600  -12.000  260     1580    73.0201104    159.9021638   -768000.0000000  1674600.0000000  -780000.0000000  1680200.0000000  
286     480     1640    -26     -61     73.4265331    160.1444343   0.000   0.240   24.884  0.464   3      -5.200  -12.200  454     1579    73.3368643    160.4229534   -768000.0000000  1636200.0000000  -780200.0000000  1641400.0000000  
287     672     1640    -25     -62     73.7404585    160.6717743   0.000   0.184   16.900  0.336   2      -5.000  -12.400  647     1578    73.6508247    160.9613548   -768000.0000000  1597800.0000000  -780400.0000000  1602800.0000000  
288     592     1648    -26     -62     73.6160121    160.4032279   0.000   0.157   14.925  0.391   2      -5.200  -12.400  566     1586    73.5251569    160.6893076   -766400.0000000  1613800.0000000  -778800.0000000  1619000.0000000  
289     256     1656    -31     -58     73.0709125    159.4639820   0.000   0.126   12.323  0.385   2      -6.200  -11.600  225     1598    72.9763356    159.7105019   -764800.0000000  1681000.0000000  -776400.0000000  1687200.0000000  
290     320     1656    -27     -61     73.1761698    159.6294777   0.000   0.251   26.050  0.515   3      -5.400  -12.200  293     1595    73.0856371    159.9039641   -764800.0000000  1668200.0000000  -777000.0000000  1673600.0000000  
291     440     1656    -27     -60     73.3732211    159.9455043   0.000   0.104   10.534  0.241   1      -5.400  -12.000  413     1596    73.2829754    160.2158416   -764800.0000000  1644200.0000000  -776800.0000000  1649600.0000000  
292     624     1656    -25     -62     73.6745510    160.4450783   0.000   0.149   14.360  0.371   2      -5.000  -12.400  599     1594    73.5852539    160.7347357   -764800.0000000  1607400.0000000  -777200.0000000  1612400.0000000  
293     192     1664    -31     -64     72.9714903    159.2555883   0.000   0.159   15.229  0.416   3      -6.200  -12.800  161     1600    72.8727005    159.5353032   -763200.0000000  1693800.0000000  -776000.0000000  1700000.0000000  
294     288     1672    -27     -60     73.1355524    159.4558116   0.000   0.171   18.419  0.476   3      -5.400  -12.000  261     1612    73.0460267    159.7249449   -761600.0000000  1674600.0000000  -773600.0000000  1680000.0000000  
295     504     1672    -25     -61     73.4904155    160.0249681   0.000   0.190   17.751  0.409   3      -5.000  -12.200  479     1611    73.4025335    160.3079344   -761600.0000000  1631400.0000000  -773800.0000000  1636400.0000000  
296     672     1672    -23     -64     73.7654767    160.4850555   0.000   0.179   19.042  0.422   3      -4.600  -12.800  649     1608    73.6777875    160.7933212   -761600.0000000  1597800.0000000  -774400.0000000  1602400.0000000  
297     112     1680    -31     -62     72.8513457    158.9649763   0.000   0.216   21.334  0.381   2      -6.200  -12.400  81      1618    72.7544872    159.2332984   -760000.0000000  1709800.0000000  -772400.0000000  1716000.0000000  
298     352     1680    -26     -60     73.2468560    159.5762965   0.000   0.198   20.504  0.424   3      -5.200  -12.000  326     1620    73.1587811    159.8492027   -760000.0000000  1661800.0000000  -772000.0000000  1667000.0000000  
299     584     1680    -25     -63     73.6276747    160.1956574   0.000   0.212   20.474  0.474   3      -5.000  -12.600  559     1617    73.5379648    160.4916126   -760000.0000000  1615400.0000000  -772600.0000000  1620400.0000000  
300     320     1688    -26     -61     73.2002023    159.4475775   0.000   0.309   34.571  0.589   3      -5.200  -12.200  294     1627    73.1115588    159.7260506   -758400.0000000  1668200.0000000  -770600.0000000  1673400.0000000  
301     384     1688    -25     -62     73.3055066    159.6142682   0.000   0.194   19.092  0.474   3      -5.000  -12.400  359     1626    73.2174839    159.9019300   -758400.0000000  1655400.0000000  -770800.0000000  1660400.0000000  
302     416     1688    -25     -62     73.3581163    159.6984152   0.000   0.201   19.623  0.275   1      -5.000  -12.400  391     1626    73.2699601    159.9865437   -758400.0000000  1649000.0000000  -770800.0000000  1654000.0000000  
303     640     1688    -24     -62     73.7255544    160.3028648   0.000   0.135   13.177  0.312   2      -4.800  -12.400  616     1626    73.6380808    160.5969986   -758400.0000000  1604200.0000000  -770800.0000000  1609000.0000000  
304     288     1704    -25     -61     73.1594228    159.2741066   0.000   0.149   14.820  0.280   1      -5.000  -12.200  263     1643    73.0726773    159.5554000   -755200.0000000  1674600.0000000  -767400.0000000  1679600.0000000  
305     184     1712    -30     -64     72.9937318    158.9649974   0.000   0.259   28.093  0.547   3      -6.000  -12.800  154     1648    72.8970007    159.2493053   -753600.0000000  1695400.0000000  -766400.0000000  1701400.0000000  
306     216     1712    -29     -58     73.0465716    159.0455290   0.000   0.173   18.477  0.391   2      -5.800  -11.600  187     1654    72.9558219    159.2991142   -753600.0000000  1689000.0000000  -765200.0000000  1694800.0000000  
307     248     1720    -28     -58     73.1052919    159.0811750   0.000   0.182   17.019  0.517   3      -5.600  -11.600  220     1662    73.0161293    159.3380042   -752000.0000000  1682600.0000000  -763600.0000000  1688200.0000000  
308     320     1720    -25     -61     73.2240687    159.2651506   0.000   0.302   31.748  0.547   3      -5.000  -12.200  295     1659    73.1373212    159.5475842   -752000.0000000  1668200.0000000  -764200.0000000  1673200.0000000  
309     360     1720    -24     -61     73.2899963    159.3685047   5.625   0.182   18.511  0.429   3      -4.800  -12.200  336     1659    73.2047305    159.6541281   -752000.0000000  1660200.0000000  -764200.0000000  1665000.0000000  
310     576     1720    -23     -64     73.6452378    159.9411953   0.000   0.224   22.548  0.441   3      -4.600  -12.800  553     1656    73.5583976    160.2501095   -752000.0000000  1617000.0000000  -764800.0000000  1621600.0000000  
311     664     1720    -22     -64     73.7895765    160.1817983   0.000   0.304   31.527  0.521   3      -4.400  -12.800  642     1656    73.7039736    160.4949544   -752000.0000000  1599400.0000000  -764800.0000000  1603800.0000000  
312     440     1728    -23     -63     73.4277361    159.5315846   0.000   0.246   26.214  0.486   3      -4.600  -12.600  417     1665    73.3423288    159.8328495   -750400.0000000  1644200.0000000  -763000.0000000  1648800.0000000  
313     144     1736    -29     -63     72.9451469    158.7298780   0.000   0.235   24.902  0.451   3      -5.800  -12.600  115     1673    72.8511560    159.0116128   -748800.0000000  1703400.0000000  -761400.0000000  1709200.0000000  
314     176     1744    -29     -64     73.0039087    158.7642019   0.000   0.256   26.807  0.590   3      -5.800  -12.800  147     1680    72.9091173    159.0523392   -747200.0000000  1697000.0000000  -760000.0000000  1702800.0000000  
315     216     1744    -28     -58     73.0700589    158.8642127   0.000   0.183   16.840  0.427   3      -5.600  -11.600  188     1686    72.9811879    159.1216557   -747200.0000000  1689000.0000000  -758800.0000000  1694600.0000000  
316     480     1752    -22     -64     73.5116151    159.4982806   0.000   0.253   26.518  0.570   3      -4.400  -12.800  458     1688    73.4271226    159.8096798   -745600.0000000  1636200.0000000  -758400.0000000  1640600.0000000  
317     512     1752    -22     -62     73.5642999    159.5831208   0.000   0.239   24.035  0.346   2      -4.400  -12.400  490     1690    73.4811882    159.8835449   -745600.0000000  1629800.0000000  -758000.0000000  1634200.0000000  
318     576     1752    -22     -63     73.6695819    159.7544648   0.000   0.242   25.276  0.521   3      -4.400  -12.600  554     1689    73.5854269    160.0617579   -745600.0000000  1617000.0000000  -758200.0000000  1621400.0000000  
319     352     1760    -22     -61     73.3065112    159.1184111   0.000   0.255   25.268  0.453   3      -4.400  -12.200  330     1699    73.2248948    159.4107837   -744000.0000000  1661800.0000000  -756200.0000000  1666200.0000000  
320     384     1760    -21     -62     73.3593283    159.2009716   0.000   0.157   14.863  0.463   3      -4.200  -12.400  363     1698    73.2784755    159.5021927   -744000.0000000  1655400.0000000  -756400.0000000  1659600.0000000  
321     544     1768    -22     -63     73.6290230    159.5751780   0.000   0.207   20.095  0.436   3      -4.400  -12.600  522     1705    73.5451476    159.8826339   -742400.0000000  1623400.0000000  -755000.0000000  1627800.0000000  
322     624     1768    -21     -64     73.7606354    159.7905095   0.000   0.249   26.329  0.509   3      -4.200  -12.800  603     1704    73.6772776    160.1079119   -742400.0000000  1607400.0000000  -755200.0000000  1611600.0000000  
323     128     1776    -28     -62     72.9475869    158.4646743   0.000   0.276   28.063  0.492   3      -5.600  -12.400  100     1714    72.8563604    158.7447843   -740800.0000000  1706600.0000000  -753200.0000000  1712200.0000000  
324     184     1776    -28     -64     73.0403862    158.6027797   0.000   0.250   26.427  0.536   3      -5.600  -12.800  156     1712    72.9474757    158.8949476   -740800.0000000  1695400.0000000  -753600.0000000  1701000.0000000  
325     216     1776    -27     -58     73.0933800    158.6823872   0.000   0.212   21.211  0.493   3      -5.400  -11.600  189     1718    73.0063940    158.9436615   -740800.0000000  1689000.0000000  -752400.0000000  1694400.0000000  
326     656     1776    -21     -64     73.8193177    159.8304905   0.000   0.411   46.060  0.672   3      -4.200  -12.800  635     1712    73.7358853    160.1488446   -740800.0000000  1601000.0000000  -753600.0000000  1605200.0000000  
327     448     1792    -20     -63     73.4886867    159.1821877   0.000   0.145   16.441  0.415   2      -4.000  -12.600  428     1729    73.4087314    159.4942703   -737600.0000000  1642600.0000000  -750200.0000000  1646600.0000000  
328     480     1792    -20     -64     73.5415008    159.2658819   0.000   0.218   21.489  0.468   3      -4.000  -12.800  460     1728    73.4606520    159.5843402   -737600.0000000  1636200.0000000  -750400.0000000  1640200.0000000  
329     552     1800    -20     -63     73.6662197    159.4093427   0.000   0.222   23.202  0.466   3      -4.000  -12.600  532     1737    73.5858759    159.7237181   -736000.0000000  1621800.0000000  -748600.0000000  1625800.0000000  
330     272     1808    -24     -62     73.2093470    158.6397673   5.625   0.220   23.085  0.558   3      -4.800  -12.400  248     1746    73.1244174    158.9334154   -734400.0000000  1677800.0000000  -746800.0000000  1682600.0000000  
331     328     1808    -21     -62     73.3020817    158.7810545   5.625   0.196   16.050  0.415   3      -4.200  -12.400  307     1746    73.2218756    159.0832828   -734400.0000000  1666600.0000000  -746800.0000000  1670800.0000000  
332     520     1808    -21     -62     73.6194089    159.2777666   0.000   0.227   22.948  0.473   3      -4.200  -12.400  499     1746    73.5383855    159.5834271   -734400.0000000  1628200.0000000  -746800.0000000  1632400.0000000  
333     608     1808    -20     -64     73.7645142    159.5119963   0.000   0.249   25.269  0.447   3      -4.000  -12.800  588     1744    73.6832313    159.8336217   -734400.0000000  1610600.0000000  -747200.0000000  1614600.0000000  
334     648     1808    -21     -64     73.8303981    159.6198715   0.000   0.289   29.561  0.513   3      -4.200  -12.800  627     1744    73.7472902    159.9395418   -734400.0000000  1602600.0000000  -747200.0000000  1606800.0000000  
335     200     1816    -26     -59     73.0957548    158.4148185   0.000   0.140   14.358  0.294   1      -5.200  -11.800  174     1757    73.0100534    158.6856635   -732800.0000000  1692200.0000000  -744600.0000000  1697400.0000000  
336     240     1824    -24     -61     73.1678635    158.4682061   0.000   0.208   22.164  0.429   3      -4.800  -12.200  216     1763    73.0839259    158.7563151   -731200.0000000  1684200.0000000  -743400.0000000  1689000.0000000  
337     360     1824    -20     -64     73.3667255    158.7700778   5.625   0.180   14.712  0.461   3      -4.000  -12.800  340     1760    73.2866978    159.0875873   -731200.0000000  1660200.0000000  -744000.0000000  1664200.0000000  
338     392     1824    -18     -63     73.4196937    158.8518161   0.000   0.163   18.204  0.348   2      -3.600  -12.600  374     1761    73.3435667    159.1693598   -731200.0000000  1653800.0000000  -743800.0000000  1657400.0000000  
339     456     1824    -19     -64     73.5255498    159.0168904   0.000   0.171   17.366  0.450   3      -3.800  -12.800  437     1760    73.4467461    159.3388867   -731200.0000000  1641000.0000000  -744000.0000000  1644800.0000000  
340     488     1824    -18     -65     73.5784370    159.1002361   0.000   0.128   11.726  0.279   1      -3.600  -13.000  470     1759    73.5003888    159.4313051   -731200.0000000  1634600.0000000  -744200.0000000  1638200.0000000  
341     96      1848    -26     -61     72.9457467    157.9794393   0.000   0.229   22.678  0.406   3      -5.200  -12.200  70      1787    72.8592534    158.2613442   -726400.0000000  1713000.0000000  -738600.0000000  1718200.0000000  
342     648     1848    -20     -64     73.8604441    159.3830494   0.000   0.336   34.416  0.554   3      -4.000  -12.800  628     1784    73.7793437    159.7072573   -726400.0000000  1602600.0000000  -739200.0000000  1606600.0000000  
343     240     1856    -23     -61     73.1908229    158.2847569   0.000   0.183   17.292  0.342   2      -4.600  -12.200  217     1795    73.1088050    158.5766753   -724800.0000000  1684200.0000000  -737000.0000000  1688800.0000000  
344     344     1856    -19     -63     73.3634421    158.5443960   5.625   0.180   18.536  0.457   3      -3.800  -12.600  325     1793    73.2861596    158.8597330   -724800.0000000  1663400.0000000  -737400.0000000  1667200.0000000  
345     560     1856    -19     -63     73.7210782    159.1014591   0.000   0.312   33.841  0.614   3      -3.800  -12.600  541     1793    73.6428478    159.4210907   -724800.0000000  1620200.0000000  -737400.0000000  1624000.0000000  
346     184     1864    -25     -64     73.1034462    158.1014473   0.000   0.171   17.765  0.502   3      -5.000  -12.800  159     1800    73.0162465    158.4048590   -723200.0000000  1695400.0000000  -736000.0000000  1700400.0000000  
347     280     1872    -20     -62     73.2687104    158.2917597   0.000   0.159   17.535  0.525   3      -4.000  -12.400  260     1810    73.1909132    158.5982438   -721600.0000000  1676200.0000000  -734000.0000000  1680200.0000000  
348     384     1872    -17     -65     73.4413527    158.5527111   0.000   0.118   11.117  0.219   1      -3.400  -13.000  367     1807    73.3658851    158.8861699   -721600.0000000  1655400.0000000  -734600.0000000  1658800.0000000  
349     432     1872    -15     -65     73.5209422    158.6750186   0.000   0.169   15.434  0.252   1      -3.000  -13.000  417     1807    73.4485616    159.0147003   -721600.0000000  1645800.0000000  -734600.0000000  1648800.0000000  
350     520     1872    -18     -64     73.6667011    158.9023846   0.000   0.191   19.106  0.439   3      -3.600  -12.800  502     1808    73.5897016    159.2303732   -721600.0000000  1628200.0000000  -734400.0000000  1631800.0000000  
351     624     1880    -19     -64     73.8446224    159.1289596   0.000   0.245   24.859  0.526   3      -3.800  -12.800  605     1816    73.7655742    159.4568139   -720000.0000000  1607400.0000000  -732800.0000000  1611200.0000000  
352     216     1888    -23     -62     73.1736838    158.0420115   0.000   0.155   15.075  0.552   3      -4.600  -12.400  193     1826    73.0913119    158.3405286   -718400.0000000  1689000.0000000  -730800.0000000  1693600.0000000  
353     344     1888    -17     -63     73.3864823    158.3588638   0.000   0.101   9.250   0.332   2      -3.400  -12.600  327     1825    73.3128011    158.6805704   -718400.0000000  1663400.0000000  -731000.0000000  1666800.0000000  
354     120     1896    -24     -62     73.0194336    157.7640415   0.000   0.178   16.750  0.440   3      -4.800  -12.400  96      1834    72.9358530    158.0587721   -716800.0000000  1708200.0000000  -729200.0000000  1713000.0000000  
355     168     1896    -24     -64     73.0994133    157.8794814   0.000   0.257   26.384  0.560   3      -4.800  -12.800  144     1832    73.0142185    158.1864108   -716800.0000000  1698600.0000000  -729600.0000000  1703400.0000000  
356     248     1896    -21     -65     73.2325959    158.0743620   0.000   0.102   10.719  0.238   1      -4.200  -13.000  227     1831    73.1513286    158.3958932   -716800.0000000  1682600.0000000  -729800.0000000  1686800.0000000  
357     472     1896    -16     -64     73.6046887    158.6370851   0.000   0.163   15.278  0.305   2      -3.200  -12.800  456     1832    73.5314374    158.9702634   -716800.0000000  1637800.0000000  -729600.0000000  1641000.0000000  
358     64      1904    -24     -61     72.9316171    157.5853106   0.000   0.253   25.467  0.496   3      -4.800  -12.200  40      1843    72.8490274    157.8737533   -715200.0000000  1719400.0000000  -727400.0000000  1724200.0000000  
359     288     1904    -18     -63     73.3048200    158.1267012   5.625   0.206   19.935  0.427   3      -3.600  -12.600  270     1841    73.2298691    158.4453621   -715200.0000000  1674600.0000000  -727800.0000000  1678200.0000000  
360     592     1904    -18     -64     73.8093729    158.9018481   0.000   0.301   31.066  0.582   3      -3.600  -12.800  574     1840    73.7323455    159.2327532   -715200.0000000  1613800.0000000  -728000.0000000  1617400.0000000  
361     344     1920    -17     -66     73.4093514    158.1728112   0.000   0.162   15.594  0.273   1      -3.400  -13.200  327     1854    73.3338006    158.5131446   -712000.0000000  1663400.0000000  -725200.0000000  1666800.0000000  
362     536     1920    -18     -64     73.7282568    158.6608142   0.000   0.192   19.117  0.442   3      -3.600  -12.800  518     1856    73.6516346    158.9912077   -712000.0000000  1625000.0000000  -724800.0000000  1628600.0000000  
363     624     1920    -18     -64     73.8741027    158.8910124   0.000   0.254   26.675  0.467   3      -3.600  -12.800  606     1856    73.7970798    159.2233087   -712000.0000000  1607400.0000000  -724800.0000000  1611000.0000000  
364     96      1928    -23     -61     73.0016660    157.5243245   0.000   0.249   23.405  0.535   3      -4.600  -12.200  73      1867    72.9208169    157.8166512   -710400.0000000  1713000.0000000  -722600.0000000  1717600.0000000  
365     216     1928    -22     -62     73.2018618    157.8118123   0.000   0.177   18.105  0.452   3      -4.400  -12.400  194     1866    73.1214947    158.1144174   -710400.0000000  1689000.0000000  -722800.0000000  1693400.0000000  
366     248     1928    -20     -64     73.2551927    157.8896525   5.625   0.139   14.585  0.494   3      -4.000  -12.800  228     1864    73.1765947    158.2092496   -710400.0000000  1682600.0000000  -723200.0000000  1686600.0000000  
367     472     1928    -15     -64     73.6278272    158.4489140   0.000   0.129   13.222  0.237   1      -3.000  -12.800  457     1864    73.5565370    158.7859952   -710400.0000000  1637800.0000000  -723200.0000000  1640800.0000000  
368     168     1936    -22     -64     73.1273976    157.6500368   0.000   0.289   29.690  0.611   3      -4.400  -12.800  146     1872    73.0458835    157.9634830   -708800.0000000  1698600.0000000  -721600.0000000  1703000.0000000  
369     568     1936    -17     -64     73.7929607    158.6490586   0.000   0.245   24.494  0.501   3      -3.400  -12.800  551     1872    73.7179990    158.9834616   -708800.0000000  1618600.0000000  -721600.0000000  1622000.0000000  
370     280     1944    -18     -66     73.3197721    157.8752067   0.000   0.125   11.906  0.329   2      -3.600  -13.200  262     1878    73.2430832    158.2125854   -707200.0000000  1676200.0000000  -720400.0000000  1679800.0000000  
371     416     1952    -14     -66     73.5519210    158.1658736   0.000   0.273   28.197  0.579   3      -2.800  -13.200  402     1886    73.4813312    158.5168275   -705600.0000000  1649000.0000000  -718800.0000000  1651800.0000000  
372     536     1952    -17     -63     73.7514235    158.4712273   5.625   0.149   12.655  0.269   1      -3.400  -12.600  519     1889    73.6774907    158.7997062   -705600.0000000  1625000.0000000  -718200.0000000  1628400.0000000  
373     48      1968    -21     -60     72.9489267    157.1834596   0.000   0.197   19.793  0.425   3      -4.200  -12.000  27      1908    72.8726290    157.4755268   -702400.0000000  1722600.0000000  -714400.0000000  1726800.0000000  
374     112     1968    -21     -62     73.0559871    157.3332645   0.000   0.259   28.040  0.547   3      -4.200  -12.400  91      1906    72.9780527    157.6379019   -702400.0000000  1709800.0000000  -714800.0000000  1714000.0000000  
375     216     1968    -20     -65     73.2297735    157.5808325   0.000   0.203   19.619  0.398   2      -4.000  -13.000  196     1903    73.1509748    157.9071448   -702400.0000000  1689000.0000000  -715400.0000000  1693000.0000000  
376     80      1976    -21     -61     73.0079395    157.2123553   0.000   0.276   28.092  0.573   3      -4.200  -12.200  59      1915    72.9308947    157.5109998   -700800.0000000  1716200.0000000  -713000.0000000  1720400.0000000  
377     144     1976    -21     -63     73.1149933    157.3628770   0.000   0.336   36.671  0.659   3      -4.200  -12.600  123     1913    73.0363039    157.6741642   -700800.0000000  1703400.0000000  -713400.0000000  1707600.0000000  
378     600     1976    -16     -63     73.8750539    158.4938873   0.000   0.159   14.365  0.422   3      -3.200  -12.600  584     1913    73.8027176    158.8274214   -700800.0000000  1612200.0000000  -713400.0000000  1615400.0000000  
379     352     1984    -15     -67     73.4679180    157.8188554   0.000   0.124   11.769  0.282   1      -3.000  -13.400  337     1917    73.3955722    158.1728329   -699200.0000000  1661800.0000000  -712600.0000000  1664800.0000000  
380     408     1984    -13     -66     73.5612867    157.9576876   0.000   0.252   23.257  0.502   3      -2.600  -13.200  395     1918    73.4927188    158.3122658   -699200.0000000  1650600.0000000  -712400.0000000  1653200.0000000  
381     288     1992    -16     -67     73.3666920    157.6154918   0.000   0.332   34.115  0.603   3      -3.200  -13.400  272     1925    73.2930588    157.9657358   -697600.0000000  1674600.0000000  -711000.0000000  1677800.0000000  
382     512     1992    -13     -65     73.7401904    158.1722796   0.000   0.204   21.610  0.450   3      -2.600  -13.000  499     1927    73.6719365    158.5239728   -697600.0000000  1629800.0000000  -710600.0000000  1632400.0000000  
383     48      2000    -20     -60     72.9706778    157.0006984   0.000   0.172   15.548  0.387   2      -4.000  -12.000  28      1940    72.8963213    157.2962995   -696000.0000000  1722600.0000000  -708000.0000000  1726600.0000000  
384     200     2000    -20     -65     73.2251519    157.3573117   0.000   0.229   22.445  0.479   3      -4.000  -13.000  180     1935    73.1467222    157.6845940   -696000.0000000  1692200.0000000  -709000.0000000  1696200.0000000  
385     80      2008    -20     -61     73.0297206    157.0289869   0.000   0.184   18.558  0.376   2      -4.000  -12.200  60      1947    72.9546228    157.3312010   -694400.0000000  1716200.0000000  -706600.0000000  1720200.0000000  
386     168     2016    -19     -64     73.1825673    157.1888429   0.000   0.236   22.999  0.475   3      -3.800  -12.800  149     1952    73.1067871    157.5127201   -692800.0000000  1698600.0000000  -705600.0000000  1702400.0000000  
387     240     2016    -18     -65     73.3030686    157.3599418   0.000   0.146   14.469  0.471   3      -3.600  -13.000  222     1951    73.2279551    157.6935848   -692800.0000000  1684200.0000000  -705800.0000000  1687800.0000000  
388     352     2016    -15     -68     73.4902885    157.6311255   0.000   0.119   11.169  0.275   1      -3.000  -13.600  337     1948    73.4175622    157.9922521   -692800.0000000  1661800.0000000  -706400.0000000  1664800.0000000  
389     616     2016    -14     -64     73.9304259    158.2956480   0.000   0.154   15.317  0.342   2      -2.800  -12.800  602     1952    73.8609926    158.6424300   -692800.0000000  1609000.0000000  -705600.0000000  1611800.0000000  
390     272     2024    -15     -67     73.3621069    157.3900962   0.000   0.161   16.832  0.335   2      -3.000  -13.400  257     1957    73.2905378    157.7436816   -691200.0000000  1677800.0000000  -704600.0000000  1680800.0000000  
391     320     2024    -15     -68     73.4423723    157.5061249   0.000   0.230   23.075  0.449   3      -3.000  -13.600  305     1956    73.3698797    157.8667526   -691200.0000000  1668200.0000000  -704800.0000000  1671200.0000000  
392     408     2032    -12     -66     73.5949780    157.6745609   0.000   0.280   27.413  0.463   3      -2.400  -13.200  396     1966    73.5285663    158.0335652   -689600.0000000  1650600.0000000  -702800.0000000  1653000.0000000  
393     200     2040    -19     -65     73.2525342    157.1252492   0.000   0.111   11.359  0.229   1      -3.800  -13.000  181     1975    73.1761533    157.4565543   -688000.0000000  1692200.0000000  -701000.0000000  1696000.0000000  
394     320     2056    -14     -68     73.4644495    157.3182647   0.000   0.255   26.842  0.510   3      -2.800  -13.600  306     1988    73.3939594    157.6826508   -684800.0000000  1668200.0000000  -698400.0000000  1671000.0000000  
395     352     2056    -13     -69     73.5180066    157.3957403   0.000   0.204   20.361  0.408   3      -2.600  -13.800  339     1987    73.4483342    157.7692949   -684800.0000000  1661800.0000000  -698600.0000000  1664400.0000000  
396     464     2056    -12     -67     73.7052731    157.6709670   0.000   0.234   24.268  0.426   3      -2.400  -13.400  452     1989    73.6381396    158.0383490   -684800.0000000  1639400.0000000  -698200.0000000  1641800.0000000  
397     608     2056    -12     -64     73.9456078    158.0343803   5.625   0.131   12.429  0.318   2      -2.400  -12.800  596     1992    73.8799355    158.3878091   -684800.0000000  1610600.0000000  -697600.0000000  1613000.0000000  
398     416     2072    -12     -66     73.6361380    157.4573347   0.000   0.219   22.107  0.362   2      -2.400  -13.200  404     2006    73.5701039    157.8181416   -681600.0000000  1649000.0000000  -694800.0000000  1651400.0000000  
399     504     2080    -10     -68     73.7888551    157.6273459   0.000   0.124   11.658  0.329   2      -2.000  -13.600  494     2012    73.7244108    158.0078116   -680000.0000000  1631400.0000000  -693600.0000000  1633400.0000000  
400     536     2080    -9      -66     73.8423338    157.7074348   0.000   0.204   20.760  0.526   3      -1.800  -13.200  527     2014    73.7808176    158.0794656   -680000.0000000  1625000.0000000  -693200.0000000  1626800.0000000  
401     576     2080    -9      -68     73.9091476    157.8083042   0.000   0.188   18.730  0.434   3      -1.800  -13.600  567     2012    73.8460116    158.1934643   -680000.0000000  1617000.0000000  -693600.0000000  1618800.0000000  
402     448     2096    -10     -68     73.7062678    157.3931162   0.000   0.113   10.741  0.273   1      -2.000  -13.600  438     2028    73.6422729    157.7725729   -676800.0000000  1642600.0000000  -690400.0000000  1644600.0000000  
403     560     2112    -8      -67     73.9047696    157.5751544   0.000   0.240   25.372  0.506   3      -1.600  -13.400  552     2045    73.8444437    157.9576811   -673600.0000000  1620200.0000000  -687000.0000000  1621800.0000000  
404     600     2112    -8      -69     73.9716579    157.6758632   0.000   0.105   10.685  0.327   2      -1.600  -13.800  592     2043    73.9097151    158.0716366   -673600.0000000  1612200.0000000  -687400.0000000  1613800.0000000  
405     528     2120    -8      -67     73.8567700    157.4470706   0.000   0.103   10.122  0.252   1      -1.600  -13.400  520     2053    73.7966893    157.8289345   -672000.0000000  1626600.0000000  -685400.0000000  1628200.0000000  
