CP      startX  startY  dispX   dispY   sLat          sLon          theta   pCorr   pkStr   cCorr   conf   velX    velY    endX    endY    eLat          eLon          nps_startX    nps_startY    nps_endX      nps_endY      
0       1272    408     0       0       80.5731238    97.9509487    0.000   0.218   22.618  0.466   3      0.000   0.000   1272    408     80.5731238    97.9509487    616600.0000000  816800.0000000  616600.0000000  816800.0000000  
1       1080    416     0       0       80.2811808    99.1378932    0.000   0.265   26.425  0.463   3      0.000   0.000   1080    416     80.2811808    99.1378932    618200.0000000  855200.0000000  618200.0000000  855200.0000000  
2       1040    424     0       0       80.2131032    99.3206719    0.000   0.171   15.502  0.283   1      0.000   0.000   1040    424     80.2131032    99.3206719    619800.0000000  863200.0000000  619800.0000000  863200.0000000  
3       1304    424     0       0       80.6021046    97.5909696    0.000   0.384   42.352  0.714   3      0.000   0.000   1304    424     80.6021046    97.5909696    619800.0000000  810400.0000000  619800.0000000  810400.0000000  
4       1136    432     0       0       80.3468442    98.6374217    0.000   0.267   27.336  0.553   3      0.000   0.000   1136    432     80.3468442    98.6374217    621400.0000000  844000.0000000  621400.0000000  844000.0000000  
5       1168    432     0       0       80.3940353    98.4289615    0.000   0.186   18.376  0.261   1      0.000   0.000   1168    432     80.3940353    98.4289615    621400.0000000  837600.0000000  621400.0000000  837600.0000000  
6       1248    440     0       0       80.5026048    97.8278114    0.000   0.309   31.246  0.565   3      0.000   0.000   1248    440     80.5026048    97.8278114    623000.0000000  821600.0000000  623000.0000000  821600.0000000  
7       1056    456     0       0       80.2024982    98.9401568    0.000   0.273   28.349  0.487   3      0.000   0.000   1056    456     80.2024982    98.9401568    626200.0000000  860000.0000000  626200.0000000  860000.0000000  
8       1288    456     -1      0       80.5430898    97.4157560    0.000   0.391   42.982  0.718   3      -0.050  0.000   1287    456     80.5416362    97.4225626    626200.0000000  813600.0000000  626200.0000000  813800.0000000  
9       1016    472     0       0       80.1259339    99.0535617    0.000   0.323   34.336  0.358   2      0.000   0.000   1016    472     80.1259339    99.0535617    629400.0000000  868000.0000000  629400.0000000  868000.0000000  
10      1152    472     0       0       80.3266796    98.1824731    0.000   0.158   15.966  0.268   1      0.000   0.000   1152    472     80.3266796    98.1824731    629400.0000000  840800.0000000  629400.0000000  840800.0000000  
11      1728    472     0       0       81.1498990    94.0609750    0.000   0.300   32.132  0.593   3      0.000   0.000   1728    472     81.1498990    94.0609750    629400.0000000  725600.0000000  629400.0000000  725600.0000000  
12      1240    480     0       0       80.4464584    97.5290811    0.000   0.383   41.755  0.673   3      0.000   0.000   1240    480     80.4464584    97.5290811    631000.0000000  823200.0000000  631000.0000000  823200.0000000  
13      1192    496     0       0       80.3586984    97.7097350    0.000   0.269   27.976  0.465   3      0.000   0.000   1192    496     80.3586984    97.7097350    634200.0000000  832800.0000000  634200.0000000  832800.0000000  
14      1056    504     0       0       80.1504427    98.5243970    0.000   0.368   41.019  0.475   3      0.000   0.000   1056    504     80.1504427    98.5243970    635800.0000000  860000.0000000  635800.0000000  860000.0000000  
15      1736    504     0       0       81.1223369    93.7111477    0.000   0.290   30.609  0.509   3      0.000   0.000   1736    504     81.1223369    93.7111477    635800.0000000  724000.0000000  635800.0000000  724000.0000000  
16      592     528     0       0       79.4301806    101.0857111   0.000   0.108   9.671   0.215   1      0.000   0.000   592     528     79.4301806    101.0857111   640600.0000000  952800.0000001  640600.0000000  952800.0000001  
17      672     536     0       0       79.5431670    100.5683806   0.000   0.126   11.802  0.270   1      0.000   0.000   672     536     79.5431670    100.5683806   642200.0000000  936800.0000001  642200.0000000  936800.0000001  
18      1040    536     0       0       80.0919414    98.3516412    0.000   0.328   36.836  0.573   3      0.000   0.000   1040    536     80.0919414    98.3516412    642200.0000000  863200.0000000  642200.0000000  863200.0000000  
19      1072    536     0       0       80.1389420    98.1472254    0.000   0.353   38.392  0.713   3      0.000   0.000   1072    536     80.1389420    98.1472254    642200.0000000  856800.0000000  642200.0000000  856800.0000000  
20      1152    536     -1      0       80.2559017    97.6275397    0.000   0.446   50.060  0.730   3      -0.050  0.000   1151    536     80.2544445    97.6341130    642200.0000000  840800.0000000  642200.0000000  841000.0000000  
21      1760    536     0       0       81.1163767    93.2371674    0.000   0.308   32.851  0.582   3      0.000   0.000   1760    536     81.1163767    93.2371674    642200.0000000  719200.0000000  642200.0000000  719200.0000000  
22      704     560     0       0       79.5664221    100.1852553   0.000   0.343   36.024  0.597   3      0.000   0.000   704     560     79.5664221    100.1852553   647000.0000000  930400.0000001  647000.0000000  930400.0000001  
23      672     592     -1      0       79.4848343    100.1049672   0.000   0.215   22.169  0.221   1      -0.050  0.000   671     592     79.4833322    100.1107060   653400.0000000  936800.0000001  653400.0000000  937000.0000001  
24      640     600     -1      0       79.4283663    100.2221686   0.000   0.341   34.705  0.648   3      -0.050  0.000   639     600     79.4268622    100.2278598   655000.0000001  943200.0000001  655000.0000001  943400.0000001  
25      560     616     0       0       79.2911744    100.5422095   0.000   0.186   17.525  0.316   2      0.000   0.000   560     616     79.2911744    100.5422095   658200.0000001  959200.0000001  658200.0000001  959200.0000001  
26      624     632     -1      0       79.3708321    100.0518852   0.000   0.245   25.024  0.493   3      -0.050  0.000   623     632     79.3693312    100.0575696   661400.0000001  946400.0000001  661400.0000001  946600.0000001  
27      1832    640     0       0       81.0848185    91.7504156    0.000   0.199   19.785  0.204   1      0.000   0.000   1832    640     81.0848185    91.7504156    663000.0000000  704800.0000000  663000.0000000  704800.0000000  
28      544     656     1       0       79.2254997    100.3079424   0.000   0.143   13.634  0.331   2      0.050   0.000   545     656     79.2270049    100.3023694   666200.0000001  962400.0000001  666200.0000001  962200.0000001  
29      592     664     0       0       79.2892356    99.9740927    0.000   0.286   31.402  0.671   3      0.000   0.000   592     664     79.2892356    99.9740927    667800.0000001  952800.0000001  667800.0000001  952800.0000001  
30      1824    672     0       0       81.0338188    91.5405095    0.000   0.278   31.811  0.310   2      0.000   0.000   1824    672     81.0338188    91.5405095    669400.0000000  706400.0000000  669400.0000000  706400.0000000  
31      560     704     1       0       79.1992024    99.8335640    0.000   0.293   30.490  0.567   3      0.050   0.000   561     704     79.2006988    99.8279384    675800.0000001  959200.0000001  675800.0000001  959000.0000001  
32      1848    720     0       0       81.0046988    90.9378306    0.000   0.192   20.633  0.445   3      0.000   0.000   1848    720     81.0046988    90.9378306    679000.0000000  701600.0000000  679000.0000000  701600.0000000  
33      1888    744     0       0       81.0264378    90.4076442    0.000   0.238   23.779  0.479   3      0.000   0.000   1888    744     81.0264378    90.4076442    683800.0000000  693600.0000000  683800.0000000  693600.0000000  
34      1592    792     0       0       80.5724355    92.3519965    0.000   0.237   24.673  0.392   2      0.000   0.000   1592    792     80.5724355    92.3519965    693400.0000000  752800.0000000  693400.0000000  752800.0000000  
35      1344    952     0       0       80.0387773    92.8852240    0.000   0.134   16.269  0.549   3      0.000   0.000   1344    952     80.0387773    92.8852240    725400.0000000  802400.0000000  725400.0000000  802400.0000000  
36      1488    952     0       0       80.2329820    91.8416980    0.000   0.333   35.740  0.521   3      0.000   0.000   1488    952     80.2329820    91.8416980    725400.0000000  773600.0000000  725400.0000000  773600.0000000  
37      1584    952     28      19      80.3606297    91.1226956    275.625  0.089   8.061   0.232   1      1.400   0.950   1612    971     80.3732993    90.7597642    725400.0000000  754400.0000000  729200.0000000  748800.0000000  
38      1376    960     0       0       80.0723258    92.5940297    0.000   0.248   25.346  0.517   3      0.000   0.000   1376    960     80.0723258    92.5940297    727000.0000000  796000.0000000  727000.0000000  796000.0000000  
39      1408    976     0       0       80.0956685    92.2382142    0.000   0.282   29.435  0.427   3      0.000   0.000   1408    976     80.0956685    92.2382142    730200.0000000  789600.0000000  730200.0000000  789600.0000000  
40      1520    976     0       0       80.2454126    91.4154618    0.000   0.175   17.005  0.423   3      0.000   0.000   1520    976     80.2454126    91.4154618    730200.0000000  767200.0000000  730200.0000000  767200.0000000  
41      1472    984     0       0       80.1714290    91.7085681    0.000   0.300   30.005  0.444   3      0.000   0.000   1472    984     80.1714290    91.7085681    731800.0000000  776800.0000000  731800.0000000  776800.0000000  
42      432     992     0       0       78.7003158    98.3242170    0.000   0.262   26.776  0.460   3      0.000   0.000   432     992     78.7003158    98.3242170    733400.0000001  984800.0000001  733400.0000001  984800.0000001  
43      1176    992     0       0       79.7601116    93.7404062    0.000   0.109   11.282  0.239   1      0.000   0.000   1176    992     79.7601116    93.7404062    733400.0000000  836000.0000001  733400.0000000  836000.0000001  
44      1440    992     0       0       80.1186300    91.8807233    0.000   0.455   51.074  0.756   3      0.000   0.000   1440    992     80.1186300    91.8807233    733400.0000000  783200.0000000  733400.0000000  783200.0000000  
45      1552    992     -6      62      80.2674904    91.0505477    0.000   0.249   26.393  0.510   3      -0.300  3.100   1546    1054    80.1803994    90.6155696    733400.0000000  760800.0000000  745800.0000000  762000.0000000  
46      472     1000    -1      0       78.7501193    98.0401120    0.000   0.238   21.597  0.504   3      -0.050  0.000   471     1000    78.7486576    98.0457474    735000.0000001  976800.0000001  735000.0000001  977000.0000001  
47      1552    1024    108     -72     80.2266801    90.8017678    0.000   0.078   6.848   0.202   1      5.400   -3.600  1660    952     80.4606030    90.5398459    739800.0000000  760800.0000000  725400.0000000  739200.0000000  
48      408     1032    0       0       78.6213679    98.1597576    0.000   0.166   16.155  0.295   1      0.000   0.000   408     1032    78.6213679    98.1597576    741400.0000001  989600.0000001  741400.0000001  989600.0000001  
49      480     1032    0       0       78.7264806    97.7559312    0.000   0.189   18.133  0.466   3      0.000   0.000   480     1032    78.7264806    97.7559312    741400.0000001  975200.0000001  741400.0000001  975200.0000001  
50      1176    1032    0       0       79.7116353    93.4320379    0.000   0.170   17.032  0.236   1      0.000   0.000   1176    1032    79.7116353    93.4320379    741400.0000000  836000.0000001  741400.0000000  836000.0000001  
51      400     1064    0       0       78.5745075    97.9676715    0.000   0.204   20.842  0.314   2      0.000   0.000   400     1064    78.5745075    97.9676715    747800.0000001  991200.0000001  747800.0000001  991200.0000001  
52      504     1072    0       0       78.7168259    97.3225674    0.000   0.208   20.512  0.428   3      0.000   0.000   504     1072    78.7168259    97.3225674    749400.0000001  970400.0000001  749400.0000001  970400.0000001  
53      552     1072    0       0       78.7861896    97.0466590    0.000   0.158   14.987  0.342   2      0.000   0.000   552     1072    78.7861896    97.0466590    749400.0000001  960800.0000001  749400.0000001  960800.0000001  
54      384     1096    0       0       78.5158725    97.8215995    0.000   0.258   26.953  0.546   3      0.000   0.000   384     1096    78.5158725    97.8215995    754200.0000001  994400.0000001  754200.0000001  994400.0000001  
55      456     1096    0       0       78.6204971    97.4184132    0.000   0.233   23.353  0.395   2      0.000   0.000   456     1096    78.6204971    97.4184132    754200.0000001  980000.0000001  754200.0000001  980000.0000001  
56      680     1096    -1      -1      78.9423896    96.1152641    0.000   0.158   15.425  0.310   2      -0.050  -0.050  679     1095    78.9421137    96.1286757    754200.0000001  935200.0000001  754000.0000001  935400.0000001  
57      504     1104    0       0       78.6809559    97.0866127    0.000   0.163   15.670  0.376   2      0.000   0.000   504     1104    78.6809559    97.0866127    755800.0000001  970400.0000001  755800.0000001  970400.0000001  
58      608     1104    0       0       78.8304293    96.4832245    0.000   0.130   12.423  0.264   1      0.000   0.000   608     1104    78.8304293    96.4832245    755800.0000001  949600.0000001  755800.0000001  949600.0000001  
59      992     1120    0       0       79.3520648    93.9892879    0.000   0.559   66.721  0.876   3      0.000   0.000   992     1120    79.3520648    93.9892879    759000.0000001  872800.0000001  759000.0000001  872800.0000001  
60      688     1128    -1      -1      78.9168914    95.8304404    0.000   0.161   15.652  0.354   2      -0.050  -0.050  687     1127    78.9166282    95.8438280    760600.0000001  933600.0000001  760400.0000001  933800.0000001  
61      1048    1128    0       0       79.4195369    93.5627010    0.000   0.261   28.461  0.441   3      0.000   0.000   1048    1128    79.4195369    93.5627010    760600.0000001  861600.0000001  760600.0000001  861600.0000001  
62      480     1136    0       0       78.6103482    96.9894120    0.000   0.224   22.307  0.415   3      0.000   0.000   480     1136    78.6103482    96.9894120    762200.0000001  975200.0000001  762200.0000001  975200.0000001  
63      720     1136    -1      0       78.9529341    95.5782612    0.000   0.140   13.248  0.282   1      -0.050  0.000   719     1136    78.9515205    95.5843231    762200.0000001  927200.0000001  762200.0000001  927400.0000001  
64      760     1136    -1      0       79.0093791    95.3345011    0.000   0.174   12.384  0.236   1      -0.050  0.000   759     1136    79.0079704    95.3406258    762200.0000001  919200.0000001  762200.0000001  919400.0000001  
65      368     1144    0       0       78.4394101    97.5609758    0.000   0.226   23.198  0.461   3      0.000   0.000   368     1144    78.4394101    97.5609758    763800.0000001  997600.0000001  763800.0000001  997600.0000001  
66      448     1144    0       0       78.5552058    97.1128954    0.000   0.327   34.508  0.486   3      0.000   0.000   448     1144    78.5552058    97.1128954    763800.0000001  981600.0000001  763800.0000001  981600.0000001  
67      408     1152    0       0       78.4884492    97.2800627    0.000   0.279   29.316  0.501   3      0.000   0.000   408     1152    78.4884492    97.2800627    765400.0000001  989600.0000001  765400.0000001  989600.0000001  
68      952     1152    0       0       79.2583573    94.0099223    0.000   0.561   64.276  0.905   3      0.000   0.000   952     1152    79.2583573    94.0099223    765400.0000001  880800.0000001  765400.0000001  880800.0000001  
69      1008    1152    0       0       79.3355337    93.6465792    0.000   0.408   44.529  0.370   2      0.000   0.000   1008    1152    79.3355337    93.6465792    765400.0000001  869600.0000001  765400.0000001  869600.0000001  
70      560     1160    0       0       78.6979065    96.3533062    0.000   0.164   16.526  0.271   1      0.000   0.000   560     1160    78.6979065    96.3533062    767000.0000001  959200.0000001  767000.0000001  959200.0000001  
71      920     1160    0       0       79.2044981    94.1560089    0.000   0.397   46.658  0.602   3      0.000   0.000   920     1160    79.2044981    94.1560089    767000.0000001  887200.0000001  767000.0000001  887200.0000001  
72      528     1168    0       0       78.6430300    96.4808498    0.000   0.213   21.168  0.366   2      0.000   0.000   528     1168    78.6430300    96.4808498    768600.0000001  965600.0000001  768600.0000001  965600.0000001  
73      600     1168    0       0       78.7457652    96.0606809    0.000   0.193   19.504  0.352   2      0.000   0.000   600     1168    78.7457652    96.0606809    768600.0000001  951200.0000001  768600.0000001  951200.0000001  
74      752     1168    0       0       78.9606741    95.1479454    0.000   0.215   21.440  0.357   2      0.000   0.000   752     1168    78.9606741    95.1479454    768600.0000001  920800.0000001  768600.0000001  920800.0000001  
75      1288    1168    0       0       79.6947583    91.6291336    0.000   0.330   34.620  0.556   3      0.000   0.000   1288    1168    79.6947583    91.6291336    768600.0000001  813600.0000001  768600.0000001  813600.0000001  
76      1320    1168    0       0       79.7372946    91.4032078    0.000   0.394   41.689  0.680   3      0.000   0.000   1320    1168    79.7372946    91.4032078    768600.0000000  807200.0000001  768600.0000000  807200.0000001  
77      360     1176    0       0       78.3921716    97.3743659    0.000   0.209   22.406  0.454   3      0.000   0.000   360     1176    78.3921716    97.3743659    770200.0000001  999200.0000001  770200.0000001  999200.0000001  
78      456     1176    0       0       78.5306832    96.8355444    0.000   0.238   24.049  0.408   3      0.000   0.000   456     1176    78.5306832    96.8355444    770200.0000001  980000.0000001  770200.0000001  980000.0000001  
79      648     1176    0       0       78.8046652    95.7178838    0.000   0.168   16.096  0.333   2      0.000   0.000   648     1176    78.8046652    95.7178838    770200.0000001  941600.0000001  770200.0000001  941600.0000001  
80      712     1176    0       0       78.8950480    95.3330504    0.000   0.190   19.082  0.400   3      0.000   0.000   712     1176    78.8950480    95.3330504    770200.0000001  928800.0000001  770200.0000001  928800.0000001  
81      784     1176    0       0       78.9961388    94.8925326    0.000   0.184   17.713  0.390   2      0.000   0.000   784     1176    78.9961388    94.8925326    770200.0000001  914400.0000001  770200.0000001  914400.0000001  
82      1136    1176    0       0       79.4807535    92.6176967    0.000   0.284   29.374  0.527   3      0.000   0.000   1136    1176    79.4807535    92.6176967    770200.0000001  844000.0000001  770200.0000001  844000.0000001  
83      1240    1176    0       0       79.6206571    91.9050817    0.000   0.316   33.207  0.486   3      0.000   0.000   1240    1176    79.6206571    91.9050817    770200.0000001  823200.0000001  770200.0000001  823200.0000001  
84      1584    1176    -41     44      80.0715505    89.4062437    354.375  0.144   14.716  0.396   3      -2.050  2.200   1543    1220    79.9613549    89.3904934    770200.0000000  754400.0000000  779000.0000000  762600.0000000  
85      816     1184    0       0       79.0313868    94.6354634    0.000   0.231   23.393  0.391   2      0.000   0.000   816     1184    79.0313868    94.6354634    771800.0000001  908000.0000001  771800.0000001  908000.0000001  
86      872     1184    0       0       79.1092744    94.2842022    0.000   0.206   20.585  0.503   3      0.000   0.000   872     1184    79.1092744    94.2842022    771800.0000001  896800.0000001  771800.0000001  896800.0000001  
87      1056    1192    0       0       79.3525131    93.0348801    0.000   0.283   29.879  0.432   3      0.000   0.000   1056    1192    79.3525131    93.0348801    773400.0000001  860000.0000001  773400.0000001  860000.0000001  
88      1528    1192    -43     45      79.9786390    89.7096145    0.000   0.185   17.678  0.210   1      -2.150  2.250   1485    1237    79.8645941    89.6981748    773400.0000000  765600.0000000  782400.0000000  774200.0000000  
89      984     1200    0       0       79.2444248    93.4487213    0.000   0.239   23.489  0.496   3      0.000   0.000   984     1200    79.2444248    93.4487213    775000.0000001  874400.0000001  775000.0000001  874400.0000001  
90      1288    1200    0       0       79.6544141    91.3919061    0.000   0.322   34.376  0.619   3      0.000   0.000   1288    1200    79.6544141    91.3919061    775000.0000001  813600.0000001  775000.0000001  813600.0000001  
91      1320    1200    0       0       79.6967803    91.1658889    0.000   0.290   29.958  0.528   3      0.000   0.000   1320    1200    79.6967803    91.1658889    775000.0000001  807200.0000001  775000.0000001  807200.0000001  
92      1640    1200    -44     49      80.1113999    88.8000663    0.000   0.210   20.717  0.448   3      -2.200  2.450   1596    1249    79.9907547    88.7773189    775000.0000000  743200.0000000  784800.0000000  752000.0000000  
93      344     1208    0       0       78.3332588    97.2336015    0.000   0.223   21.590  0.416   3      0.000   0.000   344     1208    78.3332588    97.2336015    776600.0000000  1002400.0000000  776600.0000000  1002400.0000000  
94      376     1208    0       0       78.3794456    97.0557849    0.000   0.200   19.676  0.380   2      0.000   0.000   376     1208    78.3794456    97.0557849    776600.0000001  996000.0000001  776600.0000001  996000.0000001  
95      728     1208    0       0       78.8800257    95.0025653    0.000   0.185   17.858  0.305   2      0.000   0.000   728     1208    78.8800257    95.0025653    776600.0000001  925600.0000001  776600.0000001  925600.0000001  
96      1584    1208    -43     46      80.0295637    89.1692507    0.000   0.129   12.049  0.249   1      -2.150  2.300   1541    1254    79.9141818    89.1566055    776600.0000000  754400.0000000  785800.0000000  763000.0000000  
97      472     1216    0       0       78.5082402    96.4562620    0.000   0.215   21.470  0.456   3      0.000   0.000   472     1216    78.5082402    96.4562620    778200.0000001  976800.0000001  778200.0000001  976800.0000001  
98      504     1216    0       0       78.5539474    96.2725717    0.000   0.216   21.799  0.381   2      0.000   0.000   504     1216    78.5539474    96.2725717    778200.0000001  970400.0000001  778200.0000001  970400.0000001  
99      560     1216    0       0       78.6336588    95.9475427    0.000   0.206   20.623  0.381   2      0.000   0.000   560     1216    78.6336588    95.9475427    778200.0000001  959200.0000001  778200.0000001  959200.0000001  
100     600     1216    0       0       78.6903768    95.7125613    0.000   0.212   21.639  0.338   2      0.000   0.000   600     1216    78.6903768    95.7125613    778200.0000001  951200.0000001  778200.0000001  951200.0000001  
101     760     1216    0       0       78.9153623    94.7485564    0.000   0.188   18.960  0.329   2      0.000   0.000   760     1216    78.9153623    94.7485564    778200.0000001  919200.0000001  778200.0000001  919200.0000001  
102     648     1224    0       0       78.7488648    95.3696411    0.000   0.187   18.585  0.303   2      0.000   0.000   648     1224    78.7488648    95.3696411    779800.0000001  941600.0000001  779800.0000001  941600.0000001  
103     1056    1224    0       0       79.3132460    92.8000139    0.000   0.215   21.545  0.329   2      0.000   0.000   1056    1224    79.3132460    92.8000139    779800.0000001  860000.0000001  779800.0000001  860000.0000001  
104     1096    1232    0       0       79.3574915    92.4749393    0.000   0.352   37.440  0.436   3      0.000   0.000   1096    1232    79.3574915    92.4749393    781400.0000001  852000.0000001  781400.0000001  852000.0000001  
105     360     1240    0       0       78.3203775    96.9167957    0.000   0.267   27.883  0.532   3      0.000   0.000   360     1240    78.3203775    96.9167957    783000.0000000  999200.0000000  783000.0000000  999200.0000000  
106     392     1240    0       0       78.3663636    96.7379154    0.000   0.279   27.988  0.537   3      0.000   0.000   392     1240    78.3663636    96.7379154    783000.0000000  992800.0000000  783000.0000000  992800.0000000  
107     928     1240    0       0       79.1191372    93.5186115    0.000   0.267   27.570  0.559   3      0.000   0.000   928     1240    79.1191372    93.5186115    783000.0000001  885600.0000001  783000.0000001  885600.0000001  
108     1200    1240    0       0       79.4870127    91.7103433    0.000   0.359   37.612  0.384   2      0.000   0.000   1200    1240    79.4870127    91.7103433    783000.0000001  831200.0000001  783000.0000001  831200.0000001  
109     1536    1240    -44     45      79.9261755    89.2963380    0.000   0.252   26.021  0.481   3      -2.200  2.250   1492    1285    79.8108485    89.2970196    783000.0000000  764000.0000000  792000.0000000  772800.0000000  
110     696     1248    0       0       78.7881259    94.9078019    0.000   0.175   14.661  0.332   2      0.000   0.000   696     1248    78.7881259    94.9078019    784600.0000001  932000.0000001  784600.0000001  932000.0000001  
111     1584    1248    -46     48      79.9768473    88.8758216    0.000   0.191   18.054  0.387   2      -2.300  2.400   1538    1296    79.8550129    88.8746788    784600.0000000  754400.0000000  794200.0000000  763600.0000000  
112     488     1256    0       0       78.4852998    96.0784841    0.000   0.184   17.770  0.331   2      0.000   0.000   488     1256    78.4852998    96.0784841    786200.0000001  973600.0000001  786200.0000001  973600.0000001  
113     584     1256    0       0       78.6213395    95.5195449    0.000   0.191   19.222  0.346   2      0.000   0.000   584     1256    78.6213395    95.5195449    786200.0000001  954400.0000001  786200.0000001  954400.0000001  
114     624     1256    0       0       78.6777088    95.2826734    0.000   0.173   17.006  0.277   1      0.000   0.000   624     1256    78.6777088    95.2826734    786200.0000001  946400.0000001  786200.0000001  946400.0000001  
115     656     1256    0       0       78.7226683    95.0914630    0.000   0.212   22.187  0.432   3      0.000   0.000   656     1256    78.7226683    95.0914630    786200.0000001  940000.0000001  786200.0000001  940000.0000001  
116     1648    1256    -46     49      80.0471258    88.3278791    0.000   0.128   13.731  0.306   1      -2.300  2.450   1602    1305    79.9239493    88.3262009    786200.0000000  741600.0000000  796000.0000000  750800.0000000  
117     752     1264    0       0       78.8472963    94.4510143    0.000   0.132   12.699  0.373   2      0.000   0.000   752     1264    78.8472963    94.4510143    787800.0000001  920800.0000001  787800.0000001  920800.0000001  
118     360     1272    0       0       78.2842088    96.6901346    0.000   0.217   23.766  0.447   3      0.000   0.000   360     1272    78.2842088    96.6901346    789400.0000000  999200.0000000  789400.0000000  999200.0000000  
119     528     1272    0       0       78.5236155    95.7332190    0.000   0.276   28.407  0.498   3      0.000   0.000   528     1272    78.5236155    95.7332190    789400.0000001  965600.0000001  789400.0000001  965600.0000001  
120     1536    1272    -45     45      79.8841206    89.0632270    0.000   0.209   21.280  0.472   3      -2.250  2.250   1491    1317    79.7675279    89.0739557    789400.0000000  764000.0000000  798400.0000001  773000.0000000  
121     320     1280    0       0       78.2177307    96.8558398    0.000   0.297   31.098  0.416   3      0.000   0.000   320     1280    78.2177307    96.8558398    791000.0000000  1007200.0000000  791000.0000000  1007200.0000000  
122     1584    1280    -46     48      79.9344905    88.6433069    0.000   0.234   23.840  0.428   3      -2.300  2.400   1538    1328    79.8126640    88.6449632    791000.0000000  754400.0000000  800600.0000000  763600.0000000  
123     984     1288    0       0       79.1369049    92.8092612    0.000   0.222   22.473  0.484   3      0.000   0.000   984     1288    79.1369049    92.8092612    792600.0000001  874400.0000001  792600.0000001  874400.0000001  
124     424     1296    0       0       78.3483140    96.1607191    0.000   0.292   30.451  0.520   3      0.000   0.000   424     1296    78.3483140    96.1607191    794200.0000000  986400.0000000  794200.0000000  986400.0000000  
125     496     1296    0       0       78.4505422    95.7484910    0.000   0.309   32.338  0.505   3      0.000   0.000   496     1296    78.4505422    95.7484910    794200.0000001  972000.0000001  794200.0000001  972000.0000001  
126     576     1296    0       0       78.5634399    95.2817862    0.000   0.254   25.923  0.482   3      0.000   0.000   576     1296    78.5634399    95.2817862    794200.0000001  956000.0000001  794200.0000001  956000.0000001  
127     728     1296    0       -1      78.7758655    94.3691515    0.000   0.148   14.519  0.383   2      0.000   -0.050  728     1295    78.7770567    94.3762828    794200.0000001  925600.0000001  794000.0000001  925600.0000001  
128     760     1296    0       -1      78.8202272    94.1725848    0.000   0.143   14.138  0.354   2      0.000   -0.050  760     1295    78.8214232    94.1797234    794200.0000001  919200.0000001  794000.0000001  919200.0000001  
129     792     1296    -1      -1      78.8644603    93.9744445    0.000   0.119   11.918  0.376   2      -0.050  -0.050  791     1295    78.8642807    93.9878059    794200.0000001  912800.0000001  794000.0000001  913000.0000001  
130     456     1304    0       0       78.3846066    95.9219922    0.000   0.223   23.325  0.454   3      0.000   0.000   456     1304    78.3846066    95.9219922    795800.0000001  980000.0000001  795800.0000001  980000.0000001  
131     528     1304    0       0       78.4864922    95.5063321    0.000   0.325   34.062  0.571   3      0.000   0.000   528     1304    78.4864922    95.5063321    795800.0000001  965600.0000001  795800.0000001  965600.0000001  
132     824     1304    0       -1      78.8989113    93.7175527    0.000   0.179   16.735  0.348   2      0.000   -0.050  824     1303    78.9001183    93.7246927    795800.0000001  906400.0000001  795600.0000001  906400.0000001  
133     856     1304    -1      -1      78.9428429    93.5161714    0.000   0.163   16.142  0.356   2      -0.050  -0.050  855     1303    78.9426839    93.5296351    795800.0000001  900000.0000001  795600.0000001  900200.0000001  
134     1512    1304    -46     44      79.8113981    89.0113559    0.000   0.169   16.571  0.340   2      -2.300  2.200   1466    1348    79.6948637    89.0370755    795800.0000000  768800.0000000  804600.0000001  778000.0000001  
135     392     1312    0       0       78.2844040    96.2291644    0.000   0.261   27.089  0.480   3      0.000   0.000   392     1312    78.2844040    96.2291644    797400.0000000  992800.0000000  797400.0000000  992800.0000000  
136     624     1312    0       0       78.6119890    94.8838086    0.000   0.192   18.869  0.410   3      0.000   0.000   624     1312    78.6119890    94.8838086    797400.0000001  946400.0000001  797400.0000001  946400.0000001  
137     1576    1312    -47     47      79.8818923    88.4733591    0.000   0.183   17.612  0.402   3      -2.350  2.350   1529    1359    79.7601452    88.4916059    797400.0000000  756000.0000000  806800.0000001  765400.0000000  
138     1616    1312    -48     50      79.9321838    88.1691161    0.000   0.137   13.168  0.333   2      -2.400  2.500   1568    1362    79.8051844    88.1774011    797400.0000000  748000.0000000  807400.0000001  757600.0000000  
139     1648    1312    -48     51      79.9722145    87.9235188    0.000   0.169   17.042  0.240   1      -2.400  2.550   1600    1363    79.8438733    87.9278465    797400.0000000  741600.0000000  807600.0000000  751200.0000000  
140     304     1320    0       0       78.1495200    96.6639011    0.000   0.313   33.901  0.594   3      0.000   0.000   304     1320    78.1495200    96.6639011    799000.0000000  1010400.0000000  799000.0000000  1010400.0000000  
141     360     1320    0       0       78.2296213    96.3527812    0.000   0.282   29.709  0.473   3      0.000   0.000   360     1320    78.2296213    96.3527812    799000.0000000  999200.0000000  799000.0000000  999200.0000000  
142     1176    1320    -87     21      79.3542965    91.2963805    11.250  0.118   11.436  0.425   3      -4.350  1.050   1089    1341    79.2122704    91.7357046    799000.0000001  836000.0000001  803200.0000001  853400.0000001  
143     496     1328    0       0       78.4134361    95.5229949    0.000   0.267   27.227  0.481   3      0.000   0.000   496     1328    78.4134361    95.5229949    800600.0000001  972000.0000001  800600.0000001  972000.0000001  
144     464     1336    0       0       78.3589545    95.6513289    0.000   0.248   25.656  0.466   3      0.000   0.000   464     1336    78.3589545    95.6513289    802200.0000000  978400.0000000  802200.0000000  978400.0000000  
145     728     1336    -1      -1      78.7280814    94.0851455    0.000   0.224   22.508  0.429   3      -0.050  -0.050  727     1335    78.7278968    94.0983424    802200.0000001  925600.0000001  802000.0000001  925800.0000001  
146     1392    1336    -49     49      79.6158226    89.6623360    0.000   0.108   10.507  0.289   1      -2.450  2.450   1343    1385    79.4889040    89.6664349    802200.0000001  792800.0000001  812000.0000001  802600.0000001  
147     432     1344    0       0       78.3044205    95.7784588    0.000   0.297   31.412  0.465   3      0.000   0.000   432     1344    78.3044205    95.7784588    803800.0000000  984800.0000000  803800.0000000  984800.0000000  
148     528     1344    0       0       78.4398409    95.2247917    0.000   0.246   25.007  0.446   3      0.000   0.000   528     1344    78.4398409    95.2247917    803800.0000001  965600.0000001  803800.0000001  965600.0000001  
149     608     1344    -1      -1      78.5518777    94.7533652    0.000   0.109   10.831  0.336   2      -0.050  -0.050  607     1343    78.5516631    94.7663460    803800.0000001  949600.0000001  803600.0000001  949800.0000001  
150     648     1344    -1      -1      78.6076109    94.5141602    0.000   0.161   14.397  0.324   2      -0.050  -0.050  647     1343    78.6074071    94.5272093    803800.0000001  941600.0000001  803600.0000001  941800.0000001  
151     1104    1344    -62     27      79.2284780    91.6136364    5.625   0.145   13.971  0.388   2      -3.100  1.350   1042    1371    79.1119703    91.8361258    803800.0000001  850400.0000001  809200.0000001  862800.0000001  
152     1576    1344    -48     47      79.8392591    88.2447228    0.000   0.168   15.925  0.322   2      -2.400  2.350   1528    1391    79.7162778    88.2730851    803800.0000000  756000.0000000  813200.0000001  765600.0000001  
153     392     1352    0       0       78.2384838    95.9496211    0.000   0.194   18.969  0.335   2      0.000   0.000   392     1352    78.2384838    95.9496211    805400.0000000  992800.0000000  805400.0000000  992800.0000000  
154     576     1352    0       -1      78.4977342    94.8869138    0.000   0.119   12.384  0.330   1      0.000   -0.050  576     1351    78.4989122    94.8939252    805400.0000001  956000.0000001  805200.0000001  956000.0000001  
155     1056    1368    -59     33      79.1344088    91.7643966    5.625   0.140   14.563  0.383   2      -2.950  1.650   997     1401    79.0143273    91.9215917    808600.0000001  860000.0000001  815200.0000001  871800.0000001  
156     288     1376    0       0       78.0629560    96.3636374    0.000   0.295   30.816  0.477   3      0.000   0.000   288     1376    78.0629560    96.3636374    810200.0000000  1013600.0000000  810200.0000000  1013600.0000000  
157     1112    1376    -59     26      79.1987531    91.3328620    5.625   0.171   16.886  0.425   3      -2.950  1.300   1053    1402    79.0877011    91.5448339    810200.0000001  848800.0000001  815400.0000001  860600.0000001  
158     1336    1376    -50     46      79.4915941    89.7799330    0.000   0.165   16.145  0.424   3      -2.500  2.300   1286    1422    79.3673064    89.8105816    810200.0000001  804000.0000001  819400.0000001  814000.0000001  
159     1528    1376    -49     45      79.7362689    88.3787855    0.000   0.170   14.558  0.419   3      -2.450  2.250   1479    1421    79.6146975    88.4266121    810200.0000001  765600.0000000  819200.0000001  775400.0000001  
160     584     1384    -1      -1      78.4710953    94.6159517    0.000   0.327   32.834  0.495   3      -0.050  -0.050  583     1383    78.4708869    94.6288435    811800.0000001  954400.0000001  811600.0000001  954600.0000001  
161     640     1384    -1      -1      78.5488985    94.2818487    0.000   0.349   36.895  0.590   3      -0.050  -0.050  639     1383    78.5487051    94.2948346    811800.0000001  943200.0000001  811600.0000001  943400.0000001  
162     728     1384    -1      -2      78.6703855    93.7475303    0.000   0.229   22.630  0.409   3      -0.050  -0.100  727     1382    78.6714217    93.7676645    811800.0000001  925600.0000001  811400.0000001  925800.0000001  
163     824     1384    -1      -3      78.8018023    93.1513874    0.000   0.116   11.519  0.342   2      -0.050  -0.150  823     1381    78.8040998    93.1787217    811800.0000001  906400.0000001  811200.0000001  906600.0000001  
164     1200    1384    -59     16      79.3044783    90.6764982    5.625   0.144   14.309  0.324   2      -2.950  0.800   1141    1400    79.2066010    90.9675086    811800.0000001  831200.0000001  815000.0000001  843000.0000001  
165     1448    1384    -51     51      79.6245107    88.9141927    354.375  0.104   8.474   0.194   1      -2.550  2.550   1397    1435    79.4924316    88.9279151    811800.0000001  781600.0000001  822000.0000001  791800.0000001  
166     328     1392    0       0       78.1015936    96.0316322    0.000   0.280   29.757  0.501   3      0.000   0.000   328     1392    78.1015936    96.0316322    813400.0000000  1005600.0000000  813400.0000000  1005600.0000000  
167     552     1392    -1      0       78.4170232    94.7492094    0.000   0.150   14.098  0.425   3      -0.050  0.000   551     1392    78.4156278    94.7550902    813400.0000001  960800.0000001  813400.0000001  961000.0000001  
168     768     1392    -2      -3      78.7155848    93.4448438    0.000   0.174   16.636  0.346   2      -0.100  -0.150  766     1389    78.7164853    93.4782238    813400.0000001  917600.0000001  812800.0000001  918000.0000001  
169     440     1400    0       0       78.2506913    95.3437829    0.000   0.247   25.291  0.507   3      0.000   0.000   440     1400    78.2506913    95.3437829    815000.0000000  983200.0000000  815000.0000000  983200.0000000  
170     520     1400    0       0       78.3628943    94.8812199    0.000   0.254   25.684  0.437   3      0.000   0.000   520     1400    78.3628943    94.8812199    815000.0000000  967200.0000000  815000.0000000  967200.0000000  
171     1560    1400    -49     45      79.7443163    87.9699108    0.000   0.225   22.237  0.490   3      -2.450  2.250   1511    1445    79.6228073    88.0225884    815000.0000001  759200.0000000  824000.0000001  769000.0000001  
172     288     1408    0       0       78.0263642    96.1435786    0.000   0.291   30.710  0.485   3      0.000   0.000   288     1408    78.0263642    96.1435786    816600.0000000  1013600.0000000  816600.0000000  1013600.0000000  
173     480     1408    0       0       78.2975023    95.0583155    0.000   0.248   24.860  0.337   2      0.000   0.000   480     1408    78.2975023    95.0583155    816600.0000000  975200.0000000  816600.0000000  975200.0000000  
174     960     1408    -43     32      78.9560617    92.1140983    5.625   0.094   10.563  0.238   1      -2.150  1.600   917     1440    78.8585633    92.1691562    816600.0000001  879200.0000001  823000.0000001  887800.0000001  
175     1104    1408    -55     27      79.1476677    91.1615669    5.625   0.167   18.806  0.404   3      -2.750  1.350   1049    1435    79.0407788    91.3407637    816600.0000001  850400.0000001  822000.0000001  861400.0000001  
176     1136    1408    -55     23      79.1898410    90.9452980    5.625   0.239   26.456  0.548   3      -2.750  1.150   1081    1431    79.0881453    91.1551933    816600.0000001  844000.0000001  821200.0000001  855000.0000001  
177     1232    1408    -59     14      79.3154441    90.2862322    0.000   0.114   9.270   0.260   1      -2.950  0.700   1173    1422    79.2204972    90.5950797    816600.0000001  824800.0000001  819400.0000001  836600.0000001  
178     1368    1408    -51     47      79.4909472    89.3256291    0.000   0.221   21.536  0.389   2      -2.550  2.350   1317    1455    79.3641184    89.3617701    816600.0000001  797600.0000001  826000.0000001  807800.0000001  
179     1400    1408    -52     48      79.5318130    89.0949174    0.000   0.134   12.893  0.291   1      -2.600  2.400   1348    1456    79.4024145    89.1341879    816600.0000001  791200.0000001  826200.0000001  801600.0000001  
180     1528    1408    -49     44      79.6935799    88.1537901    0.000   0.223   21.434  0.384   2      -2.450  2.200   1479    1452    79.5733858    88.2109833    816600.0000001  765600.0000001  825400.0000001  775400.0000001  
181     808     1416    -1      -3      78.7409199    93.0281037    0.000   0.108   9.638   0.231   1      -0.050  -0.150  807     1413    78.7432286    93.0552639    818200.0000001  909600.0000001  817600.0000001  909800.0000001  
182     608     1424    -1      -1      78.4568271    94.1955999    0.000   0.362   39.795  0.550   3      -0.050  -0.050  607     1423    78.4566376    94.2084830    819800.0000001  949600.0000001  819600.0000001  949800.0000001  
183     392     1432    0       0       78.1458300    95.3971079    0.000   0.232   23.622  0.496   3      0.000   0.000   392     1432    78.1458300    95.3971079    821400.0000000  992800.0000000  821400.0000000  992800.0000000  
184     536     1432    -1      -1      78.3473926    94.5665234    0.000   0.171   19.312  0.388   2      -0.050  -0.050  535     1431    78.3471865    94.5792783    821400.0000000  964000.0000000  821200.0000000  964200.0000000  
185     576     1432    -1      -1      78.4029532    94.3306628    0.000   0.234   23.157  0.448   3      -0.050  -0.050  575     1431    78.4027577    94.3434834    821400.0000001  956000.0000001  821200.0000001  956200.0000001  
186     720     1432    -2      -3      78.6013613    93.4624913    0.000   0.226   22.879  0.521   3      -0.100  -0.150  718     1429    78.6022596    93.4955361    821400.0000001  927200.0000001  820800.0000001  927600.0000001  
187     888     1432    -18     2       78.8295056    92.4106787    0.000   0.105   9.900   0.194   1      -0.900  0.100   870     1434    78.8027688    92.5115384    821400.0000001  893600.0000001  821800.0000001  897200.0000001  
188     360     1440    0       0       78.0914309    95.5231186    0.000   0.316   33.701  0.649   3      0.000   0.000   360     1440    78.0914309    95.5231186    823000.0000000  999200.0000000  823000.0000000  999200.0000000  
189     952     1440    -39     33      78.9054396    91.9429666    5.625   0.183   17.637  0.431   3      -1.950  1.650   913     1473    78.8120835    91.9666647    823000.0000001  880800.0000001  829600.0000001  888600.0000001  
190     1176    1440    -52     18      79.2013294    90.4489632    5.625   0.108   10.297  0.253   1      -2.600  0.900   1124    1458    79.1102992    90.6780654    823000.0000001  836000.0000001  826600.0000001  846400.0000001  
191     328     1448    0       0       78.0369804    95.6479748    0.000   0.304   32.027  0.561   3      0.000   0.000   328     1448    78.0369804    95.6479748    824600.0000000  1005600.0000000  824600.0000000  1005600.0000000  
192     1144    1448    -50     22      79.1492700    90.6117733    5.625   0.147   14.577  0.382   2      -2.500  1.100   1094    1470    79.0556491    90.7973324    824600.0000001  842400.0000001  829000.0000001  852400.0000001  
193     256     1456    0       0       77.9257881    95.9925274    0.000   0.210   20.908  0.440   3      0.000   0.000   256     1456    77.9257881    95.9925274    826200.0000000  1020000.0000000  826200.0000000  1020000.0000000  
194     464     1456    0       0       78.2186577    94.8209180    0.000   0.218   21.764  0.383   2      0.000   0.000   464     1456    78.2186577    94.8209180    826200.0000000  978400.0000000  826200.0000000  978400.0000000  
195     720     1464    -2      -4      78.5624724    93.2416651    0.000   0.238   24.528  0.524   3      -0.100  -0.200  718     1460    78.5646129    93.2814612    827800.0000001  927200.0000001  827000.0000001  927600.0000001  
196     1112    1464    -48     25      79.0869109    90.7176121    5.625   0.183   17.179  0.373   2      -2.400  1.250   1064    1489    78.9920413    90.8672303    827800.0000001  848800.0000001  832800.0000001  858400.0000001  
197     568     1472    -1      0       78.3441161    94.1033891    0.000   0.157   18.884  0.442   3      -0.050  0.000   567     1472    78.3427342    94.1093104    829400.0000000  957600.0000000  829400.0000000  957800.0000000  
198     1032    1472    -47     35      78.9714931    91.1970107    5.625   0.172   16.927  0.228   1      -2.350  1.750   985     1507    78.8650912    91.2658880    829400.0000001  864800.0000001  836400.0000001  874200.0000001  
199     304     1480    0       0       77.9659948    95.5645298    0.000   0.285   30.165  0.515   3      0.000   0.000   304     1480    77.9659948    95.5645298    831000.0000000  1010400.0000000  831000.0000000  1010400.0000000  
200     632     1480    -1      -2      78.4226454    93.6667170    0.000   0.289   29.890  0.618   3      -0.050  -0.100  631     1478    78.4236868    93.6864103    831000.0000001  944800.0000001  830600.0000001  945000.0000001  
201     960     1480    -38     38      78.8659871    91.6143876    0.000   0.088   7.292   0.225   1      -1.900  1.900   922     1518    78.7677122    91.6001730    831000.0000001  879200.0000001  838600.0000001  886800.0000001  
202     1232    1480    -51     48      79.2222946    89.7854619    0.000   0.103   9.748   0.201   1      -2.550  2.400   1181    1528    79.0941722    89.8085133    831000.0000001  824800.0000001  840600.0000001  835000.0000001  
203     336     1488    0       0       78.0017631    95.3316640    0.000   0.242   24.305  0.411   3      0.000   0.000   336     1488    78.0017631    95.3316640    832600.0000000  1004000.0000000  832600.0000000  1004000.0000000  
204     368     1488    0       0       78.0467063    95.1515217    0.000   0.192   19.086  0.326   2      0.000   0.000   368     1488    78.0467063    95.1515217    832600.0000000  997600.0000000  832600.0000000  997600.0000000  
205     472     1488    0       0       78.1919724    94.5565526    0.000   0.272   28.138  0.516   3      0.000   0.000   472     1488    78.1919724    94.5565526    832600.0000000  976800.0000000  832600.0000000  976800.0000000  
206     672     1488    -2      -3      78.4677454    93.3702571    0.000   0.290   30.659  0.563   3      -0.100  -0.150  670     1485    78.4686541    93.4029093    832600.0000001  936800.0000001  832000.0000001  937200.0000001  
207     832     1488    -16     3       78.6847633    92.3796342    0.000   0.177   17.487  0.351   2      -0.800  0.150   816     1491    78.6595029    92.4598500    832600.0000001  904800.0000001  833200.0000001  908000.0000001  
208     792     1496    -16     3       78.6209562    92.5760809    0.000   0.202   19.717  0.418   3      -0.800  0.150   776     1499    78.5956447    92.6554066    834200.0000001  912800.0000001  834800.0000001  916000.0000001  
209     1080    1496    -44     29      79.0040962    90.7121756    5.625   0.111   9.399   0.218   1      -2.200  1.450   1036    1525    78.9093929    90.8069295    834200.0000001  855200.0000001  840000.0000001  864000.0000001  
210     1200    1496    -51     49      79.1602220    89.8967893    0.000   0.233   23.503  0.374   2      -2.550  2.450   1149    1545    79.0308081    89.9116121    834200.0000001  831200.0000001  844000.0000001  841400.0000001  
211     248     1504    0       0       77.8591056    95.7124256    0.000   0.293   30.897  0.573   3      0.000   0.000   248     1504    77.8591056    95.7124256    835800.0000000  1021600.0000000  835800.0000000  1021600.0000000  
212     992     1504    -39     37      78.8781384    91.2405552    5.625   0.185   18.410  0.469   3      -1.950  1.850   953     1541    78.7797899    91.2429087    835800.0000001  872800.0000001  843200.0000001  880600.0000001  
213     1032    1504    -43     35      78.9308817    90.9769591    5.625   0.142   13.066  0.287   1      -2.150  1.750   989     1539    78.8298053    91.0214807    835800.0000001  864800.0000001  842800.0000001  873400.0000001  
214     1368    1504    -51     45      79.3644728    88.6602792    0.000   0.253   25.297  0.470   3      -2.550  2.250   1317    1549    79.2404007    88.7174212    835800.0000001  797600.0000001  844800.0000001  807800.0000001  
215     1160    1512    -51     49      79.0877556    90.0615128    0.000   0.166   16.677  0.387   2      -2.550  2.450   1109    1561    78.9583494    90.0742960    837400.0000001  839200.0000001  847200.0000001  849400.0000001  
216     1416    1512    -51     45      79.4142968    88.2591728    0.000   0.167   15.162  0.260   1      -2.550  2.250   1365    1557    79.2902918    88.3212536    837400.0000001  788000.0000001  846400.0000001  798200.0000001  
217     392     1520    0       0       78.0426845    94.7993619    0.000   0.277   28.335  0.468   3      0.000   0.000   392     1520    78.0426845    94.7993619    839000.0000000  992800.0000000  839000.0000000  992800.0000000  
218     432     1520    0       0       78.0984114    94.5706748    0.000   0.262   26.772  0.449   3      0.000   0.000   432     1520    78.0984114    94.5706748    839000.0000000  984800.0000000  839000.0000000  984800.0000000  
219     488     1520    0       0       78.1761183    94.2468737    0.000   0.257   27.100  0.439   3      0.000   0.000   488     1520    78.1761183    94.2468737    839000.0000000  973600.0000000  839000.0000000  973600.0000000  
220     528     1520    0       0       78.2313973    94.0129563    0.000   0.291   29.637  0.504   3      0.000   0.000   528     1520    78.2313973    94.0129563    839000.0000000  965600.0000000  839000.0000000  965600.0000000  
221     592     1520    -1      -1      78.3194445    93.6340629    0.000   0.275   27.055  0.523   3      -0.050  -0.050  591     1519    78.3192803    93.6468020    839000.0000000  952800.0000000  838800.0000000  953000.0000000  
222     696     1520    -2      -4      78.4614451    93.0059953    0.000   0.256   26.758  0.505   3      -0.100  -0.200  694     1516    78.4636177    93.0453963    839000.0000001  932000.0000001  838200.0000001  932400.0000001  
223     560     1528    0       -1      78.2658510    93.7701240    0.000   0.162   16.162  0.343   2      0.000   -0.050  560     1527    78.2670555    93.7768819    840600.0000000  959200.0000000  840400.0000000  959200.0000000  
224     624     1528    -1      -1      78.3535741    93.3882627    0.000   0.179   13.621  0.302   2      -0.050  -0.050  623     1527    78.3534210    93.4010428    840600.0000000  946400.0000000  840400.0000000  946600.0000000  
225     1272    1528    -51     48      79.2109084    89.1772983    0.000   0.207   20.891  0.458   3      -2.550  2.400   1221    1576    79.0828412    89.2075022    840600.0000001  816800.0000001  850200.0000001  827000.0000001  
226     232     1536    0       0       77.7994529    95.5859884    0.000   0.198   20.515  0.420   3      0.000   0.000   232     1536    77.7994529    95.5859884    842200.0000000  1024800.0000000  842200.0000000  1024800.0000000  
227     280     1536    0       0       77.8670520    95.3212311    0.000   0.266   27.518  0.472   3      0.000   0.000   280     1536    77.8670520    95.3212311    842200.0000000  1015200.0000000  842200.0000000  1015200.0000000  
228     656     1536    -2      -4      78.3874915    93.1410126    0.000   0.331   34.964  0.607   3      -0.100  -0.200  654     1532    78.3896453    93.1801863    842200.0000001  940000.0000001  841400.0000001  940400.0000001  
229     1112    1536    -51     50      78.9945055    90.2236252    0.000   0.185   19.161  0.343   2      -2.550  2.500   1061    1586    78.8638239    90.2276819    842200.0000001  848800.0000001  852200.0000001  859000.0000001  
230     1496    1536    -49     41      79.4817921    87.5098309    0.000   0.229   22.550  0.335   2      -2.450  2.050   1447    1577    79.3658042    87.5933228    842200.0000001  772000.0000001  850400.0000001  781800.0000001  
231     816     1544    -17     2       78.5937435    92.0988375    0.000   0.230   22.983  0.436   3      -0.850  0.100   799     1546    78.5684658    92.1920697    843800.0000001  908000.0000001  844200.0000001  911400.0000001  
232     864     1544    -21     5       78.6578899    91.7950442    0.000   0.114   11.098  0.269   1      -1.050  0.250   843     1549    78.6236174    91.8945227    843800.0000001  898400.0000001  844800.0000001  902600.0000001  
233     1392    1544    -51     45      79.3415059    88.2151170    0.000   0.289   30.537  0.517   3      -2.550  2.250   1341    1589    79.2175239    88.2772859    843800.0000001  792800.0000001  852800.0000001  803000.0000001  
234     1440    1544    -52     48      79.4014932    87.8669207    0.000   0.133   13.771  0.301   1      -2.600  2.400   1388    1592    79.2723032    87.9205931    843800.0000001  783200.0000001  853400.0000001  793600.0000001  
235     352     1552    0       0       77.9491366    94.8114100    0.000   0.283   29.046  0.493   3      0.000   0.000   352     1552    77.9491366    94.8114100    845400.0000000  1000800.0000000  845400.0000000  1000800.0000000  
236     392     1552    0       0       78.0048651    94.5845752    0.000   0.289   31.337  0.535   3      0.000   0.000   392     1552    78.0048651    94.5845752    845400.0000000  992800.0000000  845400.0000000  992800.0000000  
237     464     1552    0       0       78.1047133    94.1708922    0.000   0.264   27.249  0.449   3      0.000   0.000   464     1552    78.1047133    94.1708922    845400.0000000  978400.0000000  845400.0000000  978400.0000000  
238     912     1552    -31     37      78.7116427    91.4335820    0.000   0.186   18.950  0.324   2      -1.550  1.850   881     1589    78.6239169    91.3831172    845400.0000001  888800.0000001  852800.0000001  895000.0000001  
239     568     1560    0       0       78.2381773    93.5071466    0.000   0.144   14.331  0.245   1      0.000   0.000   568     1560    78.2381773    93.5071466    847000.0000000  957600.0000000  847000.0000000  957600.0000000  
240     784     1560    -16     3       78.5309460    92.1913548    0.000   0.185   18.710  0.412   3      -0.800  0.150   768     1563    78.5057441    92.2709065    847000.0000001  914400.0000001  847600.0000001  917600.0000001  
241     1176    1560    -50     49      79.0461173    89.6255231    0.000   0.227   22.058  0.374   2      -2.500  2.450   1126    1609    78.9180275    89.6366067    847000.0000001  836000.0000001  856800.0000001  846000.0000001  
242     1280    1560    -50     47      79.1789804    88.9039926    0.000   0.179   18.280  0.396   2      -2.500  2.350   1230    1607    79.0535359    88.9370699    847000.0000001  815200.0000001  856400.0000001  825200.0000001  
243     1344    1560    -51     46      79.2598911    88.4510918    0.000   0.197   19.531  0.400   2      -2.550  2.300   1293    1606    79.1345513    88.5033990    847000.0000001  802400.0000001  856200.0000001  812600.0000001  
244     216     1568    0       0       77.7397481    95.4607910    0.000   0.285   29.660  0.486   3      0.000   0.000   216     1568    77.7397481    95.4607910    848600.0000000  1028000.0000000  848600.0000000  1028000.0000000  
245     272     1568    0       0       77.8184388    95.1523314    0.000   0.238   23.813  0.379   2      0.000   0.000   272     1568    77.8184388    95.1523314    848600.0000000  1016800.0000000  848600.0000000  1016800.0000000  
246     424     1568    0       0       78.0302725    94.2945869    0.000   0.282   29.995  0.510   3      0.000   0.000   424     1568    78.0302725    94.2945869    848600.0000000  986400.0000000  848600.0000000  986400.0000000  
247     728     1576    -14     3       78.4358485    92.4313033    0.000   0.201   19.896  0.399   2      -0.700  0.150   714     1579    78.4132806    92.4973788    850200.0000001  925600.0000001  850800.0000001  928400.0000001  
248     816     1576    -16     2       78.5538274    91.8828938    0.000   0.226   22.652  0.440   3      -0.800  0.100   800     1578    78.5299579    91.9700056    850200.0000001  908000.0000001  850600.0000001  911200.0000001  
249     1384    1576    -51     45      79.2887372    88.0567442    0.000   0.212   21.546  0.445   3      -2.550  2.250   1333    1621    79.1647978    88.1204308    850200.0000001  794400.0000001  859200.0000001  804600.0000001  
250     1464    1576    -52     48      79.3881971    87.4756387    0.000   0.148   13.315  0.226   1      -2.600  2.400   1412    1624    79.2590802    87.5339754    850200.0000001  778400.0000001  859800.0000001  788800.0000001  
251     1496    1576    -49     40      79.4276775    87.2401281    0.000   0.170   16.587  0.287   1      -2.450  2.000   1447    1616    79.3131259    87.3327835    850200.0000001  772000.0000001  858200.0000001  781800.0000001  
252     360     1584    0       0       77.9224577    94.5530058    0.000   0.323   33.291  0.539   3      0.000   0.000   360     1584    77.9224577    94.5530058    851800.0000000  999200.0000000  851800.0000000  999200.0000000  
253     464     1584    0       0       78.0664034    93.9570044    0.000   0.239   24.245  0.451   3      0.000   0.000   464     1584    78.0664034    93.9570044    851800.0000000  978400.0000000  851800.0000000  978400.0000000  
254     1056    1584    -50     51      78.8599032    90.2744607    0.000   0.210   21.466  0.383   2      -2.500  2.550   1006    1635    78.7292619    90.2646438    851800.0000001  860000.0000001  862000.0000001  870000.0000001  
255     1424    1584    -51     47      79.3278439    87.7138596    0.000   0.187   18.082  0.399   2      -2.550  2.350   1373    1631    79.2012825    87.7684669    851800.0000001  786400.0000001  861200.0000001  796600.0000001  
256     392     1592    0       0       77.9573606    94.3180071    0.000   0.281   30.361  0.501   3      0.000   0.000   392     1592    77.9573606    94.3180071    853400.0000000  992800.0000000  853400.0000000  992800.0000000  
257     600     1592    -1      -1      78.2429451    93.1021007    0.000   0.220   23.412  0.410   3      -0.050  -0.050  599     1591    78.2428050    93.1147633    853400.0000000  951200.0000000  853200.0000000  951400.0000000  
258     1128    1592    -50     50      78.9427162    89.7369606    0.000   0.296   30.331  0.552   3      -2.500  2.500   1078    1642    78.8133446    89.7400209    853400.0000001  845600.0000001  863400.0000001  855600.0000001  
259     1328    1592    -50     47      79.1972032    88.3496198    0.000   0.238   24.948  0.492   3      -2.500  2.350   1278    1639    79.0718209    88.3891514    853400.0000001  805600.0000001  862800.0000001  815600.0000001  
260     216     1600    0       0       77.7024673    95.2492941    0.000   0.279   29.888  0.502   3      0.000   0.000   216     1600    77.7024673    95.2492941    855000.0000000  1028000.0000000  855000.0000000  1028000.0000000  
261     776     1600    -15     2       78.4704299    91.9727055    0.000   0.222   22.505  0.433   3      -0.750  0.100   761     1602    78.4478751    92.0527797    855000.0000001  916000.0000001  855400.0000001  919000.0000001  
262     1264    1600    -50     48      79.1058792    88.7470472    0.000   0.266   26.975  0.470   3      -2.500  2.400   1214    1648    78.9791456    88.7750790    855000.0000001  818400.0000001  864600.0000001  828400.0000001  
263     296     1608    0       0       77.8049899    94.7539988    0.000   0.194   18.937  0.345   2      0.000   0.000   296     1608    77.8049899    94.7539988    856600.0000000  1012000.0000000  856600.0000000  1012000.0000000  
264     544     1608    0       0       78.1471506    93.3287913    0.000   0.231   22.969  0.455   3      0.000   0.000   544     1608    78.1471506    93.3287913    856600.0000000  962400.0000000  856600.0000000  962400.0000000  
265     728     1608    -14     3       78.3961926    92.2171671    0.000   0.255   25.278  0.513   3      -0.700  0.150   714     1611    78.3736759    92.2834338    856600.0000001  925600.0000001  857200.0000001  928400.0000001  
266     912     1608    -32     36      78.6408086    91.0569009    0.000   0.134   11.955  0.284   1      -1.600  1.800   880     1644    78.5529842    91.0226813    856600.0000001  888800.0000001  863800.0000001  895200.0000001  
267     1008    1608    -50     51      78.7665750    90.4314860    0.000   0.199   19.126  0.313   2      -2.500  2.550   958     1659    78.6359596    90.4199341    856600.0000001  869600.0000001  866800.0000001  879600.0000001  
268     1392    1608    -50     45      79.2558097    87.7848616    0.000   0.148   12.649  0.264   1      -2.500  2.250   1342    1653    79.1331791    87.8443556    856600.0000001  792800.0000001  865600.0000001  802800.0000001  
269     264     1616    0       0       77.7509183    94.8793477    0.000   0.238   24.945  0.444   3      0.000   0.000   264     1616    77.7509183    94.8793477    858200.0000000  1018400.0000000  858200.0000000  1018400.0000000  
270     480     1616    0       0       78.0498923    93.6514281    0.000   0.308   31.858  0.475   3      0.000   0.000   480     1616    78.0498923    93.6514281    858200.0000000  975200.0000000  858200.0000000  975200.0000000  
271     1080    1616    -50     50      78.8496638    89.8996807    0.000   0.184   17.582  0.342   2      -2.500  2.500   1030    1666    78.7203108    89.9008381    858200.0000001  855200.0000001  868200.0000001  865200.0000001  
272     1296    1616    -50     47      79.1250424    88.4155250    0.000   0.172   16.849  0.427   3      -2.500  2.350   1246    1663    78.9996662    88.4540403    858200.0000001  812000.0000001  867600.0000001  822000.0000001  
273     1424    1616    -51     47      79.2847225    87.5001664    0.000   0.240   24.256  0.441   3      -2.550  2.350   1373    1663    79.1582084    87.5570635    858200.0000001  786400.0000001  867600.0000001  796600.0000001  
274     624     1624    -1      -1      78.2363110    92.7449992    0.000   0.173   16.525  0.376   2      -0.050  -0.050  623     1623    78.2361869    92.7576587    859800.0000000  946400.0000000  859600.0000000  946600.0000000  
275     512     1632    0       0       78.0743159    93.3583859    0.000   0.252   25.856  0.517   3      0.000   0.000   512     1632    78.0743159    93.3583859    861400.0000000  968800.0000000  861400.0000000  968800.0000000  
276     592     1632    -1      -1      78.1831593    92.8841419    0.000   0.228   22.997  0.417   3      -0.050  -0.050  591     1631    78.1830290    92.8967426    861400.0000000  952800.0000000  861200.0000000  953000.0000000  
277     1128    1632    -50     50      78.8906066    89.4696851    0.000   0.186   18.197  0.310   2      -2.500  2.500   1078    1682    78.7612502    89.4758263    861400.0000001  845600.0000001  871400.0000001  855600.0000001  
278     1344    1632    -49     47      79.1638262    87.9690858    0.000   0.199   18.853  0.356   2      -2.450  2.350   1295    1679    79.0397509    88.0058367    861400.0000001  802400.0000001  870800.0000001  812200.0000001  
279     432     1640    0       0       77.9550703    93.7712658    0.000   0.290   30.418  0.530   3      0.000   0.000   432     1640    77.9550703    93.7712658    863000.0000000  984800.0000000  863000.0000000  984800.0000000  
280     808     1640    -17     1       78.4629172    91.5059057    0.000   0.134   13.097  0.338   2      -0.850  0.050   791     1641    78.4390935    91.6060030    863000.0000001  909600.0000001  863200.0000001  913000.0000001  
281     880     1640    -33     34      78.5580620    91.0492082    354.375  0.140   12.372  0.320   2      -1.650  1.700   847     1674    78.4714722    91.0348078    863000.0000001  895200.0000001  869800.0000001  901800.0000001  
282     1184    1640    -49     49      78.9516244    89.0346976    0.000   0.273   27.818  0.487   3      -2.450  2.450   1135    1689    78.8248546    89.0457148    863000.0000001  834400.0000001  872800.0000001  844200.0000001  
283     1376    1640    -49     46      79.1929065    87.6873224    0.000   0.184   18.230  0.338   2      -2.450  2.300   1327    1686    79.0702052    87.7339357    863000.0000001  796000.0000001  872200.0000001  805800.0000001  
284     624     1656    -1      -2      78.1969057    92.5334472    0.000   0.190   19.281  0.401   3      -0.050  -0.100  623     1654    78.1980246    92.5526570    866200.0000000  946400.0000000  865800.0000000  946600.0000000  
285     720     1656    -14     3       78.3257330    91.9480850    0.000   0.206   20.129  0.461   3      -0.700  0.150   706     1659    78.3032819    92.0144708    866200.0000000  927200.0000000  866800.0000000  930000.0000000  
286     1080    1656    -50     50      78.7977089    89.6338765    0.000   0.254   26.512  0.514   3      -2.500  2.500   1030    1706    78.6683694    89.6380813    866200.0000001  855200.0000001  876200.0000001  865200.0000001  
287     1248    1656    -49     48      79.0114807    88.4863152    0.000   0.300   31.401  0.569   3      -2.450  2.400   1199    1704    78.8860516    88.5102160    866200.0000001  821600.0000001  875800.0000001  831400.0000001  
288     1296    1656    -49     47      79.0717467    88.1501894    0.000   0.251   25.984  0.494   3      -2.450  2.350   1247    1703    78.9476685    88.1845874    866200.0000001  812000.0000001  875600.0000001  821800.0000001  
289     752     1664    -15     2       78.3583835    91.6972984    0.000   0.190   18.739  0.464   3      -0.750  0.100   737     1666    78.3359103    91.7771338    867800.0000000  920800.0000000  868200.0000000  923800.0000000  
290     992     1664    -50     51      78.6737208    90.1645858    0.000   0.225   22.738  0.423   3      -2.500  2.550   942     1715    78.5431165    90.1561898    867800.0000001  872800.0000001  878000.0000001  882800.0000001  
291     1032    1664    -50     51      78.7254844    89.9007924    0.000   0.209   20.986  0.390   2      -2.500  2.550   982     1715    78.5948626    89.8953981    867800.0000001  864800.0000001  878000.0000001  874800.0000001  
292     1112    1664    -50     50      78.8283023    89.3658538    0.000   0.270   27.336  0.532   3      -2.500  2.500   1062    1714    78.6989615    89.3731565    867800.0000001  848800.0000001  877800.0000001  858800.0000001  
293     1336    1664    -49     47      79.1109477    87.8145127    0.000   0.288   29.193  0.479   3      -2.450  2.350   1287    1711    78.9869020    87.8528375    867800.0000001  804000.0000001  877200.0000001  813800.0000001  
294     312     1672    0       0       77.7513022    94.2447099    0.000   0.215   23.099  0.256   1      0.000   0.000   312     1672    77.7513022    94.2447099    869400.0000000  1008800.0000000  869400.0000000  1008800.0000000  
295     432     1672    0       0       77.9164648    93.5613287    0.000   0.201   20.502  0.409   3      0.000   0.000   432     1672    77.9164648    93.5613287    869400.0000000  984800.0000000  869400.0000000  984800.0000000  
296     552     1672    -1      -1      78.0799211    92.8589702    0.000   0.205   20.848  0.479   3      -0.050  -0.050  551     1671    78.0797919    92.8714612    869400.0000000  960800.0000000  869200.0000000  961000.0000000  
297     592     1672    -1      -1      78.1340143    92.6205332    0.000   0.182   18.225  0.328   2      -0.050  -0.050  591     1671    78.1338959    92.6330840    869400.0000000  952800.0000000  869200.0000000  953000.0000000  
298     1368    1672    -49     47      79.1398831    87.5337157    0.000   0.215   21.169  0.396   2      -2.450  2.350   1319    1719    79.0158686    87.5753313    869400.0000001  797600.0000001  878800.0000001  807400.0000001  
299     672     1680    -14     3       78.2316442    92.0845219    0.000   0.102   8.981   0.221   1      -0.700  0.150   658     1683    78.2091649    92.1501126    871000.0000000  936800.0000000  871600.0000000  939600.0000000  
300     488     1688    0       0       77.9734728    93.1313568    0.000   0.275   29.826  0.487   3      0.000   0.000   488     1688    77.9734728    93.1313568    872600.0000000  973600.0000000  872600.0000000  973600.0000000  
301     1080    1688    -50     50      78.7559771    89.4230161    0.000   0.180   18.972  0.375   2      -2.500  2.500   1030    1738    78.6266504    89.4296180    872600.0000001  855200.0000001  882600.0000001  865200.0000001  
302     1160    1688    -50     49      78.8579227    88.8822081    0.000   0.190   20.125  0.410   3      -2.500  2.450   1110    1737    78.7299102    88.9016015    872600.0000001  839200.0000001  882400.0000001  849200.0000001  
303     960     1696    -50     52      78.5909560    90.1633844    0.000   0.181   18.881  0.467   3      -2.500  2.600   910     1748    78.4590805    90.1485850    874200.0000001  879200.0000001  884600.0000001  889200.0000001  
304     448     1704    0       0       77.8995243    93.2601217    0.000   0.264   28.090  0.465   3      0.000   0.000   448     1704    77.8995243    93.2601217    875800.0000000  981600.0000000  875800.0000000  981600.0000000  
305     624     1704    -3      -5      78.1375056    92.2187794    0.000   0.168   15.794  0.301   2      -0.150  -0.250  621     1699    78.1396831    92.2695090    875800.0000000  946400.0000000  874800.0000000  947000.0000000  
306     752     1704    -17     1       78.3081136    91.4348052    0.000   0.266   26.579  0.515   3      -0.850  0.050   735     1705    78.2843214    91.5337168    875800.0000000  920800.0000000  876000.0000000  924200.0000000  
307     1256    1704    -49     48      78.9575965    88.1153725    0.000   0.153   13.805  0.346   2      -2.450  2.400   1207    1752    78.8322105    88.1433476    875800.0000001  820000.0000001  885400.0000001  829800.0000001  
308     1352    1704    -48     47      79.0769126    87.4386732    0.000   0.221   22.152  0.440   3      -2.400  2.350   1304    1751    78.9541595    87.4740815    875800.0000001  800800.0000001  885200.0000001  810400.0000001  
309     1392    1704    -49     48      79.1261802    87.1523233    0.000   0.219   22.486  0.413   3      -2.450  2.400   1343    1752    79.0008676    87.1917707    875800.0000001  792800.0000001  885400.0000001  802600.0000001  
310     896     1712    -49     53      78.4871725    90.4727588    0.000   0.230   24.407  0.412   3      -2.450  2.650   847     1765    78.3553580    90.4417623    877400.0000001  892000.0000001  888000.0000000  901800.0000000  
311     1160    1720    -50     49      78.8156524    88.6730507    0.000   0.177   17.103  0.353   2      -2.500  2.450   1110    1769    78.6876633    88.6947524    879000.0000001  839200.0000001  888800.0000001  849200.0000001  
312     672     1728    -16     2       78.1717374    91.7712100    0.000   0.180   18.463  0.401   3      -0.800  0.100   656     1730    78.1479177    91.8557215    880600.0000000  936800.0000000  881000.0000000  940000.0000000  
313     936     1728    -49     52      78.5185709    90.1103964    0.000   0.301   31.924  0.524   3      -2.450  2.600   887     1780    78.3880036    90.0898857    880600.0000001  884000.0000001  891000.0000001  893800.0000001  
314     968     1728    -49     51      78.5599516    89.9022368    0.000   0.254   25.435  0.540   3      -2.450  2.550   919     1779    78.4306565    89.8904480    880600.0000001  877600.0000001  890800.0000001  887400.0000001  
315     1008    1728    -49     51      78.6114688    89.6399010    0.000   0.305   33.649  0.481   3      -2.450  2.550   959     1779    78.4821531    89.6310231    880600.0000001  869600.0000001  890800.0000001  879400.0000001  
316     704     1736    -17     1       78.2042240    91.5232296    0.000   0.288   29.391  0.568   3      -0.850  0.050   687     1737    78.1804052    91.6210864    882200.0000000  930400.0000000  882400.0000000  933800.0000000  
317     752     1736    -17     1       78.2677267    91.2264444    0.000   0.194   19.895  0.380   2      -0.850  0.050   735     1737    78.2440092    91.3254380    882200.0000000  920800.0000000  882400.0000000  924200.0000000  
318     784     1736    -17     0       78.3098905    91.0267876    0.000   0.140   14.059  0.350   2      -0.850  0.000   767     1736    78.2875082    91.1330355    882200.0000000  914400.0000000  882200.0000000  917800.0000000  
319     1040    1736    -49     51      78.6420603    89.3763167    0.000   0.336   35.131  0.597   3      -2.450  2.550   991     1787    78.5127312    89.3704014    882200.0000001  863200.0000001  892400.0000001  873000.0000001  
320     1208    1736    -49     49      78.8548040    88.2399755    0.000   0.238   23.871  0.490   3      -2.450  2.450   1159    1785    78.7280957    88.2598872    882200.0000001  829600.0000001  892000.0000001  839400.0000001  
321     1248    1736    -49     48      78.9048106    87.9629879    0.000   0.253   24.483  0.487   3      -2.450  2.400   1199    1784    78.7794501    87.9925436    882200.0000001  821600.0000001  891800.0000001  831400.0000001  
322     520     1744    -1      -1      77.9481728    92.5798154    0.000   0.249   25.570  0.481   3      -0.050  -0.050  519     1743    77.9480563    92.5921718    883800.0000000  967200.0000000  883600.0000000  967400.0000000  
323     552     1744    -1      -2      77.9912618    92.3903367    0.000   0.252   25.773  0.523   3      -0.050  -0.100  551     1742    77.9923902    92.4092018    883800.0000000  960800.0000000  883400.0000000  961000.0000000  
324     896     1744    -49     53      78.4460685    90.2645692    0.000   0.279   30.323  0.442   3      -2.450  2.650   847     1797    78.3142416    90.2360463    883800.0000001  892000.0000001  894400.0000000  901800.0000000  
325     1104    1744    -49     50      78.7130743    88.8966426    0.000   0.273   28.613  0.481   3      -2.450  2.500   1055    1794    78.5850422    88.9025640    883800.0000001  850400.0000001  893800.0000001  860200.0000001  
326     1280    1744    -49     48      78.9338762    87.6878419    0.000   0.273   27.984  0.433   3      -2.450  2.400   1231    1792    78.8085385    87.7205752    883800.0000001  815200.0000001  893400.0000001  825000.0000001  
327     1320    1744    -49     48      78.9833698    87.4063522    0.000   0.195   18.997  0.357   2      -2.450  2.400   1271    1792    78.8580543    87.4424171    883800.0000001  807200.0000001  893400.0000001  817000.0000001  
328     1408    1752    -50     48      79.0804023    86.7265896    0.000   0.339   36.235  0.577   3      -2.500  2.400   1358    1800    78.9539385    86.7778509    885400.0000001  789600.0000001  895000.0000001  799600.0000001  
329     664     1760    -17     1       78.1209903    91.6129205    0.000   0.199   19.483  0.374   2      -0.850  0.050   647     1761    78.0971438    91.7099075    887000.0000000  938400.0000000  887200.0000000  941800.0000000  
330     1368    1760    -50     48      79.0206596    86.9622212    0.000   0.218   22.625  0.422   3      -2.500  2.400   1318    1808    78.8941692    87.0105058    887000.0000001  797600.0000001  896600.0000001  807600.0000001  
331     1032    1768    -49     51      78.5899578    89.2223361    0.000   0.386   41.641  0.626   3      -2.450  2.550   983     1819    78.4606374    89.2181844    888600.0000001  864800.0000001  898800.0000001  874600.0000001  
332     1192    1768    -49     49      78.7920883    88.1433802    0.000   0.287   30.044  0.549   3      -2.450  2.450   1143    1817    78.6653998    88.1642674    888600.0000001  832800.0000001  898400.0000001  842600.0000001  
333     696     1776    -17     1       78.1432413    91.3140948    0.000   0.231   24.448  0.517   3      -0.850  0.050   679     1777    78.1194983    91.4118678    890200.0000000  932000.0000000  890400.0000000  935400.0000000  
334     936     1776    -49     52      78.4564633    89.7997788    0.000   0.270   29.228  0.538   3      -2.450  2.600   887     1828    78.3258895    89.7828748    890200.0000001  884000.0000001  900600.0000000  893800.0000000  
335     1088    1776    -49     50      78.6505915    88.7976157    0.000   0.372   40.074  0.598   3      -2.450  2.500   1039    1826    78.5225751    88.8046163    890200.0000001  853600.0000001  900200.0000001  863400.0000001  
336     1280    1776    -49     48      78.8907666    87.4818715    0.000   0.320   33.961  0.540   3      -2.450  2.400   1231    1824    78.7654611    87.5167900    890200.0000001  815200.0000001  899800.0000001  825000.0000001  
337     1120    1784    -49     50      78.6804159    88.5308616    0.000   0.321   34.534  0.560   3      -2.450  2.500   1071    1834    78.5524008    88.5408824    891800.0000001  847200.0000001  901800.0000001  857000.0000001  
338     896     1792    -49     53      78.3841362    89.9550722    0.000   0.212   21.019  0.420   3      -2.450  2.650   847     1845    78.2522943    89.9301968    893400.0000001  892000.0000001  904000.0000000  901800.0000000  
339     1248    1792    -49     49      78.8296142    87.6026612    0.000   0.272   28.874  0.544   3      -2.450  2.450   1199    1841    78.7029617    87.6297187    893400.0000001  821600.0000001  903200.0000001  831400.0000001  
340     1312    1792    -49     48      78.9085389    87.1547187    0.000   0.353   38.348  0.578   3      -2.450  2.400   1263    1840    78.7832701    87.1933694    893400.0000001  808800.0000001  903000.0000001  818600.0000001  
341     1344    1792    -49     48      78.9477496    86.9283407    0.000   0.276   28.742  0.503   3      -2.450  2.400   1295    1840    78.8225032    86.9696799    893400.0000001  802400.0000001  903000.0000001  812200.0000001  
342     1376    1792    -49     47      78.9867901    86.7003445    0.000   0.250   24.715  0.492   3      -2.450  2.350   1327    1839    78.8629332    86.7507133    893400.0000001  796000.0000001  902800.0000001  805800.0000001  
343     768     1800    -19     -1      78.2074537    90.7143427    0.000   0.105   11.003  0.263   1      -0.950  -0.050  749     1799    78.1838451    90.8390919    895000.0000000  917600.0000000  894800.0000000  921400.0000000  
344     1208    1800    -49     49      78.7692225    87.8282794    0.000   0.330   34.839  0.557   3      -2.450  2.450   1159    1849    78.6425629    87.8526606    895000.0000001  829600.0000001  904800.0000001  839400.0000001  
345     1024    1808    -49     51      78.5272637    89.0186255    0.000   0.319   32.907  0.596   3      -2.450  2.550   975     1859    78.3979549    89.0167814    896600.0000001  866400.0000001  906800.0000001  876200.0000001  
346     1160    1808    -49     49      78.6986714    88.1060147    0.000   0.250   25.130  0.466   3      -2.450  2.450   1111    1857    78.5720052    88.1271469    896600.0000001  839200.0000001  906400.0000001  849000.0000001  
347     1128    1816    -49     50      78.6479463    88.2722534    0.000   0.257   26.825  0.485   3      -2.450  2.500   1079    1866    78.5199484    88.2851476    898200.0000001  845600.0000001  908200.0000001  855400.0000001  
348     728     1824    -18     0       78.1244867    90.8097582    0.000   0.137   13.528  0.287   1      -0.900  0.000   710     1824    78.1008810    90.9209135    899800.0000000  925600.0000000  899800.0000000  929200.0000000  
349     840     1824    -47     56      78.2703758    90.1080452    0.000   0.193   18.798  0.374   2      -2.350  2.800   793     1880    78.1372889    90.0502705    899800.0000000  903200.0000000  911000.0000000  912600.0000000  
350     872     1824    -48     53      78.3117389    89.9043264    0.000   0.240   25.315  0.477   3      -2.400  2.650   824     1877    78.1811985    89.8738536    899800.0000000  896800.0000000  910400.0000000  906400.0000000  
351     976     1824    -48     51      78.4451600    89.2321444    0.000   0.262   27.198  0.469   3      -2.400  2.550   928     1875    78.3171463    89.2214686    899800.0000001  876000.0000001  910000.0000000  885600.0000000  
352     1272    1824    -49     48      78.8160113    87.2318251    0.000   0.204   20.847  0.426   3      -2.450  2.400   1223    1872    78.6907517    87.2692984    899800.0000001  816800.0000001  909400.0000001  826600.0000001  
353     1312    1824    -49     48      78.8650652    86.9513085    0.000   0.296   30.377  0.596   3      -2.450  2.400   1263    1872    78.7398326    86.9920854    899800.0000001  808800.0000001  909400.0000001  818600.0000001  
354     696     1832    -17     0       78.0723339    90.9561951    0.000   0.235   23.103  0.408   3      -0.850  0.000   679     1832    78.0499878    91.0604497    901400.0000000  932000.0000000  901400.0000000  935400.0000000  
355     1056    1832    -48     50      78.5361348    88.6535661    0.000   0.224   23.081  0.502   3      -2.400  2.500   1008    1882    78.4094089    88.6555171    901400.0000001  860000.0000001  911400.0000001  869600.0000001  
356     1344    1832    -49     48      78.8931897    86.6745443    0.000   0.229   22.043  0.399   2      -2.450  2.400   1295    1880    78.7679908    86.7185282    901400.0000001  802400.0000001  911000.0000001  812200.0000001  
357     656     1840    -17     1       78.0095735    91.1501135    0.000   0.183   17.922  0.205   1      -0.850  0.050   639     1841    77.9858938    91.2471172    903000.0000000  940000.0000000  903200.0000000  943400.0000000  
358     1024    1840    -48     51      78.4851152    88.8150071    0.000   0.294   31.947  0.573   3      -2.400  2.550   976     1891    78.3570806    88.8089113    903000.0000001  866400.0000001  913200.0000000  876000.0000000  
359     1208    1840    -49     49      78.7154511    87.5741677    0.000   0.274   28.413  0.527   3      -2.450  2.450   1159    1889    78.5888252    87.6012710    903000.0000001  829600.0000001  912800.0000001  839400.0000001  
360     1128    1848    -48     50      78.6052642    88.0692656    0.000   0.237   22.656  0.447   3      -2.400  2.500   1080    1898    78.4785341    88.0776968    904600.0000001  845600.0000001  914600.0000001  855200.0000001  
361     832     1856    -47     56      78.2186988    89.9557073    0.000   0.203   19.514  0.279   1      -2.350  2.800   785     1912    78.0855932    89.8998983    906200.0000000  904800.0000000  917400.0000000  914200.0000000  
362     984     1856    -48     51      78.4133292    88.9768549    0.000   0.269   27.354  0.467   3      -2.400  2.550   936     1907    78.2853143    88.9690164    906200.0000001  874400.0000001  916400.0000000  884000.0000000  
363     1344    1864    -48     48      78.8493908    86.4733092    0.000   0.247   25.666  0.430   3      -2.400  2.400   1296    1912    78.7254438    86.5123657    907800.0000001  802400.0000001  917400.0000001  812000.0000001  
364     1056    1872    -48     50      78.4831049    88.4007706    0.000   0.301   30.792  0.500   3      -2.400  2.500   1008    1922    78.3563934    88.4054817    909400.0000001  860000.0000001  919400.0000000  869600.0000000  
365     904     1880    -48     53      78.2799747    89.3448198    0.000   0.177   17.215  0.351   2      -2.400  2.650   856     1933    78.1493874    89.3206352    911000.0000000  890400.0000000  921600.0000000  900000.0000000  
366     1104    1880    -48     50      78.5325423    88.0295474    0.000   0.229   23.393  0.395   2      -2.400  2.500   1056    1930    78.4058289    88.0383622    911000.0000001  850400.0000001  921000.0000001  860000.0000001  
367     1296    1880    -48     48      78.7692081    86.7115193    0.000   0.336   35.834  0.608   3      -2.400  2.400   1248    1928    78.6452472    86.7476819    911000.0000001  812000.0000001  920600.0000001  821600.0000001  
368     1208    1888    -48     49      78.6506437    87.2724390    0.000   0.356   40.013  0.669   3      -2.400  2.450   1160    1937    78.5252918    87.2959417    912600.0000001  829600.0000001  922400.0000001  839200.0000001  
369     1248    1888    -48     49      78.6997247    86.9962298    0.000   0.329   35.658  0.612   3      -2.400  2.450   1200    1937    78.5743863    87.0228834    912600.0000001  821600.0000001  922400.0000001  831200.0000001  
370     1144    1896    -48     49      78.5608295    87.6593714    0.000   0.195   20.483  0.353   2      -2.400  2.450   1096    1945    78.4354681    87.6784694    914200.0000001  842400.0000001  924000.0000001  852000.0000001  
371     1344    1896    -48     48      78.8054593    86.2736607    0.000   0.233   24.662  0.235   1      -2.400  2.400   1296    1944    78.6815484    86.3147642    914200.0000001  802400.0000001  923800.0000001  812000.0000001  
372     984     1904    -48     51      78.3500232    88.6752192    0.000   0.226   23.638  0.482   3      -2.400  2.550   936     1955    78.2220156    88.6707232    915800.0000000  874400.0000000  926000.0000000  884000.0000000  
373     1176    1904    -48     49      78.5896015    87.3918001    0.000   0.321   33.795  0.493   3      -2.400  2.450   1128    1953    78.4642531    87.4138724    915800.0000001  836000.0000001  925600.0000001  845600.0000001  
374     1296    1912    -48     48      78.7254438    86.5123657    0.000   0.327   33.802  0.582   3      -2.400  2.400   1248    1960    78.6015172    86.5505677    917400.0000001  812000.0000001  927000.0000001  821600.0000001  
375     1064    1920    -48     50      78.4291729    88.0472714    0.000   0.259   26.998  0.465   3      -2.400  2.500   1016    1970    78.3024812    88.0558147    919000.0000001  858400.0000001  929000.0000000  868000.0000000  
376     1208    1920    -48     49      78.6072706    87.0732091    0.000   0.358   39.235  0.631   3      -2.400  2.450   1160    1969    78.4819446    87.0988045    919000.0000001  829600.0000001  928800.0000001  839200.0000001  
377     1248    1920    -48     49      78.6561592    86.7971992    0.000   0.342   36.810  0.542   3      -2.400  2.450   1200    1969    78.5308488    86.8259396    919000.0000001  821600.0000001  928800.0000001  831200.0000001  
378     1096    1936    -48     50      78.4475595    87.7341525    0.000   0.244   25.300  0.541   3      -2.400  2.500   1048    1986    78.3208751    87.7461282    922200.0000001  852000.0000001  932200.0000000  861600.0000000  
379     1296    1944    -48     48      78.6815484    86.3147642    0.000   0.255   25.483  0.401   3      -2.400  2.400   1248    1992    78.5576573    86.3549720    923800.0000001  812000.0000001  933400.0000001  821600.0000001  
380     1056    1952    -47     50      78.3764006    87.9021679    0.000   0.213   20.421  0.478   3      -2.350  2.500   1009    2002    78.2509694    87.9056754    925400.0000001  860000.0000001  935400.0000000  869400.0000000  
381     1128    1952    -48     50      78.4656029    87.4200381    0.000   0.171   17.076  0.367   2      -2.400  2.500   1080    2002    78.3389296    87.4354672    925400.0000001  845600.0000001  935400.0000000  855200.0000000  
382     1224    1952    -48     49      78.5832747    86.7654669    0.000   0.278   30.138  0.486   3      -2.400  2.450   1176    2001    78.4579827    86.7943713    925400.0000001  826400.0000001  935200.0000001  836000.0000001  
383     1320    1976    -48     48      78.6663407    85.9504764    0.000   0.152   15.255  0.242   1      -2.400  2.400   1272    2024    78.5425054    85.9945936    930200.0000001  807200.0000001  939800.0000001  816800.0000001  
384     1184    1984    -47     49      78.4909002    86.8435273    0.000   0.266   27.959  0.455   3      -2.350  2.450   1137    2033    78.3668402    86.8646059    931800.0000001  834400.0000001  941600.0000000  843800.0000000  
385     1152    1992    -47     49      78.4409236    87.0122988    0.000   0.221   22.303  0.479   3      -2.350  2.450   1105    2041    78.3168623    87.0314827    933400.0000001  840800.0000001  943200.0000000  850200.0000000  
386     1216    2008    -47     49      78.4970087    86.4782480    0.000   0.312   32.136  0.525   3      -2.350  2.450   1169    2057    78.3729768    86.5032603    936600.0000001  828000.0000001  946400.0000001  837400.0000001  
387     1248    2008    -47     49      78.5356792    86.2577395    0.000   0.262   27.611  0.477   3      -2.350  2.450   1201    2057    78.4116592    86.2852112    936600.0000001  821600.0000001  946400.0000001  831000.0000001  
388     1288    2008    -47     49      78.5837817    85.9799949    0.000   0.174   18.725  0.299   1      -2.350  2.450   1241    2057    78.4597796    86.0105857    936600.0000001  813600.0000001  946400.0000001  823000.0000001  
389     1168    2032    -47     49      78.4059496    86.6607270    0.000   0.269   27.299  0.343   2      -2.350  2.450   1121    2081    78.2819217    86.6835995    941400.0000001  837600.0000001  951200.0000000  847000.0000000  
390     1208    2040    -47     49      78.4434527    86.3395581    0.000   0.225   24.191  0.390   2      -2.350  2.450   1161    2089    78.3194445    86.3659371    943000.0000001  829600.0000001  952800.0000000  839000.0000000  
