CP      startX  startY  dispX   dispY   sLat          sLon          theta   pCorr   pkStr   cCorr   conf   velX    velY    endX    endY    eLat          eLon          nps_startX    nps_startY    nps_endX      nps_endY      
0       1040    536     0       0       70.9590715    -69.9543551   0.000   0.375   40.644  0.686   3      0.000   0.000   1040    536     70.9590715    -69.9543551   -878000.0000000  -1886800.0000000  -878000.0000000  -1886800.0000000  
1       1008    560     0       0       71.0294311    -69.9087077   0.000   0.453   51.015  0.646   3      0.000   0.000   1008    560     71.0294311    -69.9087077   -873200.0000000  -1880400.0000000  -873200.0000000  -1880400.0000000  
2       1096    568     0       0       70.8918366    -69.6655446   0.000   0.313   34.093  0.722   3      0.000   0.000   1096    568     70.8918366    -69.6655446   -871600.0000000  -1898000.0000000  -871600.0000000  -1898000.0000000  
3       1128    568     0       0       70.8395575    -69.5924783   0.000   0.340   36.243  0.645   3      0.000   0.000   1128    568     70.8395575    -69.5924783   -871600.0000000  -1904400.0000000  -871600.0000000  -1904400.0000000  
4       1480    568     -1      -1      70.2630512    -68.8148003   0.000   0.145   12.478  0.375   2      -0.067  -0.067  1479    567     70.2639680    -68.8218008   -871600.0000000  -1974800.0000000  -871800.0000000  -1974600.0000000  
5       984     592     0       0       71.0927781    -69.8038043   0.000   0.316   33.415  0.541   3      0.000   0.000   984     592     71.0927781    -69.8038043   -866800.0000000  -1875600.0000000  -866800.0000000  -1875600.0000000  
6       1064    592     0       0       70.9621069    -69.6189755   0.000   0.378   41.285  0.635   3      0.000   0.000   1064    592     70.9621069    -69.6189755   -866800.0000000  -1891600.0000000  -866800.0000000  -1891600.0000000  
7       1096    600     0       0       70.9157669    -69.5057880   0.000   0.329   35.002  0.597   3      0.000   0.000   1096    600     70.9157669    -69.5057880   -865200.0000000  -1898000.0000000  -865200.0000000  -1898000.0000000  
8       1480    600     0       0       70.2861624    -68.6592025   0.000   0.193   18.094  0.274   1      0.000   0.000   1480    600     70.2861624    -68.6592025   -865200.0000000  -1974800.0000000  -865200.0000000  -1974800.0000000  
9       1552    600     0       0       70.1677872    -68.5065697   0.000   0.499   57.537  0.769   3      0.000   0.000   1552    600     70.1677872    -68.5065697   -865200.0000000  -1989200.0000000  -865200.0000000  -1989200.0000000  
10      1512    608     0       0       70.2393023    -68.5522637   0.000   0.331   37.620  0.550   3      0.000   0.000   1512    608     70.2393023    -68.5522637   -863600.0000000  -1981200.0000000  -863600.0000000  -1981200.0000000  
11      936     616     0       0       71.1892561    -69.7946091   0.000   0.378   40.650  0.676   3      0.000   0.000   936     616     71.1892561    -69.7946091   -862000.0000000  -1866000.0000000  -862000.0000000  -1866000.0000000  
12      1144    616     0       0       70.8490933    -69.3171022   0.000   0.367   40.509  0.723   3      0.000   0.000   1144    616     70.8490933    -69.3171022   -862000.0000000  -1907600.0000000  -862000.0000000  -1907600.0000000  
13      904     632     0       0       71.2535889    -69.7884254   0.000   0.357   37.914  0.641   3      0.000   0.000   904     632     71.2535889    -69.7884254   -858800.0000000  -1859600.0000000  -858800.0000000  -1859600.0000000  
14      1056    632     0       0       71.0050452    -69.4366455   0.000   0.343   37.179  0.651   3      0.000   0.000   1056    632     71.0050452    -69.4366455   -858800.0000000  -1890000.0000000  -858800.0000000  -1890000.0000000  
15      1160    648     0       0       70.8464617    -69.1214305   0.000   0.302   31.408  0.566   3      0.000   0.000   1160    648     70.8464617    -69.1214305   -855600.0000000  -1910800.0000000  -855600.0000000  -1910800.0000000  
16      1200    648     0       0       70.7808368    -69.0322686   0.000   0.327   34.661  0.546   3      0.000   0.000   1200    648     70.7808368    -69.0322686   -855600.0000000  -1918800.0000000  -855600.0000000  -1918800.0000000  
17      1480    648     0       0       70.3205638    -68.4251101   0.000   0.134   12.918  0.314   2      0.000   0.000   1480    648     70.3205638    -68.4251101   -855600.0000000  -1974800.0000000  -855600.0000000  -1974800.0000000  
18      1864    648     -1      -1      69.6870106    -67.6381062   0.000   0.329   35.144  0.454   3      -0.067  -0.067  1863    647     69.6879742    -67.6448487   -855600.0000000  -2051600.0000000  -855800.0000000  -2051400.0000000  
19      928     664     0       0       71.2383921    -69.5697858   0.000   0.301   30.911  0.490   3      0.000   0.000   928     664     71.2383921    -69.5697858   -852400.0000000  -1864400.0000000  -852400.0000000  -1864400.0000000  
20      1104    672     0       0       70.9559564    -69.1268328   0.000   0.343   36.423  0.579   3      0.000   0.000   1104    672     70.9559564    -69.1268328   -850800.0000000  -1899600.0000000  -850800.0000000  -1899600.0000000  
21      976     680     0       0       71.1717254    -69.3775784   0.000   0.256   25.191  0.329   2      0.000   0.000   976     680     71.1717254    -69.3775784   -849200.0000000  -1874000.0000000  -849200.0000000  -1874000.0000000  
22      1008    688     0       0       71.1252025    -69.2637163   0.000   0.189   18.610  0.314   2      0.000   0.000   1008    688     71.1252025    -69.2637163   -847600.0000000  -1880400.0000000  -847600.0000000  -1880400.0000000  
23      1048    696     0       0       71.0654848    -69.1322987   0.000   0.245   24.249  0.377   2      0.000   0.000   1048    696     71.0654848    -69.1322987   -846000.0000000  -1888400.0000000  -846000.0000000  -1888400.0000000  
24      1216    696     0       0       70.7894871    -68.7574861   0.000   0.277   28.941  0.570   3      0.000   0.000   1216    696     70.7894871    -68.7574861   -846000.0000000  -1922000.0000000  -846000.0000000  -1922000.0000000  
25      1248    696     0       0       70.7368506    -68.6873334   0.000   0.288   29.583  0.607   3      0.000   0.000   1248    696     70.7368506    -68.6873334   -846000.0000000  -1928400.0000000  -846000.0000000  -1928400.0000000  
26      1472    696     0       0       70.3678414    -68.2070007   0.000   0.215   22.481  0.504   3      0.000   0.000   1472    696     70.3678414    -68.2070007   -846000.0000000  -1973200.0000000  -846000.0000000  -1973200.0000000  
27      1984    696     0       1       69.5211217    -67.1754644   0.000   0.177   16.768  0.466   3      0.000   0.067   1984    697     69.5217973    -67.1707299   -846000.0000000  -2075600.0000000  -845800.0000000  -2075600.0000000  
28      1160    704     0       0       70.8873677    -68.8410738   0.000   0.300   31.354  0.537   3      0.000   0.000   1160    704     70.8873677    -68.8410738   -844400.0000000  -1910800.0000000  -844400.0000000  -1910800.0000000  
29      792     712     177     65      71.4969005    -69.6428911   0.000   0.135   13.265  0.202   1      11.800  4.333   969     777     71.2545789    -68.8994348   -842800.0000000  -1837200.0000000  -829800.0000000  -1872600.0000000  
30      1280    712     0       0       70.6956901    -68.5379692   0.000   0.260   27.129  0.464   3      0.000   0.000   1280    712     70.6956901    -68.5379692   -842800.0000000  -1934800.0000000  -842800.0000000  -1934800.0000000  
31      1440    712     0       0       70.4319445    -68.1957778   0.000   0.186   18.211  0.374   2      0.000   0.000   1440    712     70.4319445    -68.1957778   -842800.0000000  -1966800.0000000  -842800.0000000  -1966800.0000000  
32      1088    728     0       0       71.0231907    -68.8805818   0.000   0.190   18.963  0.293   1      0.000   0.000   1088    728     71.0231907    -68.8805818   -839600.0000000  -1896400.0000000  -839600.0000000  -1896400.0000000  
33      928     736     172     69      71.2918796    -69.2026952   0.000   0.082   7.960   0.141   1      11.467  4.600   1100    805     71.0590193    -68.4639108   -838000.0000000  -1864400.0000000  -824200.0000000  -1898800.0000000  
34      1128    736     0       0       70.9632073    -68.7511077   0.000   0.197   19.405  0.310   2      0.000   0.000   1128    736     70.9632073    -68.7511077   -838000.0000000  -1904400.0000000  -838000.0000000  -1904400.0000000  
35      1320    736     0       0       70.6469126    -68.3322861   0.000   0.262   26.193  0.405   3      0.000   0.000   1320    736     70.6469126    -68.3322861   -838000.0000000  -1942800.0000000  -838000.0000000  -1942800.0000000  
36      2040    736     0       0       69.4550528    -66.8790024   0.000   0.204   20.781  0.463   3      0.000   0.000   2040    736     69.4550528    -66.8790024   -838000.0000000  -2086800.0000000  -838000.0000000  -2086800.0000000  
37      792     744     177     65      71.5208480    -69.4777809   0.000   0.123   10.195  0.208   1      11.800  4.333   969     809     71.2778294    -68.7355480   -836400.0000000  -1837200.0000000  -823400.0000000  -1872600.0000000  
38      1400    744     0       0       70.5205600    -68.1222941   0.000   0.303   31.469  0.592   3      0.000   0.000   1400    744     70.5205600    -68.1222941   -836400.0000000  -1958800.0000000  -836400.0000000  -1958800.0000000  
39      1976    744     0       0       69.5666821    -66.9631702   0.000   0.227   22.690  0.429   3      0.000   0.000   1976    744     69.5666821    -66.9631702   -836400.0000000  -2074000.0000000  -836400.0000000  -2074000.0000000  
40      2008    744     0       0       69.5135402    -66.9020049   0.000   0.208   20.499  0.460   3      0.000   0.000   2008    744     69.5135402    -66.9020049   -836400.0000000  -2080400.0000000  -836400.0000000  -2080400.0000000  
41      736     752     178     62      71.6185723    -69.5686544   0.000   0.190   16.047  0.385   2      11.867  4.133   914     814     71.3720262    -68.8344284   -834800.0000000  -1826000.0000000  -822400.0000000  -1861600.0000000  
42      1352    752     0       0       70.6054584    -68.1843986   0.000   0.311   32.652  0.566   3      0.000   0.000   1352    752     70.6054584    -68.1843986   -834800.0000000  -1949200.0000000  -834800.0000000  -1949200.0000000  
43      1512    752     0       0       70.3410900    -67.8486500   0.000   0.276   28.764  0.507   3      0.000   0.000   1512    752     70.3410900    -67.8486500   -834800.0000000  -1981200.0000000  -834800.0000000  -1981200.0000000  
44      1168    760     0       0       70.9146446    -68.5419341   0.000   0.185   17.946  0.255   1      0.000   0.000   1168    760     70.9146446    -68.5419341   -833200.0000000  -1912400.0000000  -833200.0000000  -1912400.0000000  
45      1440    760     0       0       70.4657186    -67.9590846   0.000   0.320   33.154  0.588   3      0.000   0.000   1440    760     70.4657186    -67.9590846   -833200.0000000  -1966800.0000000  -833200.0000000  -1966800.0000000  
46      1472    760     0       0       70.4128148    -67.8923041   0.000   0.285   29.829  0.509   3      0.000   0.000   1472    760     70.4128148    -67.8923041   -833200.0000000  -1973200.0000000  -833200.0000000  -1973200.0000000  
47      1944    760     0       0       69.6305364    -66.9484144   0.000   0.170   17.383  0.325   2      0.000   0.000   1944    760     69.6305364    -66.9484144   -833200.0000000  -2067600.0000000  -833200.0000000  -2067600.0000000  
48      2096    760     0       0       69.3779122    -66.6600132   0.000   0.123   12.368  0.245   1      0.000   0.000   2096    760     69.3779122    -66.6600132   -833200.0000000  -2098000.0000000  -833200.0000000  -2098000.0000000  
49      896     768     172     69      71.3679892    -69.1122412   0.000   0.125   12.764  0.318   2      11.467  4.600   1068    837     71.1346994    -68.3715699   -831600.0000000  -1858000.0000000  -817800.0000000  -1892400.0000000  
50      992     768     166     75      71.2101882    -68.8933528   0.000   0.088   8.881   0.266   1      11.067  5.000   1158    843     70.9902713    -68.1442735   -831600.0000000  -1877200.0000000  -816600.0000000  -1910400.0000000  
51      1904    768     0       0       69.7023324    -66.9872661   0.000   0.150   14.107  0.262   1      0.000   0.000   1904    768     69.7023324    -66.9872661   -831600.0000000  -2059600.0000000  -831600.0000000  -2059600.0000000  
52      696     776     177     60      71.7020681    -69.5388624   0.000   0.211   21.252  0.349   2      11.800  4.000   873     836     71.4555322    -68.8143150   -830000.0000000  -1818000.0000000  -818000.0000000  -1853400.0000000  
53      1240    776     0       0       70.8073401    -68.3047362   0.000   0.207   20.126  0.263   1      0.000   0.000   1240    776     70.8073401    -68.3047362   -830000.0000000  -1926800.0000000  -830000.0000000  -1926800.0000000  
54      1304    776     0       0       70.7016808    -68.1672096   0.000   0.308   32.142  0.524   3      0.000   0.000   1304    776     70.7016808    -68.1672096   -830000.0000000  -1939600.0000000  -830000.0000000  -1939600.0000000  
55      1344    784     0       0       70.6412334    -68.0421849   0.000   0.223   22.383  0.383   2      0.000   0.000   1344    784     70.6412334    -68.0421849   -828400.0000000  -1947600.0000000  -828400.0000000  -1947600.0000000  
56      1576    784     0       0       70.2573152    -67.5602627   0.000   0.243   24.790  0.467   3      0.000   0.000   1576    784     70.2573152    -67.5602627   -828400.0000000  -1994000.0000000  -828400.0000000  -1994000.0000000  
57      1376    792     0       0       70.5939382    -67.9347788   0.000   0.258   26.213  0.494   3      0.000   0.000   1376    792     70.5939382    -67.9347788   -826800.0000000  -1954000.0000000  -826800.0000000  -1954000.0000000  
58      1496    792     0       0       70.3953474    -67.6848289   0.000   0.258   28.121  0.526   3      0.000   0.000   1496    792     70.3953474    -67.6848289   -826800.0000000  -1978000.0000000  -826800.0000000  -1978000.0000000  
59      904     800     173     69      71.3782821    -68.9293191   0.000   0.195   19.397  0.375   2      11.533  4.600   1077    869     71.1425771    -68.1883680   -825200.0000000  -1859600.0000000  -811400.0000000  -1894200.0000000  
60      1432    800     0       0       70.5068590    -67.7778454   0.000   0.255   26.157  0.474   3      0.000   0.000   1432    800     70.5068590    -67.7778454   -825200.0000000  -1965200.0000000  -825200.0000000  -1965200.0000000  
61      1464    800     0       0       70.4538784    -67.7114220   0.000   0.230   23.393  0.412   3      0.000   0.000   1464    800     70.4538784    -67.7114220   -825200.0000000  -1971600.0000000  -825200.0000000  -1971600.0000000  
62      1544    800     0       0       70.3213509    -67.5469581   0.000   0.165   15.487  0.312   2      0.000   0.000   1544    800     70.3213509    -67.5469581   -825200.0000000  -1987600.0000000  -825200.0000000  -1987600.0000000  
63      792     808     178     64      71.5682930    -69.1462583   0.000   0.135   12.676  0.207   1      11.867  4.267   970     872     71.3215151    -68.4094581   -823600.0000000  -1837200.0000000  -810800.0000000  -1872800.0000000  
64      1016    808     171     75      71.1996714    -68.6351269   5.625   0.170   14.891  0.378   2      11.400  5.000   1187    883     70.9703952    -67.8788209   -823600.0000000  -1882000.0000000  -808600.0000000  -1916200.0000000  
65      952     824     174     68      71.3166917    -68.6968790   0.000   0.123   12.186  0.283   1      11.600  4.533   1126    892     71.0777170    -67.9642919   -820400.0000000  -1869200.0000000  -806800.0000000  -1904000.0000000  
66      616     832     177     60      71.8750704    -69.4362885   0.000   0.147   15.156  0.260   1      11.800  4.000   793     892     71.6279980    -68.7062167   -818800.0000000  -1802000.0000000  -806800.0000000  -1837400.0000000  
67      672     832     177     60      71.7831490    -69.3028559   0.000   0.161   16.615  0.297   1      11.800  4.000   849     892     71.5356173    -68.5783039   -818800.0000000  -1813200.0000000  -806800.0000000  -1848600.0000000  
68      760     832     177     64      71.6385533    -69.0959209   0.000   0.134   12.869  0.208   1      11.800  4.267   937     896     71.3931699    -68.3592110   -818800.0000000  -1830800.0000000  -806000.0000000  -1866200.0000000  
69      984     832     174     78      71.2697161    -68.5838504   5.625   0.123   10.786  0.291   1      11.600  5.200   1158    910     71.0372902    -67.8036137   -818800.0000000  -1875600.0000000  -803200.0000000  -1910400.0000000  
70      568     864     177     61      71.9776919    -69.3822697   0.000   0.187   19.025  0.294   1      11.800  4.067   745     925     71.7310515    -68.6435183   -812400.0000000  -1792400.0000000  -800200.0000000  -1827800.0000000  
71      656     864     177     60      71.8331092    -69.1724400   0.000   0.205   20.558  0.311   2      11.800  4.000   833     924     71.5850250    -68.4476848   -812400.0000000  -1810000.0000000  -800400.0000000  -1845400.0000000  
72      600     872     177     61      71.9310680    -69.2632298   0.000   0.181   18.820  0.371   2      11.800  4.067   777     933     71.6839880    -68.5280286   -810800.0000000  -1798800.0000000  -798600.0000000  -1834200.0000000  
73      888     872     175     70      71.4568606    -68.5937480   0.000   0.165   15.645  0.323   2      11.667  4.667   1063    942     71.2170988    -67.8444874   -810800.0000000  -1856400.0000000  -796800.0000000  -1891400.0000000  
74      840     880     175     70      71.5418078    -68.6612691   0.000   0.126   11.358  0.247   1      11.667  4.667   1015    950     71.3022637    -67.9076618   -809200.0000000  -1846800.0000000  -795200.0000000  -1881800.0000000  
75      1352    880     189     14      70.6947912    -67.5455211   5.625   0.086   8.297   0.208   1      12.600  0.933   1541    894     70.3903925    -67.0891809   -809200.0000000  -1949200.0000000  -806400.0000000  -1987000.0000000  
76      536     888     177     61      72.0480946    -69.3317051   0.000   0.241   24.889  0.464   3      11.800  4.067   713     949     71.8012002    -68.5907516   -807600.0000000  -1786000.0000000  -795400.0000000  -1821400.0000000  
77      568     896     177     61      72.0014293    -69.2123254   0.000   0.280   28.149  0.481   3      11.800  4.067   745     957     71.7540944    -68.4749491   -806000.0000000  -1792400.0000000  -793800.0000000  -1827800.0000000  
78      672     896     177     60      71.8303017    -68.9660071   0.000   0.137   11.812  0.224   1      11.800  4.000   849     956     71.5814071    -68.2442111   -806000.0000000  -1813200.0000000  -794000.0000000  -1848600.0000000  
79      736     896     177     62      71.7248698    -68.8167578   0.000   0.159   15.625  0.336   2      11.800  4.133   913     958     71.4768817    -68.0907702   -806000.0000000  -1826000.0000000  -793600.0000000  -1861400.0000000  
80      1312    896     192     19      70.7721824    -67.5485713   11.250  0.112   9.711   0.236   1      12.800  1.267   1504    915     70.4661041    -67.0594340   -806000.0000000  -1941200.0000000  -802200.0000000  -1979600.0000000  
81      904     904     182     67      71.4534087    -68.3916749   5.625   0.091   7.889   0.203   1      12.133  4.467   1086    971     71.1991109    -67.6456091   -804400.0000000  -1859600.0000000  -791000.0000000  -1896000.0000000  
82      504     912     177     61      72.1184965    -69.2807360   0.000   0.352   37.410  0.652   3      11.800  4.067   681     973     71.8713469    -68.5375699   -802800.0000000  -1779600.0000000  -790600.0000000  -1815000.0000000  
83      640     912     177     62      71.8947114    -68.9566042   0.000   0.191   18.546  0.319   2      11.800  4.133   817     974     71.6471522    -68.2218592   -802800.0000000  -1806800.0000000  -790400.0000000  -1842200.0000000  
84      1224    912     198     36      70.9292370    -67.6528504   11.250  0.107   9.336   0.326   1      13.200  2.400   1422    948     70.6248173    -67.0605828   -802800.0000000  -1923600.0000000  -795600.0000000  -1963200.0000000  
85      816     920     184     66      71.6102358    -68.5072093   0.000   0.150   14.194  0.220   1      12.267  4.400   1000    986     71.3522789    -67.7539881   -801200.0000000  -1842000.0000000  -788000.0000000  -1878800.0000000  
86      560     928     177     61      72.0381834    -69.0609699   0.000   0.277   29.330  0.494   3      11.800  4.067   737     989     71.7902201    -68.3241859   -799600.0000000  -1790800.0000000  -787400.0000000  -1826200.0000000  
87      728     928     177     63      71.7612739    -68.6669297   0.000   0.269   27.791  0.496   3      11.800  4.200   905     991     71.5133657    -67.9363214   -799600.0000000  -1824400.0000000  -787000.0000000  -1859800.0000000  
88      1304    928     198     20      70.8074470    -67.4039028   11.250  0.089   12.097  0.459   3      13.200  1.333   1502    948     70.4916066    -66.8991701   -799600.0000000  -1939600.0000000  -795600.0000000  -1979200.0000000  
89      472     936     177     61      72.1888975    -69.2293575   0.000   0.216   21.892  0.408   3      11.800  4.067   649     997     71.9414912    -68.4839683   -798000.0000000  -1773200.0000000  -785800.0000000  -1808600.0000000  
90      896     936     185     68      71.4894373    -68.2432366   5.625   0.089   8.606   0.236   1      12.333  4.533   1081    1004    71.2301988    -67.4861994   -798000.0000000  -1858000.0000000  -784400.0000000  -1895000.0000000  
91      600     944     177     62      71.9840073    -68.8808694   0.000   0.222   23.081  0.429   3      11.800  4.133   777     1006    71.7360796    -68.1435253   -796400.0000000  -1798800.0000000  -784000.0000000  -1834200.0000000  
92      440     952     177     61      72.2533814    -69.2207332   0.000   0.202   20.925  0.406   3      11.800  4.067   617     1013    72.0058931    -68.4727529   -794800.0000000  -1766800.0000000  -782600.0000000  -1802200.0000000  
93      808     952     183     66      71.6463746    -68.3577117   0.000   0.226   21.051  0.432   3      12.200  4.400   991     1018    71.3894314    -67.6072925   -794800.0000000  -1840400.0000000  -781600.0000000  -1877000.0000000  
94      552     960     177     62      72.0748172    -68.9089849   0.000   0.236   24.910  0.502   3      11.800  4.133   729     1022    71.8269338    -68.1675063   -793200.0000000  -1789200.0000000  -780800.0000000  -1824600.0000000  
95      680     960     177     63      71.8636291    -68.6088376   0.000   0.169   16.458  0.397   2      11.800  4.200   857     1023    71.6154121    -67.8748975   -793200.0000000  -1814800.0000000  -780600.0000000  -1850200.0000000  
96      1304    960     206     18      70.8292885    -67.2421219   11.250  0.113   10.250  0.492   3      13.733  1.200   1510    978     70.4982887    -66.7335519   -793200.0000000  -1939600.0000000  -789600.0000000  -1980800.0000000  
97      480     968     177     61      72.1993286    -69.0379270   0.000   0.197   19.726  0.336   2      11.800  4.067   657     1029    71.9511542    -68.2947858   -791600.0000000  -1774800.0000000  -779400.0000000  -1810200.0000000  
98      712     968     177     63      71.8165267    -68.4925834   0.000   0.241   24.005  0.398   2      11.800  4.200   889     1031    71.5678821    -67.7621508   -791600.0000000  -1821200.0000000  -779000.0000000  -1856600.0000000  
99      744     968     177     63      71.7636330    -68.4191903   0.000   0.150   13.571  0.308   2      11.800  4.200   921     1031    71.5147366    -67.6918911   -791600.0000000  -1827600.0000000  -779000.0000000  -1863000.0000000  
100     1272    968     209     24      70.8879596    -67.2679473   11.250  0.125   11.823  0.359   2      13.933  1.600   1481    992     70.5559641    -66.7213358   -791600.0000000  -1933200.0000000  -786800.0000000  -1975000.0000000  
101     640     984     177     62      71.9470105    -68.5741250   0.000   0.208   20.939  0.403   3      11.800  4.133   817     1046    71.6978933    -67.8425524   -788400.0000000  -1806800.0000000  -776000.0000000  -1842200.0000000  
102     840     984     190     75      71.6161556    -68.1176643   5.625   0.163   16.398  0.489   3      12.667  5.000   1030    1059    71.3527533    -67.3100745   -788400.0000000  -1846800.0000000  -773400.0000000  -1884800.0000000  
103     872     984     190     70      71.5631420    -68.0461767   5.625   0.178   15.849  0.392   2      12.667  4.667   1062    1054    71.2960583    -67.2678958   -788400.0000000  -1853200.0000000  -774400.0000000  -1891200.0000000  
104     520     992     176     62      72.1509367    -68.8132225   0.000   0.129   13.213  0.326   2      11.733  4.133   696     1054    71.9042738    -68.0721907   -786800.0000000  -1782800.0000000  -774400.0000000  -1818000.0000000  
105     912     992     191     65      71.5024595    -67.9156286   5.625   0.114   9.407   0.228   1      12.733  4.333   1103    1057    71.2298075    -67.1655793   -786800.0000000  -1861200.0000000  -773800.0000000  -1899400.0000000  
106     400     1000    176     61      72.3546591    -69.0579315   0.000   0.258   25.606  0.518   3      11.733  4.067   576     1061    72.1081055    -68.3102781   -785200.0000000  -1758800.0000000  -773000.0000000  -1794000.0000000  
107     440     1000    176     61      72.2887295    -68.9612854   0.000   0.219   22.403  0.442   3      11.733  4.067   616     1061    72.0418423    -68.2177748   -785200.0000000  -1766800.0000000  -773000.0000000  -1802000.0000000  
108     704     1000    177     63      71.8526728    -68.3413286   0.000   0.152   14.780  0.247   1      11.800  4.200   881     1063    71.6034001    -67.6115304   -785200.0000000  -1819600.0000000  -772600.0000000  -1855000.0000000  
109     1256    1000    215     27      70.9363224    -67.1384276   11.250  0.178   16.505  0.377   2      14.333  1.800   1471    1027    70.5958368    -66.5657000   -785200.0000000  -1930000.0000000  -779800.0000000  -1973000.0000000  
110     360     1008    176     61      72.4264537    -69.1117059   0.000   0.296   32.092  0.562   3      11.733  4.067   536     1069    72.1800604    -68.3602350   -783600.0000000  -1750800.0000000  -771400.0000000  -1786000.0000000  
111     952     1008    192     59      71.4472657    -67.7442487   5.625   0.139   14.671  0.335   2      12.800  3.933   1144    1067    71.1682366    -67.0278698   -783600.0000000  -1869200.0000000  -771800.0000000  -1907600.0000000  
112     648     1016    177     62      71.9567660    -68.3849325   0.000   0.202   21.129  0.383   2      11.800  4.133   825     1078    71.7068942    -67.6556009   -782000.0000000  -1808400.0000000  -769600.0000000  -1843800.0000000  
113     328     1032    176     61      72.4968643    -69.0587188   0.000   0.285   31.690  0.585   3      11.733  4.067   504     1093    72.2502099    -68.3049741   -778800.0000000  -1744400.0000000  -766600.0000000  -1779600.0000000  
114     392     1032    176     61      72.3913198    -68.9031653   0.000   0.225   23.327  0.450   3      11.733  4.067   568     1093    72.1441280    -68.1561395   -778800.0000000  -1757200.0000000  -766600.0000000  -1792400.0000000  
115     560     1032    176     62      72.1138091    -68.5037131   0.000   0.196   19.622  0.421   3      11.733  4.133   736     1094    71.8659503    -67.7685345   -778800.0000000  -1790800.0000000  -766400.0000000  -1826000.0000000  
116     816     1032    197     77      71.6897475    -67.9187048   5.625   0.084   10.830  0.413   2      13.133  5.133   1013    1109    71.4150819    -67.0854284   -778800.0000000  -1842000.0000000  -763400.0000000  -1881400.0000000  
117     1248    1032    222     28      70.9712605    -66.9917194   11.250  0.170   16.042  0.309   2      14.800  1.867   1470    1060    70.6192129    -66.4017153   -778800.0000000  -1928400.0000000  -773200.0000000  -1972800.0000000  
118     520     1040    176     61      72.1857128    -68.5544796   0.000   0.193   18.475  0.403   3      11.733  4.067   696     1101    71.9373019    -67.8209725   -777200.0000000  -1782800.0000000  -765000.0000000  -1818000.0000000  
119     616     1040    177     62      72.0268815    -68.3304669   0.000   0.206   21.845  0.416   3      11.800  4.133   793     1102    71.7767425    -67.5990485   -777200.0000000  -1802000.0000000  -764800.0000000  -1837400.0000000  
120     432     1048    176     61      72.3369385    -68.7199009   0.000   0.304   31.571  0.584   3      11.733  4.067   608     1109    72.0890652    -67.9777645   -775600.0000000  -1765200.0000000  -763400.0000000  -1800400.0000000  
121     1320    1048    224     11      70.8618781    -66.7627552   11.250  0.152   14.180  0.315   2      14.933  0.733   1544    1059    70.4947855    -66.2616334   -775600.0000000  -1942800.0000000  -773400.0000000  -1987600.0000000  
122     296     1056    176     61      72.5672728    -69.0052972   0.000   0.341   36.720  0.593   3      11.733  4.067   472     1117    72.3203560    -68.2492678   -774000.0000000  -1738000.0000000  -761800.0000000  -1773200.0000000  
123     488     1056    176     61      72.2501605    -68.5433674   0.000   0.225   22.953  0.418   3      11.733  4.067   664     1117    72.0016585    -67.8073502   -774000.0000000  -1776400.0000000  -761800.0000000  -1811600.0000000  
124     648     1056    176     62      71.9852624    -68.1710533   0.000   0.240   24.502  0.424   3      11.733  4.133   824     1118    71.7361928    -67.4457545   -774000.0000000  -1808400.0000000  -761600.0000000  -1843600.0000000  
125     880     1056    199     69      71.6002115    -67.6505658   5.625   0.187   20.130  0.424   3      13.267  4.600   1079    1125    71.3157035    -66.8629091   -774000.0000000  -1854800.0000000  -760200.0000000  -1894600.0000000  
126     1280    1056    227     20      70.9339759    -66.8034518   11.250  0.181   18.644  0.354   2      15.133  1.333   1507    1076    70.5677657    -66.2485507   -774000.0000000  -1934800.0000000  -770000.0000000  -1980200.0000000  
127     832     1064    200     74      71.6855341    -67.7141666   5.625   0.204   17.854  0.370   2      13.333  4.933   1032    1138    71.4029158    -66.8935753   -772400.0000000  -1845200.0000000  -757600.0000000  -1885200.0000000  
128     264     1072    176     61      72.6318092    -68.9956370   0.000   0.244   25.416  0.339   2      11.733  4.067   440     1133    72.3848074    -68.2369353   -770800.0000000  -1731600.0000000  -758600.0000000  -1766800.0000000  
129     528     1072    176     62      72.1954529    -68.3626992   0.000   0.241   25.264  0.433   3      11.733  4.133   704     1134    71.9469787    -67.6261250   -770800.0000000  -1784400.0000000  -758400.0000000  -1819600.0000000  
130     560     1072    176     62      72.1424537    -68.2881151   0.000   0.253   25.739  0.432   3      11.733  4.133   736     1134    71.8937259    -67.5547764   -770800.0000000  -1790800.0000000  -758400.0000000  -1826000.0000000  
131     944     1072    201     60      71.5048147    -67.4270270   5.625   0.162   13.456  0.314   2      13.400  4.000   1145    1132    71.2101008    -66.6894775   -770800.0000000  -1867600.0000000  -758800.0000000  -1907800.0000000  
132     392     1080    176     61      72.4262399    -68.6410081   0.000   0.281   29.570  0.483   3      11.733  4.067   568     1141    72.1779912    -67.8962185   -769200.0000000  -1757200.0000000  -757000.0000000  -1792400.0000000  
133     424     1080    176     61      72.3733200    -68.5645828   0.000   0.288   30.629  0.571   3      11.733  4.067   600     1141    72.1248104    -67.8231159   -769200.0000000  -1763600.0000000  -757000.0000000  -1798800.0000000  
134     1312    1080    232     12      70.8964939    -66.6159341   11.250  0.079   8.867   0.280   1      15.467  0.800   1544    1092    70.5161905    -66.0962109   -769200.0000000  -1941200.0000000  -766800.0000000  -1987600.0000000  
135     592     1096    176     62      72.1064465    -68.0846029   0.000   0.303   31.816  0.542   3      11.733  4.133   768     1158    71.8569483    -67.3555972   -766000.0000000  -1797200.0000000  -753600.0000000  -1832400.0000000  
136     680     1096    176     62      71.9603792    -67.8838824   0.000   0.201   20.593  0.442   3      11.733  4.133   856     1158    71.7102072    -67.1635912   -766000.0000000  -1814800.0000000  -753600.0000000  -1850000.0000000  
137     272     1104    176     61      72.6420104    -68.7991066   0.000   0.184   18.298  0.398   2      11.733  4.067   448     1165    72.3942258    -68.0427788   -764400.0000000  -1733200.0000000  -752200.0000000  -1768400.0000000  
138     336     1104    176     61      72.5362148    -68.6438365   0.000   0.269   28.015  0.434   3      11.733  4.067   512     1165    72.2878967    -67.8943129   -764400.0000000  -1746000.0000000  -752200.0000000  -1781200.0000000  
139     624     1104    176     62      72.0589836    -67.9681551   0.000   0.340   35.885  0.549   3      11.733  4.133   800     1166    71.8090661    -67.2427143   -764400.0000000  -1803600.0000000  -752000.0000000  -1838800.0000000  
140     1208    1104    231     36      71.0861951    -66.7046366   11.250  0.171   14.495  0.364   2      15.400  2.400   1439    1140    70.7231525    -66.0582026   -764400.0000000  -1920400.0000000  -757200.0000000  -1966600.0000000  
141     368     1112    176     61      72.4890496    -68.5229503   0.000   0.270   27.669  0.494   3      11.733  4.067   544     1173    72.2402920    -67.7771744   -762800.0000000  -1752400.0000000  -750600.0000000  -1787600.0000000  
142     424     1112    176     61      72.3963262    -68.3896593   0.000   0.255   25.231  0.431   3      11.733  4.067   600     1173    72.1471154    -67.6497129   -762800.0000000  -1763600.0000000  -750600.0000000  -1798800.0000000  
143     504     1112    176     61      72.2637424    -68.2016990   0.000   0.200   20.888  0.385   2      11.733  4.067   680     1173    72.0138968    -67.4699527   -762800.0000000  -1779600.0000000  -750600.0000000  -1814800.0000000  
144     1128    1112    220     37      71.2251670    -66.8283781   5.625   0.164   14.185  0.314   2      14.667  2.467   1348    1149    70.8815102    -66.1914480   -762800.0000000  -1904400.0000000  -755400.0000000  -1948400.0000000  
145     472     1120    176     61      72.3224920    -68.2328994   0.000   0.245   26.609  0.505   3      11.733  4.067   648     1181    72.0727244    -67.4982745   -761200.0000000  -1773200.0000000  -749000.0000000  -1808400.0000000  
146     584     1128    176     62      72.1422820    -67.9300185   0.000   0.302   32.428  0.574   3      11.733  4.133   760     1190    71.8921537    -67.2017266   -759600.0000000  -1795600.0000000  -747200.0000000  -1830800.0000000  
147     656     1128    176     62      72.0226368    -67.7662587   0.000   0.258   25.941  0.457   3      11.733  4.133   832     1190    71.7719607    -67.0451198   -759600.0000000  -1810000.0000000  -747200.0000000  -1845200.0000000  
148     1352    1136    245     0       70.8663516    -66.2499381   16.875  0.089   8.724   0.304   2      16.333  0.000   1597    1136    70.4555464    -65.7738106   -758000.0000000  -1949200.0000000  -758000.0000000  -1998200.0000000  
149     280     1144    176     61      72.6577897    -68.5579565   0.000   0.170   16.641  0.355   2      11.733  4.067   456     1205    72.4090461    -67.8044154   -756400.0000000  -1734800.0000000  -744200.0000000  -1770000.0000000  
150     440     1144    176     61      72.3926298    -68.1766693   0.000   0.308   31.660  0.504   3      11.733  4.067   616     1205    72.1425916    -67.4399190   -756400.0000000  -1766800.0000000  -744200.0000000  -1802000.0000000  
151     960     1144    209     57      71.5271712    -67.0144196   5.625   0.120   11.021  0.344   2      13.933  3.800   1169    1201    71.2153906    -66.2820139   -756400.0000000  -1870800.0000000  -745000.0000000  -1912600.0000000  
152     1104    1144    224     40      71.2866212    -66.7119077   5.625   0.124   12.303  0.310   2      14.933  2.667   1328    1184    70.9377139    -66.0517268   -756400.0000000  -1899600.0000000  -748400.0000000  -1944400.0000000  
153     344     1152    176     61      72.5575277    -68.3598352   0.000   0.146   14.105  0.254   1      11.733  4.067   520     1213    72.3080822    -67.6134751   -754800.0000000  -1747600.0000000  -742600.0000000  -1782800.0000000  
154     408     1152    176     61      72.4514033    -68.2080173   0.000   0.193   19.776  0.303   2      11.733  4.067   584     1213    72.2014438    -67.4683480   -754800.0000000  -1760400.0000000  -742600.0000000  -1795600.0000000  
155     520     1152    176     62      72.2654689    -67.9467767   0.000   0.222   23.158  0.301   2      11.733  4.133   696     1214    72.0153143    -67.2131813   -754800.0000000  -1782800.0000000  -742400.0000000  -1818000.0000000  
156     1048    1160    213     49      71.3908982    -66.7448903   5.625   0.114   10.182  0.272   1      14.200  3.267   1261    1209    71.0662800    -66.0558011   -753200.0000000  -1888400.0000000  -743400.0000000  -1931000.0000000  
157     480     1168    176     62      72.3431838    -67.9518967   0.000   0.157   15.732  0.344   2      11.733  4.133   656     1230    72.0929917    -67.2149959   -751600.0000000  -1774800.0000000  -739200.0000000  -1810000.0000000  
158     624     1168    176     62      72.1036968    -67.6225717   0.000   0.268   27.512  0.444   3      11.733  4.133   800     1230    71.8524025    -66.9001915   -751600.0000000  -1803600.0000000  -739200.0000000  -1838800.0000000  
159     576     1176    176     62      72.1891439    -67.6878637   0.000   0.277   27.776  0.522   3      11.733  4.133   752     1238    71.9380390    -66.9610855   -750000.0000000  -1794000.0000000  -737600.0000000  -1829200.0000000  
160     408     1184    176     61      72.4740834    -68.0318323   0.000   0.159   15.657  0.321   2      11.733  4.067   584     1245    72.2234226    -67.2937384   -748400.0000000  -1760400.0000000  -736200.0000000  -1795600.0000000  
161     512     1184    176     62      72.3012043    -67.7904989   0.000   0.163   16.291  0.301   2      11.733  4.133   688     1246    72.0504147    -67.0576481   -748400.0000000  -1781200.0000000  -736000.0000000  -1816400.0000000  
162     1008    1184    214     50      71.4737775    -66.7025766   5.625   0.209   20.527  0.415   3      14.267  3.333   1222    1234    71.1478821    -66.0039646   -748400.0000000  -1880400.0000000  -738400.0000000  -1923200.0000000  
163     320     1192    176     61      72.6258775    -68.1954162   0.000   0.130   12.558  0.264   1      11.733  4.067   496     1253    72.3757410    -67.4484982   -746800.0000000  -1742800.0000000  -734600.0000000  -1778000.0000000  
164     464     1200    175     61      72.3922392    -67.8134093   0.000   0.185   13.121  0.375   2      11.667  4.067   639     1261    72.1424646    -67.0840933   -745200.0000000  -1771600.0000000  -733000.0000000  -1806600.0000000  
165     608     1208    176     62      72.1579928    -67.4415714   0.000   0.205   20.303  0.448   3      11.733  4.133   784     1270    71.9059580    -66.7195615   -743600.0000000  -1800400.0000000  -731200.0000000  -1835600.0000000  
166     648     1208    177     60      72.0912973    -67.3520833   0.000   0.154   13.381  0.291   1      11.800  4.000   825     1268    71.8359632    -66.6426453   -743600.0000000  -1808400.0000000  -731600.0000000  -1843800.0000000  
167     576     1216    176     62      72.2168471    -67.4700309   0.000   0.223   21.930  0.345   2      11.733  4.133   752     1278    71.9648782    -66.7452223   -742000.0000000  -1794000.0000000  -729600.0000000  -1829200.0000000  
168     1008    1224    219     50      71.5002842    -66.4918422   5.625   0.133   13.143  0.331   2      14.600  3.333   1227    1274    71.1651408    -65.7860769   -740400.0000000  -1880400.0000000  -730400.0000000  -1924200.0000000  
169     464     1232    176     62      72.4145496    -67.6373155   0.000   0.158   15.853  0.252   1      11.733  4.133   640     1294    72.1630812    -66.9019398   -738800.0000000  -1771600.0000000  -726400.0000000  -1806800.0000000  
170     408     1240    176     61      72.5133826    -67.7223981   0.000   0.142   13.850  0.266   1      11.733  4.067   584     1301    72.2614961    -66.9871201   -737200.0000000  -1760400.0000000  -725000.0000000  -1795600.0000000  
171     592     1248    176     62      72.2121202    -67.2594504   0.000   0.206   20.529  0.480   3      11.733  4.133   768     1310    71.9593430    -66.5378434   -735600.0000000  -1797200.0000000  -723200.0000000  -1832400.0000000  
172     680     1264    183     51      72.0759553    -66.9775564   0.000   0.241   24.041  0.395   2      12.200  3.400   863     1315    71.8032500    -66.3099202   -732400.0000000  -1814800.0000000  -722200.0000000  -1851400.0000000  
173     392     1272    175     61      72.5622902    -67.5818845   0.000   0.178   17.621  0.459   3      11.667  4.067   567     1333    72.3115014    -66.8487969   -730800.0000000  -1757200.0000000  -718600.0000000  -1792200.0000000  
174     432     1272    175     61      72.4955913    -67.4897544   0.000   0.131   12.130  0.219   1      11.667  4.067   607     1333    72.2444985    -66.7607905   -730800.0000000  -1765200.0000000  -718600.0000000  -1800200.0000000  
175     520     1272    175     62      72.3487392    -67.2895571   0.000   0.112   10.370  0.266   1      11.667  4.133   695     1334    72.0976530    -66.5640801   -730800.0000000  -1782800.0000000  -718400.0000000  -1817800.0000000  
176     936     1296    225     58      71.6682820    -66.2593955   11.250  0.095   8.522   0.237   1      15.000  3.867   1161    1354    71.3270009    -65.4975372   -726000.0000000  -1866000.0000000  -714400.0000000  -1911000.0000000  
177     776     1312    186     49      71.9472505    -66.5099568   0.000   0.115   10.956  0.210   1      12.400  3.267   962     1361    71.6666483    -65.8587871   -722800.0000000  -1834000.0000000  -713000.0000000  -1871200.0000000  
178     712     1328    185     50      72.0651673    -66.5601701   0.000   0.134   13.354  0.229   1      12.333  3.333   897     1378    71.7869719    -65.9006033   -719600.0000000  -1821200.0000000  -709600.0000000  -1858200.0000000  
179     936     1328    228     55      71.6891019    -66.0885210   5.625   0.098   8.483   0.210   1      15.200  3.667   1164    1383    71.3401481    -65.3389495   -719600.0000000  -1866000.0000000  -708600.0000000  -1911600.0000000  
180     656     1336    185     52      72.1643761    -66.6374891   0.000   0.138   13.074  0.257   1      12.333  3.467   841     1388    71.8876648    -65.9622231   -718000.0000000  -1810000.0000000  -707600.0000000  -1847000.0000000  
181     776     1344    186     49      71.9683199    -66.3366899   0.000   0.171   16.891  0.309   2      12.400  3.267   962     1393    71.6870916    -65.6874712   -716400.0000000  -1834000.0000000  -706600.0000000  -1871200.0000000  
182     536     1352    177     61      72.3761775    -66.8124709   0.000   0.121   10.859  0.255   1      11.800  4.067   713     1413    72.1192339    -66.0939825   -714800.0000000  -1786000.0000000  -702600.0000000  -1821400.0000000  
183     640     1368    185     52      72.2124323    -66.4967758   0.000   0.146   14.497  0.292   1      12.333  3.467   825     1420    71.9351753    -65.8218870   -711600.0000000  -1806800.0000000  -701200.0000000  -1843800.0000000  
184     672     1368    185     52      72.1587158    -66.4277894   0.000   0.093   8.485   0.252   1      12.333  3.467   857     1420    71.8812540    -65.7560096   -711600.0000000  -1813200.0000000  -701200.0000000  -1850200.0000000  
185     488     1408    178     62      72.4940554    -66.6076252   0.000   0.142   12.914  0.382   2      11.867  4.133   666     1470    72.2352047    -65.8796999   -703600.0000000  -1776400.0000000  -691200.0000000  -1812000.0000000  
186     640     1408    187     52      72.2387450    -66.2768219   0.000   0.101   9.027   0.282   1      12.467  3.467   827     1460    71.9573028    -65.6002938   -703600.0000000  -1806800.0000000  -693200.0000000  -1844200.0000000  
187     448     1416    176     61      72.5665076    -66.6515438   0.000   0.202   19.312  0.384   2      11.733  4.067   624     1477    72.3104965    -65.9297186   -702000.0000000  -1768400.0000000  -689800.0000000  -1803600.0000000  
188     1056    1416    237     43      71.5430823    -65.3764352   0.000   0.107   9.689   0.235   1      15.800  2.867   1293    1459    71.1688718    -64.6924076   -702000.0000000  -1890000.0000000  -693400.0000000  -1937400.0000000  
189     608     1424    187     53      72.3030153    -66.2572624   0.000   0.114   12.357  0.282   1      12.467  3.533   795     1477    72.0220841    -65.5731262   -700400.0000000  -1800400.0000000  -689800.0000000  -1837800.0000000  
190     856     1424    204     32      71.8854930    -65.7363949   11.250  0.082   8.156   0.336   2      13.600  2.133   1060    1456    71.5612738    -65.1551771   -700400.0000000  -1850000.0000000  -694000.0000000  -1890800.0000000  
191     504     1440    179     61      72.4883544    -66.3939263   0.000   0.137   12.907  0.296   1      11.933  4.067   683     1501    72.2263687    -65.6728610   -697200.0000000  -1779600.0000000  -685000.0000000  -1815400.0000000  
192     472     1448    177     59      72.5474092    -66.4193390   0.000   0.107   10.453  0.210   1      11.800  3.933   649     1507    72.2875745    -65.7107277   -695600.0000000  -1773200.0000000  -683800.0000000  -1808600.0000000  
193     720     1456    188     50      72.1351970    -65.8434775   0.000   0.158   14.580  0.283   1      12.533  3.333   908     1506    71.8493518    -65.1866010   -694000.0000000  -1822800.0000000  -684000.0000000  -1860400.0000000  
194     568     1464    185     59      72.3964043    -66.1214320   354.375  0.088   7.200   0.241   1      12.333  3.933   753     1523    72.1220608    -65.4069398   -692400.0000000  -1792400.0000000  -680600.0000000  -1829400.0000000  
195     752     1464    188     49      72.0863666    -65.7329639   0.000   0.081   7.433   0.230   1      12.533  3.267   940     1513    71.7995551    -65.0850632   -692400.0000000  -1829200.0000000  -682600.0000000  -1866800.0000000  
196     672     1488    189     52      72.2366313    -65.7676822   0.000   0.111   10.916  0.218   1      12.600  3.467   861     1540    71.9499825    -65.0953644   -687600.0000000  -1813200.0000000  -677200.0000000  -1851000.0000000  
197     584     1496    188     55      72.3901600    -65.9091068   5.625   0.139   11.292  0.244   1      12.533  3.667   772     1551    72.1074541    -65.2141407   -686000.0000000  -1795600.0000000  -675000.0000000  -1833200.0000000  
198     584     1544    190     55      72.4208873    -65.6413213   0.000   0.214   20.993  0.388   2      12.667  3.667   774     1599    72.1337863    -64.9454634   -676400.0000000  -1795600.0000000  -665400.0000000  -1833600.0000000  
199     624     1552    191     53      72.3583800    -65.5128641   0.000   0.157   14.112  0.251   1      12.733  3.533   815     1605    72.0679408    -64.8305955   -674800.0000000  -1803600.0000000  -664200.0000000  -1841800.0000000  
200     664     1552    191     52      72.2907632    -65.4297791   0.000   0.104   9.447   0.205   1      12.733  3.467   855     1604    71.9994717    -64.7569670   -674800.0000000  -1811600.0000000  -664400.0000000  -1849800.0000000  
201     696     1552    190     51      72.2366521    -65.3637736   0.000   0.085   8.847   0.248   1      12.667  3.400   886     1603    71.9462599    -64.7015265   -674800.0000000  -1818000.0000000  -664600.0000000  -1856000.0000000  
202     600     1584    191     54      72.4191386    -65.3841123   0.000   0.141   12.893  0.342   2      12.733  3.600   791     1638    72.1287929    -64.6960956   -668400.0000000  -1798800.0000000  -657600.0000000  -1837000.0000000  
203     648     1592    192     52      72.3429142    -65.2401277   0.000   0.124   10.851  0.270   1      12.800  3.467   840     1644    72.0492044    -64.5665154   -666800.0000000  -1808400.0000000  -656400.0000000  -1846800.0000000  
204     704     1648    194     51      72.2825852    -64.8140392   0.000   0.150   13.539  0.269   1      12.933  3.400   898     1699    71.9834178    -64.1515002   -655600.0000000  -1819600.0000000  -645400.0000000  -1858400.0000000  
205     632     1656    193     53      72.4096820    -64.9147795   0.000   0.126   10.296  0.230   1      12.867  3.533   825     1709    72.1136523    -64.2365995   -654000.0000000  -1805200.0000000  -643400.0000000  -1843800.0000000  
206     672     1656    194     52      72.3417968    -64.8337801   0.000   0.162   14.301  0.352   2      12.933  3.467   866     1708    72.0432402    -64.1631675   -654000.0000000  -1813200.0000000  -643600.0000000  -1852000.0000000  
207     704     1680    194     51      72.3020709    -64.6354705   0.000   0.157   14.651  0.355   2      12.933  3.400   898     1731    72.0022599    -63.9752329   -649200.0000000  -1819600.0000000  -639000.0000000  -1858400.0000000  
