no.,dudx,dudy,dvdx,dvdy,eps_I,eps_II,eps_tot
0,-0.792427911071979,0.39621395553598937,0.7924279110719779,-0.39621395553598915,-1.1886418666079681,1.2529385402384061,1.7270565922018952
1,1.386748844375963,1.2134052388289676,-1.3867488443759632,-1.2134052388289678,0.17334360554699524,2.6059257974837475,2.6116847565461145
2,-0.48234742413076975,1.4470422723923093,-0.4823474241307697,-1.3264554163596167,-1.8088028404903864,1.2818558627267616,2.2169623741897517
3,-0.9646948482615395,1.4470422723923093,-0.3617605680980773,-0.8441079922288471,-1.8088028404903866,1.0919604239731595,2.1128524045208965
4,-0.5042723070458047,2.5213615352290235,0.0,0.0,-0.5042723070458047,2.5712943337910104,2.62027576995992
5,-0.38255140534509324,1.530205621380373,0.19127570267254668,-0.7651028106901865,-1.1476542160352796,1.7634748443894797,2.104032729398013
6,1.3877787807814457e-17,1.1102230246251565e-16,0.33230847883663633,0.7796468157321084,0.7796468157321084,0.8475128803669802,1.151575980849354
7,-9.244992295839754,-1.8489984591679507,0.0,0.0,-9.244992295839754,9.428079223900374,13.20449016063393
8,0.0,-1.6653345369377348e-16,0.0,0.0,0.0,1.6653345369377348e-16,1.6653345369377348e-16
9,-0.3262938457355208,0.9788815372065618,-0.8157346143388019,-0.3262938457355209,-0.6525876914710417,0.1631469228677599,0.6726719954782734
10,-1.2606807676145113,0.7564084605687071,0.0,-4.440892098500626e-16,-1.2606807676145118,1.4701937821433724,1.9366945435163876
11,-1.2326656394453002,0.6163328197226501,-1.1102230246251565e-16,0.0,-1.2326656394453002,1.3781620816639686,1.8489984591679502
12,-0.7924279110719794,1.1886418666079686,-1.1886418666079683,0.3962139555359895,-0.3962139555359899,1.188641866607969,1.2529385402384077
13,-0.7704160246533132,1.2326656394453002,-1.386748844375963,0.0,-0.7704160246533132,0.7856732686583647,1.100374180052828
14,0.0,0.0,0.0,0.0,0.0,0.0,0.0
15,0.8063301551258732,1.5014423578205915,0.0,0.0,0.8063301551258732,1.7042586285312369,1.8853821342074097
16,1.6653345369377348e-16,0.0,0.0,0.0,1.6653345369377348e-16,1.6653345369377348e-16,2.3551386880256624e-16
17,2.220446049250313e-16,0.0,0.0,0.0,2.220446049250313e-16,2.220446049250313e-16,3.1401849173675503e-16
18,1.386748844375963,-0.6303403838072558,-1.386748844375963,0.630340383807256,2.017089228183219,2.1542522400296336,2.951178013628705
19,0.0,8.326672684688674e-17,0.0,0.0,0.0,8.326672684688674e-17,8.326672684688674e-17
20,0.0,0.9244992295839751,4.160246533127889,-1.386748844375963,-1.386748844375963,5.2704565104736725,5.449842583613988
21,-0.4781892566813662,0.7651028106901867,0.2869135540088202,-2.6778598374156526,-3.156049094097019,2.4382963510087174,3.988224539778702
22,-2.220446049250313e-16,-1.1102230246251565e-16,0.0,0.0,-2.220446049250313e-16,2.482534153247273e-16,3.3306690738754696e-16
23,1.0736120085491323,0.08946766737909445,0.0,0.0,1.0736120085491323,1.0773333784892951,1.5209503454446043
24,-0.8217770929635337,-0.6163328197226502,0.0,0.0,-0.8217770929635337,1.0272213662044172,1.3154852054304775
25,-1.0085446140916092,-0.5042723070458046,0.0,0.0,-1.0085446140916092,1.1275871577250653,1.5128169211374138
26,-0.08667180277349773,-0.6067026194144838,0.0,0.0,-0.08667180277349773,0.6128621947880323,0.6189604762797154
27,0.19810697776799474,2.2782302443319393,-0.1981069777679947,0.49526744441998694,0.6933744221879816,2.101241810701825,2.2126873336253365
28,-0.6603565925599824,-1.5848558221439575,-0.1320713185119965,0.7924279110719787,0.13207131851199638,2.2490935107981156,2.2529679210960127
29,1.1102230246251565e-16,1.6653345369377348e-16,-1.1102230246251565e-16,-1.6653345369377348e-16,-5.551115123125783e-17,2.830524433501838e-16,2.8844440295753455e-16
30,0.0,0.0,0.0,0.0,0.0,0.0,0.0
31,-5.551115123125783e-17,0.0,-0.13594128256003044,0.12707554674089805,0.127075546740898,0.1860866112420886,0.22533624090026524
32,1.7763568394002505e-15,8.881784197001252e-16,-11.093990755007706,6.933744221879815,6.933744221879817,13.082562432744135,14.80642592731615
33,1.7763568394002505e-15,-8.881784197001252e-16,5.2056418158113065,-3.1575204456560386,-3.157520445656037,6.088402259974217,6.85846757257006
34,0.0,2.220446049250313e-16,-0.11508289164945751,0.3912818316081555,0.3912818316081555,0.40785480712752875,0.5651964396947902
35,0.0,0.0,0.6933744221879815,-1.386748844375963,-1.386748844375963,1.550432341871965,2.0801232665639446
36,0.0,0.0,3.6979969183359014,-1.8489984591679511,-1.8489984591679511,4.1344862449919075,4.529102760153797
37,-4.440892098500626e-16,0.0,4.440892098500626e-16,0.0,-4.440892098500626e-16,6.280369834735101e-16,7.691850745534256e-16
38,0.0,-5.551115123125783e-17,0.0,5.551115123125783e-17,5.551115123125783e-17,7.850462293418876e-17,9.61481343191782e-17
39,-5.551115123125783e-17,0.0,5.551115123125783e-17,0.0,-5.551115123125783e-17,7.850462293418876e-17,9.61481343191782e-17
40,-1.386748844375962,-0.34668721109399137,-4.160246533127886,-2.4268104776579325,-3.8135593220338944,4.625384305744874,5.994782287831861
41,0.5526526759874686,0.85456478601766,-0.30702926443748263,-0.7829246243155806,-0.23027194832811204,1.443454839084638,1.4617068935541362
42,0.7924279110719779,0.9244992295839753,-2.3772837332159367,-1.386748844375963,-0.5943209333039852,2.6190445100222672,2.685630562315133
43,0.0,2.7755575615628914e-17,0.10272213662044172,0.10272213662044169,0.10272213662044169,0.14527103876457065,0.1779199596886366
44,0.0,0.0,-0.2959670511232692,0.22913578151478908,0.22913578151478908,0.37429894699424016,0.43886547835457523
45,-0.729867812829454,0.14597356256589078,-0.7298678128294549,0.1459735625658909,-0.5838942502635631,1.0526303293869406,1.2037288340137522
46,-1.0667298802892025,-0.6400379281735207,0.21334597605784045,2.3468057366362447,1.2800758563470422,3.440100497081282,3.670542960928464
47,-1.3867488443759637,-0.34668721109399137,2.7734976887519256,-0.6933744221879818,-2.0801232665639455,2.523920993972444,3.2706406081860337
48,-1.3867488443759637,0.2773497688751929,2.7734976887519274,-0.5546995377503858,-1.9414483821263495,3.162273906284206,3.7106870090088426
49,0.0,0.0,0.0,0.0,0.0,0.0,0.0
50,0.0,-5.551115123125783e-17,0.0,0.0,0.0,5.551115123125783e-17,5.551115123125783e-17
51,0.0,0.0,0.0,0.0,0.0,0.0,0.0
52,0.0,0.0,0.0,0.0,0.0,0.0,0.0
53,0.0,0.0,0.0,0.0,0.0,0.0,0.0
54,0.0,0.0,-0.7564084605687071,1.2606807676145118,1.2606807676145118,1.470193782143373,1.936694543516388
55,0.0,-1.1102230246251565e-16,-0.13207131851199647,0.7924279110719787,0.7924279110719787,0.8033584675718537,1.1284178400155223
56,0.0,0.0,0.0,0.0,0.0,0.0,0.0
57,0.0,0.0,0.0,0.0,0.0,0.0,0.0
58,0.0,0.0,0.0,0.0,0.0,0.0,0.0
59,0.0,-8.881784197001252e-16,-1.386748844375963,-2.946841294298921,-2.946841294298921,3.2568306635690183,4.392131553693349
60,0.0,0.0,0.0,0.0,0.0,0.0,0.0
61,0.0,0.0,0.0,0.0,0.0,0.0,0.0
62,0.0,0.0,0.0,0.0,0.0,0.0,0.0
63,0.0,2.220446049250313e-16,1.0085446140916094,0.5042723070458048,0.5042723070458048,1.1275871577250658,1.2352098436783083
64,0.0,0.0,0.42669195211568095,1.4934218324048834,1.4934218324048834,1.5531821501368892,2.1546887387758376
65,1.1102230246251565e-16,0.0,0.0,0.0,1.1102230246251565e-16,1.1102230246251565e-16,1.5700924586837752e-16
66,0.0,0.0,0.0,0.0,0.0,0.0,0.0
67,2.220446049250313e-16,-1.1102230246251565e-16,0.0,0.0,2.220446049250313e-16,2.482534153247273e-16,3.3306690738754696e-16
68,-1.1102230246251565e-16,0.0,0.0,0.0,-1.1102230246251565e-16,1.1102230246251565e-16,1.5700924586837752e-16
69,0.0,-1.1102230246251565e-16,0.0,0.0,0.0,1.1102230246251565e-16,1.1102230246251565e-16
70,0.0,0.0,0.0,0.0,0.0,0.0,0.0
71,0.0,0.0,0.0,0.0,0.0,0.0,0.0
72,0.0,-1.1102230246251565e-16,0.0,1.1102230246251565e-16,1.1102230246251565e-16,1.5700924586837752e-16,1.922962686383564e-16
73,4.440892098500626e-16,5.551115123125783e-17,-4.440892098500626e-16,-5.551115123125783e-17,3.885780586188048e-16,6.329245045284193e-16,7.426885862005046e-16
74,2.220446049250313e-16,0.0,-2.220446049250313e-16,0.0,2.220446049250313e-16,3.1401849173675503e-16,3.845925372767128e-16
75,-2.220446049250313e-16,-1.1102230246251565e-16,0.0,0.0,-2.220446049250313e-16,2.482534153247273e-16,3.3306690738754696e-16
76,0.0,5.551115123125783e-17,0.0,0.0,0.0,5.551115123125783e-17,5.551115123125783e-17
77,-1.1102230246251565e-16,0.0,0.0,0.0,-1.1102230246251565e-16,1.1102230246251565e-16,1.5700924586837752e-16
78,0.0,0.0,0.0,0.0,0.0,0.0,0.0
79,0.0,0.0,0.0,0.0,0.0,0.0,0.0
80,-1.0785824345146375,-0.15408320493066252,-1.078582434514638,-0.15408320493066258,-1.2326656394453002,1.5408320493066254,1.973227808145716
81,0.12606807676145126,-0.7564084605687073,0.12606807676145115,-0.7564084605687071,-0.6303403838072559,1.084478602092501,1.2543615259783696
82,-2.220446049250313e-16,-2.220446049250313e-16,0.0,0.0,-2.220446049250313e-16,3.1401849173675503e-16,3.845925372767128e-16
83,-0.5233014507079105,-1.7268947873361051,0.6279617408494929,1.5175742070529408,0.9942727563450303,2.3179359980597254,2.5221827065284304
84,0.44375963020030795,0.0,-0.22187981510015398,0.0,0.44375963020030795,0.4961383493990286,0.6656394453004619
85,-0.5838942502635631,-0.29194712513178134,0.5838942502635631,0.29194712513178134,-0.2919471251317818,0.9232178717546151,0.9682790726850566
86,-0.24117371206538474,-1.205868560326925,0.24117371206538474,1.205868560326925,0.9646948482615403,1.7391283702914675,1.9887693779357656
87,-2.220446049250313e-16,0.0,2.220446049250313e-16,0.0,-2.220446049250313e-16,3.1401849173675503e-16,3.845925372767128e-16
88,0.252136153522903,1.2606807676145118,-0.5042723070458042,-2.5213615352290244,-2.2692253817061214,2.874794460258369,3.662489183835428
89,0.0,4.440892098500626e-16,-0.07704160246533132,0.38520801232665614,0.38520801232665614,0.3928366343291818,0.5501870900264133
90,-1.1630796759282274,-0.6262736716536608,2.86296535613102,1.968288682340077,0.8052090064118496,3.8481498783927455,3.931490688095402
91,1.1102230246251565e-16,-5.551115123125783e-17,0.0,0.0,1.1102230246251565e-16,1.2412670766236366e-16,1.6653345369377348e-16
92,-5.551115123125783e-17,0.0,0.0,0.0,-5.551115123125783e-17,5.551115123125783e-17,7.850462293418876e-17
93,1.1102230246251565e-16,0.0,0.0,0.0,1.1102230246251565e-16,1.1102230246251565e-16,1.5700924586837752e-16
94,0.0,2.220446049250313e-16,0.0,0.0,0.0,2.220446049250313e-16,2.220446049250313e-16
95,0.0,0.0,0.0,0.0,0.0,0.0,0.0
96,1.1102230246251565e-16,0.0,0.0,0.0,1.1102230246251565e-16,1.1102230246251565e-16,1.5700924586837752e-16
97,1.1102230246251565e-16,0.0,0.0,0.0,1.1102230246251565e-16,1.1102230246251565e-16,1.5700924586837752e-16
98,0.0,0.0,0.0,0.0,0.0,0.0,0.0
99,-0.11093990755007699,-0.9984591679506933,0.0,0.0,-0.11093990755007699,1.0046035900553065,1.010710659011386
100,-1.1093990755007705,0.0,0.0,0.0,-1.1093990755007705,1.1093990755007705,1.568927218657363
101,0.0,0.0,0.0,0.0,0.0,0.0,0.0
102,0.0,0.0,0.0,0.0,0.0,0.0,0.0
103,0.0,0.0,0.0,0.0,0.0,0.0,0.0
104,0.0,0.0,0.0,0.0,0.0,0.0,0.0
105,0.0,0.0,0.0,0.0,0.0,0.0,0.0
106,0.0,0.0,0.0,0.0,0.0,0.0,0.0
107,0.0,4.440892098500626e-16,1.0085446140916097,2.14315730494467,2.14315730494467,2.368604118959286,3.194277493595163
108,0.0,0.0,0.0,1.3867488443759632,1.3867488443759632,1.3867488443759632,1.9611590233217038
109,0.0,0.0,0.0,0.0,0.0,0.0,0.0
110,0.0,1.6653345369377348e-16,0.0,0.0,0.0,1.6653345369377348e-16,1.6653345369377348e-16
111,-2.7755575615628914e-17,0.0,0.0,0.0,-2.7755575615628914e-17,2.7755575615628914e-17,3.925231146709438e-17
112,0.0,2.220446049250313e-16,0.0,0.0,0.0,2.220446049250313e-16,2.220446049250313e-16
113,0.0,0.0,0.0,0.0,0.0,0.0,0.0
114,0.0,0.0,0.0,0.0,0.0,0.0,0.0
115,1.1102230246251565e-16,0.0,0.0,0.0,1.1102230246251565e-16,1.1102230246251565e-16,1.5700924586837752e-16
116,0.0,0.0,0.0,0.0,0.0,0.0,0.0
117,-2.220446049250313e-16,0.0,-2.220446049250313e-16,0.0,-2.220446049250313e-16,3.1401849173675503e-16,3.845925372767128e-16
118,0.0,2.220446049250313e-16,0.0,2.220446049250313e-16,2.220446049250313e-16,3.1401849173675503e-16,3.845925372767128e-16
119,0.0,0.0,0.0,0.0,0.0,0.0,0.0
120,0.0,0.0,1.4791987673343605,0.3697996918335901,0.3697996918335901,1.5247231897507527,1.5689272186573626
121,0.0,0.0,0.0,0.0,0.0,0.0,0.0
122,0.0,3.3306690738754696e-16,0.0,3.3306690738754696e-16,3.3306690738754696e-16,4.710277376051325e-16,5.768888059150691e-16
123,0.0,0.0,0.0,0.0,0.0,0.0,0.0
124,-1.1102230246251565e-16,0.0,0.7924279110719787,0.39621395553598937,0.39621395553598926,0.8859613382125514,0.9705220200329562
125,2.220446049250313e-16,0.0,0.0,0.0,2.220446049250313e-16,2.220446049250313e-16,3.1401849173675503e-16
126,0.0,0.0,0.0,0.0,0.0,0.0,0.0
127,0.0,1.1102230246251565e-16,0.0,0.0,0.0,1.1102230246251565e-16,1.1102230246251565e-16
128,0.0,0.0,0.0,0.0,0.0,0.0,0.0
129,0.0,0.0,0.0,0.0,0.0,0.0,0.0
130,8.881784197001252e-16,0.0,0.0,0.0,8.881784197001252e-16,8.881784197001252e-16,1.2560739669470201e-15
131,-1.7763568394002505e-15,0.0,-7.0598122986412655,4.538450763412243,4.538450763412241,8.392763848933416,9.54127980702174
132,0.0,0.0,-8.157346143388018,5.220701531768332,5.220701531768332,9.684937820495058,11.002442686543011
133,0.0,0.0,0.0,0.0,0.0,0.0,0.0
134,0.0,0.0,0.0,0.0,0.0,0.0,0.0
135,0.0,0.0,0.0,0.0,0.0,0.0,0.0
136,0.0,0.0,0.0,0.0,0.0,0.0,0.0
137,0.0,0.0,0.0,0.0,0.0,0.0,0.0
138,2.220446049250313e-16,0.0,0.0,0.0,2.220446049250313e-16,2.220446049250313e-16,3.1401849173675503e-16
139,0.0,0.0,0.0,0.0,0.0,0.0,0.0
140,0.0,0.0,0.0,0.0,0.0,0.0,0.0
141,0.0,0.0,0.0,0.0,0.0,0.0,0.0
142,0.0,2.220446049250313e-16,0.0,0.0,0.0,2.220446049250313e-16,2.220446049250313e-16
143,0.0,-2.220446049250313e-16,0.0,0.0,0.0,2.220446049250313e-16,2.220446049250313e-16
144,2.220446049250313e-16,0.0,0.0,0.0,2.220446049250313e-16,2.220446049250313e-16,3.1401849173675503e-16
145,0.0,0.0,0.0,0.0,0.0,0.0,0.0
146,2.220446049250313e-16,0.0,0.0,0.0,2.220446049250313e-16,2.220446049250313e-16,3.1401849173675503e-16
147,-2.220446049250313e-16,0.0,0.0,0.0,-2.220446049250313e-16,2.220446049250313e-16,3.1401849173675503e-16
148,1.1102230246251565e-16,-1.1102230246251565e-16,0.0,0.0,1.1102230246251565e-16,1.5700924586837752e-16,1.922962686383564e-16
149,-8.881784197001252e-16,0.0,0.0,0.0,-8.881784197001252e-16,8.881784197001252e-16,1.2560739669470201e-15
150,0.0,-2.220446049250313e-16,0.0,0.0,0.0,2.220446049250313e-16,2.220446049250313e-16
151,1.1102230246251565e-16,0.0,-1.1102230246251565e-16,0.0,1.1102230246251565e-16,1.5700924586837752e-16,1.922962686383564e-16
152,0.0,1.1102230246251565e-16,0.0,-1.1102230246251565e-16,-1.1102230246251565e-16,1.5700924586837752e-16,1.922962686383564e-16
153,1.1102230246251565e-16,1.1102230246251565e-16,-0.676462850915104,0.9470479912811456,0.9470479912811457,1.1638306949285375,1.5004671886607504
154,0.9244992295839753,1.8489984591679511,0.9244992295839753,1.8489984591679507,2.773497688751926,2.923523260556283,4.029798715137757
155,2.220446049250313e-16,0.0,0.0,0.0,2.220446049250313e-16,2.220446049250313e-16,3.1401849173675503e-16
156,8.881784197001252e-16,0.0,0.0,0.0,8.881784197001252e-16,8.881784197001252e-16,1.2560739669470201e-15
157,-2.220446049250313e-16,0.0,0.0,0.0,-2.220446049250313e-16,2.220446049250313e-16,3.1401849173675503e-16
158,0.0,0.0,0.0,0.0,0.0,0.0,0.0
159,-1.1102230246251565e-16,0.0,0.0,0.0,-1.1102230246251565e-16,1.1102230246251565e-16,1.5700924586837752e-16
160,0.0,0.0,0.0,0.0,0.0,0.0,0.0
161,0.0,0.0,0.0,0.0,0.0,0.0,0.0
162,0.0,0.0,0.0,0.0,0.0,0.0,0.0
163,0.0,0.0,0.0,0.0,0.0,0.0,0.0
164,0.0,0.0,0.0,0.0,0.0,0.0,0.0
165,1.1093990755007705,0.0,0.0,0.0,1.1093990755007705,1.1093990755007705,1.568927218657363
166,2.220446049250313e-16,0.0,0.0,0.0,2.220446049250313e-16,2.220446049250313e-16,3.1401849173675503e-16
167,-2.7755575615628914e-17,-5.551115123125783e-17,0.0,0.0,-2.7755575615628914e-17,6.206335383118183e-17,6.798699777552592e-17
168,-2.220446049250313e-16,0.0,-0.5546995377503852,1.1093990755007705,1.1093990755007703,1.2403458734975723,1.6640986132511557
169,-4.440892098500626e-16,0.0,0.0,0.0,-4.440892098500626e-16,4.440892098500626e-16,6.280369834735101e-16
170,0.0,0.0,0.0,0.0,0.0,0.0,0.0
171,0.0,1.1102230246251565e-16,0.0,0.0,0.0,1.1102230246251565e-16,1.1102230246251565e-16
172,0.0,0.0,0.0,0.0,0.0,0.0,0.0
173,0.0,4.440892098500626e-16,0.0,0.0,0.0,4.440892098500626e-16,4.440892098500626e-16
174,0.0,0.0,0.0,0.0,0.0,0.0,0.0
175,0.0,0.0,0.0,0.0,0.0,0.0,0.0
176,0.0,5.551115123125783e-17,0.0,0.0,0.0,5.551115123125783e-17,5.551115123125783e-17
177,0.0,0.0,0.0,0.0,0.0,0.0,0.0
178,1.1102230246251565e-16,2.220446049250313e-16,0.0,0.0,1.1102230246251565e-16,2.482534153247273e-16,2.719479911021037e-16
179,-2.220446049250313e-16,0.0,0.0,0.0,-2.220446049250313e-16,2.220446049250313e-16,3.1401849173675503e-16
180,2.220446049250313e-16,5.551115123125783e-17,0.0,0.0,2.220446049250313e-16,2.2887833992611187e-16,3.188872858294072e-16
181,0.0,0.0,0.0,0.0,0.0,0.0,0.0
182,4.440892098500626e-16,0.0,0.0,0.0,4.440892098500626e-16,4.440892098500626e-16,6.280369834735101e-16
183,4.440892098500626e-16,-8.326672684688674e-17,0.0,0.0,4.440892098500626e-16,4.518280359883027e-16,6.335327934766281e-16
184,4.440892098500626e-16,-1.1102230246251565e-16,0.0,0.0,4.440892098500626e-16,4.577566798522237e-16,6.377745716588144e-16
185,0.0,1.3867488443759632,0.0,0.0,0.0,1.3867488443759632,1.3867488443759632
186,0.0,0.0,0.0,0.0,0.0,0.0,0.0
187,-1.6653345369377348e-16,0.0,0.0,0.0,-1.6653345369377348e-16,1.6653345369377348e-16,2.3551386880256624e-16
188,4.440892098500626e-16,0.0,0.0,0.0,4.440892098500626e-16,4.440892098500626e-16,6.280369834735101e-16
189,-5.551115123125783e-17,0.0,0.0,0.0,-5.551115123125783e-17,5.551115123125783e-17,7.850462293418876e-17
190,-1.3877787807814457e-17,2.7755575615628914e-17,0.0,0.0,-1.3877787807814457e-17,3.1031676915590914e-17,3.399349888776296e-17
191,-2.7755575615628914e-17,0.0,0.0,0.0,-2.7755575615628914e-17,2.7755575615628914e-17,3.925231146709438e-17
192,0.0,0.0,0.0,0.0,0.0,0.0,0.0
193,2.220446049250313e-16,1.6653345369377348e-16,0.0,0.0,2.220446049250313e-16,2.7755575615628914e-16,3.554447978966673e-16
194,0.0,0.0,0.0,0.0,0.0,0.0,0.0
195,5.551115123125783e-17,0.0,0.0,0.0,5.551115123125783e-17,5.551115123125783e-17,7.850462293418876e-17
196,1.3867488443759635,0.0,0.0,0.0,1.3867488443759635,1.3867488443759635,1.961159023321704
197,0.0,0.0,0.0,0.0,0.0,0.0,0.0
198,0.0,0.0,0.0,0.0,0.0,0.0,0.0
199,0.0,0.0,0.0,0.0,0.0,0.0,0.0
200,0.0,0.0,0.0,0.0,0.0,0.0,0.0
201,0.0,-1.6653345369377348e-16,0.0,0.0,0.0,1.6653345369377348e-16,1.6653345369377348e-16
202,0.0,0.0,0.0,0.0,0.0,0.0,0.0
203,0.0,0.0,0.0,0.0,0.0,0.0,0.0
204,5.551115123125783e-17,0.0,0.0,0.0,5.551115123125783e-17,5.551115123125783e-17,7.850462293418876e-17
205,0.0,0.0,0.0,0.0,0.0,0.0,0.0
206,0.0,4.440892098500626e-16,0.0,0.0,0.0,4.440892098500626e-16,4.440892098500626e-16
207,0.0,-2.220446049250313e-16,0.0,0.0,0.0,2.220446049250313e-16,2.220446049250313e-16
208,0.0,0.0,0.0,0.0,0.0,0.0,0.0
209,0.0,-2.220446049250313e-16,0.0,0.0,0.0,2.220446049250313e-16,2.220446049250313e-16
210,0.0,-5.551115123125783e-17,0.0,0.0,0.0,5.551115123125783e-17,5.551115123125783e-17
211,-2.220446049250313e-16,0.0,0.0,0.0,-2.220446049250313e-16,2.220446049250313e-16,3.1401849173675503e-16
212,5.551115123125783e-17,0.0,0.0,0.0,5.551115123125783e-17,5.551115123125783e-17,7.850462293418876e-17
213,-4.440892098500626e-16,0.0,0.0,0.0,-4.440892098500626e-16,4.440892098500626e-16,6.280369834735101e-16
214,0.0,0.0,0.0,0.0,0.0,0.0,0.0
215,1.1102230246251565e-16,0.0,0.0,0.0,1.1102230246251565e-16,1.1102230246251565e-16,1.5700924586837752e-16
216,0.0,2.220446049250313e-16,0.0,0.0,0.0,2.220446049250313e-16,2.220446049250313e-16
217,0.0,-2.220446049250313e-16,0.0,0.0,0.0,2.220446049250313e-16,2.220446049250313e-16
218,2.220446049250313e-16,-2.220446049250313e-16,0.0,0.0,2.220446049250313e-16,3.1401849173675503e-16,3.845925372767128e-16
219,0.0,0.0,0.0,0.0,0.0,0.0,0.0
220,0.0,0.0,0.0,0.0,0.0,0.0,0.0
221,0.0,8.326672684688674e-17,0.0,0.0,0.0,8.326672684688674e-17,8.326672684688674e-17
222,0.0,2.220446049250313e-16,0.0,0.0,0.0,2.220446049250313e-16,2.220446049250313e-16
223,0.0,0.0,0.0,0.0,0.0,0.0,0.0
224,0.0,0.0,0.0,0.0,0.0,0.0,0.0
225,-2.220446049250313e-16,0.0,0.0,0.0,-2.220446049250313e-16,2.220446049250313e-16,3.1401849173675503e-16
226,0.0,0.0,0.0,0.0,0.0,0.0,0.0
227,0.0,2.220446049250313e-16,0.0,0.0,0.0,2.220446049250313e-16,2.220446049250313e-16
228,-1.1102230246251565e-16,1.1102230246251565e-16,0.0,0.0,-1.1102230246251565e-16,1.5700924586837752e-16,1.922962686383564e-16
229,0.0,0.0,0.0,0.0,0.0,0.0,0.0
230,0.0,2.7755575615628914e-17,0.0,0.0,0.0,2.7755575615628914e-17,2.7755575615628914e-17
231,5.551115123125783e-17,0.0,0.0,0.0,5.551115123125783e-17,5.551115123125783e-17,7.850462293418876e-17
232,0.0,0.0,-0.7924279110719789,0.0,0.0,0.7924279110719789,0.7924279110719789
233,-1.1102230246251565e-16,2.220446049250313e-16,0.0,0.0,-1.1102230246251565e-16,2.482534153247273e-16,2.719479911021037e-16
234,2.220446049250313e-16,0.0,0.0,0.0,2.220446049250313e-16,2.220446049250313e-16,3.1401849173675503e-16
235,0.0,0.0,0.0,0.0,0.0,0.0,0.0
236,0.0,2.220446049250313e-16,0.0,0.0,0.0,2.220446049250313e-16,2.220446049250313e-16
237,0.0,0.0,0.0,0.0,0.0,0.0,0.0
238,0.0,0.0,0.0,0.0,0.0,0.0,0.0
239,0.0,0.0,0.0,0.0,0.0,0.0,0.0
240,1.1102230246251565e-16,0.0,0.0,0.0,1.1102230246251565e-16,1.1102230246251565e-16,1.5700924586837752e-16
241,2.220446049250313e-16,0.0,0.0,0.0,2.220446049250313e-16,2.220446049250313e-16,3.1401849173675503e-16
242,0.0,0.0,0.0,0.0,0.0,0.0,0.0
243,2.220446049250313e-16,-2.220446049250313e-16,0.0,0.0,2.220446049250313e-16,3.1401849173675503e-16,3.845925372767128e-16
244,0.0,0.0,0.0,0.0,0.0,0.0,0.0
245,-2.220446049250313e-16,0.0,0.0,0.0,-2.220446049250313e-16,2.220446049250313e-16,3.1401849173675503e-16
246,1.1102230246251565e-16,0.0,0.0,0.0,1.1102230246251565e-16,1.1102230246251565e-16,1.5700924586837752e-16
247,-2.220446049250313e-16,-1.1102230246251565e-16,0.0,0.0,-2.220446049250313e-16,2.482534153247273e-16,3.3306690738754696e-16
248,0.0,-2.220446049250313e-16,0.0,0.0,0.0,2.220446049250313e-16,2.220446049250313e-16
249,0.0,0.0,0.0,0.0,0.0,0.0,0.0
250,-1.1102230246251565e-16,-4.440892098500626e-16,0.0,0.0,-1.1102230246251565e-16,4.577566798522237e-16,4.710277376051325e-16
251,3.3306690738754696e-16,0.0,0.0,0.0,3.3306690738754696e-16,3.3306690738754696e-16,4.710277376051325e-16
252,-2.220446049250313e-16,0.0,0.0,0.0,-2.220446049250313e-16,2.220446049250313e-16,3.1401849173675503e-16
253,0.0,1.3877787807814457e-16,0.0,0.0,0.0,1.3877787807814457e-16,1.3877787807814457e-16
254,0.0,0.0,0.0,0.0,0.0,0.0,0.0
255,0.0,0.0,0.0,0.0,0.0,0.0,0.0
256,0.0,0.0,0.0,0.0,0.0,0.0,0.0
257,0.0,0.0,0.0,0.0,0.0,0.0,0.0
258,0.0,0.0,-0.6933744221879815,0.5200308166409862,0.5200308166409862,0.8667180277349769,1.010758225223569
259,1.1102230246251565e-16,0.0,0.1459735625658909,0.7298678128294542,0.7298678128294543,0.7443220439921345,1.0424597495237313
260,0.0,0.0,0.0,0.0,0.0,0.0,0.0
261,0.0,0.0,0.0,0.0,0.0,0.0,0.0
262,0.0,0.0,0.0,0.0,0.0,0.0,0.0
263,-1.7763568394002505e-15,0.0,-1.7763568394002505e-15,0.0,-1.7763568394002505e-15,2.5121479338940403e-15,3.0767402982137025e-15
264,0.0,-2.220446049250313e-16,0.0,-2.220446049250313e-16,-2.220446049250313e-16,3.1401849173675503e-16,3.845925372767128e-16
265,-1.1102230246251565e-16,0.0,-1.1102230246251565e-16,0.0,-1.1102230246251565e-16,1.5700924586837752e-16,1.922962686383564e-16
266,0.0,-2.220446049250313e-16,0.0,-2.220446049250313e-16,-2.220446049250313e-16,3.1401849173675503e-16,3.845925372767128e-16
267,4.440892098500626e-16,0.0,4.440892098500626e-16,0.0,4.440892098500626e-16,6.280369834735101e-16,7.691850745534256e-16
268,-1.6653345369377348e-16,-2.220446049250313e-16,-1.6653345369377348e-16,-2.220446049250313e-16,-3.885780586188048e-16,3.925231146709438e-16,5.523289809442722e-16
269,0.0,0.0,0.0,0.0,0.0,0.0,0.0
270,3.3306690738754696e-16,0.0,3.3306690738754696e-16,0.0,3.3306690738754696e-16,4.710277376051325e-16,5.768888059150691e-16
271,0.0,0.0,0.0,0.0,0.0,0.0,0.0
272,0.0,-2.220446049250313e-16,0.3697996918335902,0.7395993836671801,0.7395993836671801,0.8268972489983812,1.10939907550077
273,0.0,0.0,0.0,0.0,0.0,0.0,0.0
274,0.0,1.1102230246251565e-16,0.0,0.0,0.0,1.1102230246251565e-16,1.1102230246251565e-16
275,0.0,0.0,0.0,0.0,0.0,0.0,0.0
276,0.0,0.0,0.0,0.0,0.0,0.0,0.0
277,-1.1102230246251565e-16,-2.220446049250313e-16,0.0,0.0,-1.1102230246251565e-16,2.482534153247273e-16,2.719479911021037e-16
278,0.0,1.1102230246251565e-16,0.0,0.0,0.0,1.1102230246251565e-16,1.1102230246251565e-16
279,1.1102230246251565e-16,0.0,0.0,0.0,1.1102230246251565e-16,1.1102230246251565e-16,1.5700924586837752e-16
280,0.0,0.0,0.0,0.0,0.0,0.0,0.0
281,0.0,0.0,0.0,0.0,0.0,0.0,0.0
282,0.0,2.220446049250313e-16,0.0,0.0,0.0,2.220446049250313e-16,2.220446049250313e-16
283,0.0,0.0,0.6933744221879815,-1.3867488443759632,-1.3867488443759632,1.5504323418719652,2.0801232665639446
284,2.220446049250313e-16,0.0,-0.6163328197226501,1.2326656394453004,1.2326656394453006,1.3781620816639686,1.8489984591679505
285,0.0,4.440892098500626e-16,0.9244992295839753,-0.9244992295839752,-0.9244992295839752,1.307439348881136,1.6012796371977296
286,5.551115123125783e-17,-4.440892098500626e-16,0.142230650705227,1.4223065070522696,1.4223065070522696,1.4294003490986211,2.0164674949045143
287,0.0,0.0,0.0,0.0,0.0,0.0,0.0
288,2.220446049250313e-16,0.0,0.0,0.0,2.220446049250313e-16,2.220446049250313e-16,3.1401849173675503e-16
289,0.0,6.938893903907228e-17,0.0,0.0,0.0,6.938893903907228e-17,6.938893903907228e-17
290,0.0,2.220446049250313e-16,0.0,0.0,0.0,2.220446049250313e-16,2.220446049250313e-16
291,0.0,0.0,0.0,0.0,0.0,0.0,0.0
292,0.0,0.0,0.0,0.0,0.0,0.0,0.0
293,1.6653345369377348e-16,0.0,0.0,0.0,1.6653345369377348e-16,1.6653345369377348e-16,2.3551386880256624e-16
294,-1.1102230246251565e-16,0.0,0.0,0.0,-1.1102230246251565e-16,1.1102230246251565e-16,1.5700924586837752e-16
295,-7.105427357601002e-15,-3.552713678800501e-15,0.0,0.0,-7.105427357601002e-15,7.944109290391274e-15,1.0658141036401503e-14
296,0.0,0.0,0.0,0.0,0.0,0.0,0.0
297,0.0,0.0,0.0,0.0,0.0,0.0,0.0
298,0.0,0.0,0.0,0.0,0.0,0.0,0.0
299,-8.881784197001252e-16,0.0,0.0,0.0,-8.881784197001252e-16,8.881784197001252e-16,1.2560739669470201e-15
300,1.1102230246251565e-16,0.0,0.0,0.0,1.1102230246251565e-16,1.1102230246251565e-16,1.5700924586837752e-16
301,0.0,0.0,0.0,0.0,0.0,0.0,0.0
302,0.0,-2.220446049250313e-16,0.0,0.0,0.0,2.220446049250313e-16,2.220446049250313e-16
303,0.0,0.0,0.0,0.0,0.0,0.0,0.0
304,0.0,-1.1102230246251565e-16,0.0,0.0,0.0,1.1102230246251565e-16,1.1102230246251565e-16
305,0.0,2.220446049250313e-16,0.0,0.0,0.0,2.220446049250313e-16,2.220446049250313e-16
306,0.0,0.0,0.0,0.0,0.0,0.0,0.0
307,0.0,2.7755575615628914e-17,0.0,-2.7755575615628914e-17,-2.7755575615628914e-17,3.925231146709438e-17,4.80740671595891e-17
308,0.0,0.0,0.0,0.0,0.0,0.0,0.0
309,-2.220446049250313e-16,-1.1102230246251565e-16,2.220446049250313e-16,1.1102230246251565e-16,-1.1102230246251565e-16,3.510833468576701e-16,3.682193206295148e-16
310,0.0,5.551115123125783e-17,-0.14422187981510015,-0.18859784283513098,-0.18859784283513098,0.2374217701464336,0.3032131977034158
311,-2.220446049250313e-16,-1.1102230246251565e-16,0.0,0.0,-2.220446049250313e-16,2.482534153247273e-16,3.3306690738754696e-16
312,1.3877787807814457e-17,-1.1102230246251565e-16,-0.5982053838484547,0.7613523067162151,0.7613523067162151,0.9682494596989862,1.2317322562754782
313,0.7059812298641265,1.0085446140916094,0.0,0.0,0.7059812298641265,1.2310855922857915,1.4191480657260969
314,1.1102230246251565e-16,2.220446049250313e-16,0.0,0.0,1.1102230246251565e-16,2.482534153247273e-16,2.719479911021037e-16
315,0.0,8.881784197001252e-16,0.6163328197226503,1.2326656394453002,1.2326656394453002,1.3781620816639693,1.8489984591679507
316,0.5042723070458046,0.0,0.0,0.0,0.5042723070458046,0.5042723070458046,0.7131487357533465
317,0.14991879398659058,0.2998375879731812,0.0,0.0,0.14991879398659058,0.3352286144588033,0.3672245481205781
318,-0.4318020353745514,0.332155411826578,0.5978797412878404,-0.03321554118265779,-0.4650175765572092,1.0118481009424014,1.1135878617728752
319,-0.2773497688751926,0.6101694915254238,0.1386748844375963,-0.8597842835130971,-1.1371340523882898,0.9486821718852613,1.4809023318078576
320,3.3306690738754696e-16,0.0,-3.3306690738754696e-16,0.0,3.3306690738754696e-16,4.710277376051325e-16,5.768888059150691e-16
321,-2.220446049250313e-16,0.0,2.220446049250313e-16,0.0,-2.220446049250313e-16,3.1401849173675503e-16,3.845925372767128e-16
322,0.0,0.0,0.0,0.0,0.0,0.0,0.0
323,0.0,0.0,0.0,0.0,0.0,0.0,0.0
324,0.0,-1.6653345369377348e-16,0.0,0.0,0.0,1.6653345369377348e-16,1.6653345369377348e-16
325,-0.7564084605687069,1.0085446140916097,-0.7564084605687071,1.0085446140916094,0.25213615352290253,1.7828718393833667,1.8006122946318994
326,0.0,0.0,0.0,0.0,0.0,0.0,0.0
327,-1.1102230246251565e-16,0.0,0.0,0.0,-1.1102230246251565e-16,1.1102230246251565e-16,1.5700924586837752e-16
328,2.7734976887519265,0.0,2.773497688751926,0.0,2.7734976887519265,3.922318046643407,4.803838911593188
329,0.0,1.1102230246251565e-16,0.0,0.0,0.0,1.1102230246251565e-16,1.1102230246251565e-16
330,0.0,4.440892098500626e-16,0.0,0.0,0.0,4.440892098500626e-16,4.440892098500626e-16
331,-2.220446049250313e-16,0.0,0.0,0.0,-2.220446049250313e-16,2.220446049250313e-16,3.1401849173675503e-16
332,0.0,0.0,0.0,0.0,0.0,0.0,0.0
333,0.0,0.0,0.0,0.0,0.0,0.0,0.0
334,1.1346126908530607,0.5042723070458048,0.0,0.0,1.1346126908530607,1.2416265613694488,1.6819579293617737
335,0.0,0.0,0.0,0.0,0.0,0.0,0.0
336,0.0,2.220446049250313e-16,0.0,0.0,0.0,2.220446049250313e-16,2.220446049250313e-16
337,1.1093990755007708,0.5546995377503853,0.0,0.0,1.1093990755007708,1.2403458734975725,1.6640986132511562
338,-1.1476542160352796,-0.9563785133627332,0.0,0.0,-1.1476542160352796,1.4939109948070748,1.8838471965605428
339,-1.7649530746603166,1.5128169211374143,0.0,0.0,-1.7649530746603166,2.324580476695223,2.918686990477995
340,4.440892098500626e-16,0.0,0.0,0.0,4.440892098500626e-16,4.440892098500626e-16,6.280369834735101e-16
341,0.0,0.0,0.0,0.0,0.0,0.0,0.0
342,2.220446049250313e-16,0.0,0.0,0.0,2.220446049250313e-16,2.220446049250313e-16,3.1401849173675503e-16
343,0.0,0.0,0.0,0.0,0.0,0.0,0.0
344,0.0,-4.440892098500626e-16,0.0,0.0,0.0,4.440892098500626e-16,4.440892098500626e-16
345,0.0,1.6653345369377348e-16,0.0,0.0,0.0,1.6653345369377348e-16,1.6653345369377348e-16
346,4.440892098500626e-16,0.0,0.0,0.0,4.440892098500626e-16,4.440892098500626e-16,6.280369834735101e-16
347,-2.220446049250313e-16,-2.220446049250313e-16,0.0,0.0,-2.220446049250313e-16,3.1401849173675503e-16,3.845925372767128e-16
348,0.0,0.0,0.0,0.0,0.0,0.0,0.0
349,0.0,-1.7763568394002505e-15,0.0,0.0,0.0,1.7763568394002505e-15,1.7763568394002505e-15
350,0.0,0.0,0.0,0.0,0.0,0.0,0.0
351,-1.1102230246251565e-16,-1.1102230246251565e-16,0.0,0.0,-1.1102230246251565e-16,1.5700924586837752e-16,1.922962686383564e-16
352,0.0,0.0,0.0,0.0,0.0,0.0,0.0
353,2.220446049250313e-16,0.0,0.0,0.0,2.220446049250313e-16,2.220446049250313e-16,3.1401849173675503e-16
354,0.0,2.220446049250313e-16,0.0,0.0,0.0,2.220446049250313e-16,2.220446049250313e-16
355,-8.881784197001252e-16,0.0,0.0,0.0,-8.881784197001252e-16,8.881784197001252e-16,1.2560739669470201e-15
356,-1.3867488443759632,1.3867488443759632,0.0,0.0,-1.3867488443759632,1.9611590233217038,2.4019194557965946
357,2.220446049250313e-16,0.0,0.0,0.0,2.220446049250313e-16,2.220446049250313e-16,3.1401849173675503e-16
358,-5.551115123125783e-17,0.0,0.0,0.0,-5.551115123125783e-17,5.551115123125783e-17,7.850462293418876e-17
359,1.733436055469954,1.386748844375963,0.0,0.0,1.733436055469954,2.2198812841639306,2.816500217323715
360,0.0,1.1102230246251565e-16,0.0,0.0,0.0,1.1102230246251565e-16,1.1102230246251565e-16
361,0.0,0.0,0.0,0.0,0.0,0.0,0.0
362,0.0,0.0,0.0,0.0,0.0,0.0,0.0
363,0.0,0.0,0.0,0.0,0.0,0.0,0.0
364,0.0,0.0,0.0,0.0,0.0,0.0,0.0
365,-4.440892098500626e-16,-5.551115123125783e-17,0.0,0.0,-4.440892098500626e-16,4.47545209131181e-16,6.304854800243424e-16
366,0.0,-1.6653345369377348e-16,0.0,0.0,0.0,1.6653345369377348e-16,1.6653345369377348e-16
367,-5.551115123125783e-17,0.0,0.0,0.0,-5.551115123125783e-17,5.551115123125783e-17,7.850462293418876e-17
368,-2.220446049250313e-16,0.0,0.0,0.0,-2.220446049250313e-16,2.220446049250313e-16,3.1401849173675503e-16
369,0.0,0.0,0.0,0.0,0.0,0.0,0.0
370,0.0,1.1102230246251565e-16,0.0,0.0,0.0,1.1102230246251565e-16,1.1102230246251565e-16
371,1.6653345369377348e-16,2.220446049250313e-16,0.0,0.0,1.6653345369377348e-16,2.7755575615628914e-16,3.236828524569469e-16
372,-5.546995377503853,-2.7734976887519256,0.0,0.0,-5.546995377503853,6.201729367487861,8.320493066255779
373,0.0,0.0,0.0,0.0,0.0,0.0,0.0
374,2.2187981510015407,-0.8320493066255779,0.0,0.0,2.2187981510015407,2.369677464032597,3.246295814991575
375,0.0,0.0,0.0,0.0,0.0,0.0,0.0
376,0.0,0.0,0.0,0.0,0.0,0.0,0.0
377,-1.1102230246251565e-16,0.0,0.0,0.0,-1.1102230246251565e-16,1.1102230246251565e-16,1.5700924586837752e-16
378,0.0,0.0,0.0,0.0,0.0,0.0,0.0
379,0.0,0.0,0.0,0.0,0.0,0.0,0.0
380,0.0,0.0,0.0,0.0,0.0,0.0,0.0
381,2.220446049250313e-16,0.0,0.0,0.0,2.220446049250313e-16,2.220446049250313e-16,3.1401849173675503e-16
382,0.0,0.0,0.0,0.0,0.0,0.0,0.0
383,0.0,0.0,0.0,0.0,0.0,0.0,0.0
384,0.0,0.0,0.0,0.0,0.0,0.0,0.0
385,0.0,0.0,0.0,0.0,0.0,0.0,0.0
386,-1.1102230246251565e-16,0.0,0.0,0.0,-1.1102230246251565e-16,1.1102230246251565e-16,1.5700924586837752e-16
387,0.0,0.0,0.0,0.0,0.0,0.0,0.0
388,0.0,5.551115123125783e-17,0.0,0.0,0.0,5.551115123125783e-17,5.551115123125783e-17
389,0.0,0.0,0.0,0.0,0.0,0.0,0.0
390,0.0,0.0,0.0,0.0,0.0,0.0,0.0
391,-2.220446049250313e-16,2.220446049250313e-16,0.0,0.0,-2.220446049250313e-16,3.1401849173675503e-16,3.845925372767128e-16
392,4.440892098500626e-16,0.0,0.0,0.0,4.440892098500626e-16,4.440892098500626e-16,6.280369834735101e-16
393,0.0,0.0,0.0,0.0,0.0,0.0,0.0
394,0.0,1.1102230246251565e-16,0.0,0.0,0.0,1.1102230246251565e-16,1.1102230246251565e-16
395,-1.1102230246251565e-16,0.0,0.0,0.0,-1.1102230246251565e-16,1.1102230246251565e-16,1.5700924586837752e-16
396,5.551115123125783e-17,0.0,0.0,0.0,5.551115123125783e-17,5.551115123125783e-17,7.850462293418876e-17
397,0.0,0.0,0.0,0.0,0.0,0.0,0.0
398,0.0,0.0,0.0,0.0,0.0,0.0,0.0
399,0.0,1.1102230246251565e-16,0.5901058912238141,0.4720847129790513,0.4720847129790513,0.7557042669494233,0.8910403556035374
400,0.0,2.220446049250313e-16,1.1677885005271267,-0.8758413753953449,-0.8758413753953449,1.4597356256589085,1.7023296424818004
401,0.0,-2.220446049250313e-16,0.0,0.0,0.0,2.220446049250313e-16,2.220446049250313e-16
402,-5.551115123125783e-17,0.0,0.0,0.0,-5.551115123125783e-17,5.551115123125783e-17,7.850462293418876e-17
403,0.0,0.0,0.0,0.0,0.0,0.0,0.0
404,0.0,-2.220446049250313e-16,0.0,0.0,0.0,2.220446049250313e-16,2.220446049250313e-16
405,0.0,1.1102230246251565e-16,0.0,0.0,0.0,1.1102230246251565e-16,1.1102230246251565e-16
406,0.0,0.0,0.0,0.0,0.0,0.0,0.0
407,0.0,0.0,0.0,0.0,0.0,0.0,0.0
408,0.0,2.220446049250313e-16,0.0,0.0,0.0,2.220446049250313e-16,2.220446049250313e-16
409,0.0,0.0,0.0,0.0,0.0,0.0,0.0
410,0.0,0.0,0.0,0.0,0.0,0.0,0.0
411,0.0,0.0,0.0,0.0,0.0,0.0,0.0
412,0.0,4.440892098500626e-16,0.0,0.0,0.0,4.440892098500626e-16,4.440892098500626e-16
413,0.0,0.0,0.6933744221879815,-0.9244992295839753,-0.9244992295839753,1.155624036979969,1.479920856109287
414,-1.1102230246251565e-16,0.0,-0.5282852740479858,-0.9244992295839752,-0.9244992295839753,1.064793011001349,1.4101358026015378
415,0.0,1.1102230246251565e-16,0.0,0.0,0.0,1.1102230246251565e-16,1.1102230246251565e-16
416,0.0,0.0,0.0,0.0,0.0,0.0,0.0
417,-1.1102230246251565e-16,0.0,0.0,0.0,-1.1102230246251565e-16,1.1102230246251565e-16,1.5700924586837752e-16
418,-5.551115123125783e-17,0.0,0.0,0.0,-5.551115123125783e-17,5.551115123125783e-17,7.850462293418876e-17
419,2.220446049250313e-16,0.0,0.0,0.0,2.220446049250313e-16,2.220446049250313e-16,3.1401849173675503e-16
420,0.0,0.0,0.0,0.0,0.0,0.0,0.0
421,0.0,0.0,0.0,0.0,0.0,0.0,0.0
422,0.0,0.0,0.0,0.0,0.0,0.0,0.0
423,-2.7755575615628914e-17,0.0,0.0,0.0,-2.7755575615628914e-17,2.7755575615628914e-17,3.925231146709438e-17
424,0.0,0.0,0.0,0.0,0.0,0.0,0.0
425,0.0,5.551115123125783e-17,0.0,0.0,0.0,5.551115123125783e-17,5.551115123125783e-17
426,0.0,0.0,0.0,0.0,0.0,0.0,0.0
427,0.0,0.0,0.0,0.0,0.0,0.0,0.0
428,0.0,0.0,0.0,0.0,0.0,0.0,0.0
429,0.0,0.0,0.0,0.0,0.0,0.0,0.0
430,-4.440892098500626e-16,1.1102230246251565e-16,0.0,0.0,-4.440892098500626e-16,4.577566798522237e-16,6.377745716588144e-16
431,0.0,0.0,0.0,0.0,0.0,0.0,0.0
432,0.0,1.1102230246251565e-16,0.0,0.0,0.0,1.1102230246251565e-16,1.1102230246251565e-16
433,0.0,-2.220446049250313e-16,0.0,0.0,0.0,2.220446049250313e-16,2.220446049250313e-16
434,5.551115123125783e-17,0.0,0.0,0.0,5.551115123125783e-17,5.551115123125783e-17,7.850462293418876e-17
435,0.0,0.0,0.0,0.0,0.0,0.0,0.0
436,0.0,0.0,0.0,0.0,0.0,0.0,0.0
437,0.0,0.0,0.9244992295839753,1.8489984591679507,1.8489984591679507,2.0672431224959533,2.773497688751926
438,0.0,-4.440892098500626e-16,0.0,0.0,0.0,4.440892098500626e-16,4.440892098500626e-16
439,-2.220446049250313e-16,-1.1102230246251565e-16,0.0,0.0,-2.220446049250313e-16,2.482534153247273e-16,3.3306690738754696e-16
440,2.220446049250313e-16,0.0,0.0,0.0,2.220446049250313e-16,2.220446049250313e-16,3.1401849173675503e-16
441,-1.1102230246251565e-16,0.0,0.0,0.0,-1.1102230246251565e-16,1.1102230246251565e-16,1.5700924586837752e-16
442,1.1102230246251565e-16,0.0,1.0400616332819723,1.386748844375963,1.3867488443759632,1.7334360554699537,2.2198812841639306
443,0.0,0.0,-1.386748844375963,1.386748844375963,1.386748844375963,1.9611590233217033,2.4019194557965937
444,0.0,0.0,0.0,0.0,0.0,0.0,0.0
445,2.220446049250313e-16,0.0,0.0,0.0,2.220446049250313e-16,2.220446049250313e-16,3.1401849173675503e-16
446,0.0,5.551115123125783e-17,0.0,0.0,0.0,5.551115123125783e-17,5.551115123125783e-17
447,0.0,0.0,0.0,0.0,0.0,0.0,0.0
448,1.1102230246251565e-16,0.0,1.1102230246251565e-16,0.0,1.1102230246251565e-16,1.5700924586837752e-16,1.922962686383564e-16
449,2.220446049250313e-16,0.0,2.220446049250313e-16,0.0,2.220446049250313e-16,3.1401849173675503e-16,3.845925372767128e-16
450,0.0,-1.1102230246251565e-16,0.0,-1.1102230246251565e-16,-1.1102230246251565e-16,1.5700924586837752e-16,1.922962686383564e-16
451,0.0,0.0,3.6979969183359014,-1.8489984591679507,-1.8489984591679507,4.134486244991907,4.529102760153796
452,0.0,1.1102230246251565e-16,-0.7924279110719789,0.3962139555359895,0.3962139555359895,0.8859613382125514,0.9705220200329563
453,0.0,0.0,0.5546995377503852,0.6656394453004623,0.6656394453004623,0.8664683769881034,1.0926313740051148
454,0.0,-1.1102230246251565e-16,0.0,-1.1102230246251565e-16,-1.1102230246251565e-16,1.5700924586837752e-16,1.922962686383564e-16
455,0.0,0.0,0.0,0.0,0.0,0.0,0.0
456,0.0,0.0,0.6933744221879815,1.5600924499229585,1.5600924499229585,1.7072365218829921,2.312692152872439
457,0.0,1.1102230246251565e-16,0.0,1.1102230246251565e-16,1.1102230246251565e-16,1.5700924586837752e-16,1.922962686383564e-16
458,0.0,-2.220446049250313e-16,0.0,-2.220446049250313e-16,-2.220446049250313e-16,3.1401849173675503e-16,3.845925372767128e-16
459,0.0,-1.1102230246251565e-16,0.6163328197226503,1.5408320493066254,1.5408320493066254,1.6595269051261952,2.264551380076898
460,0.0,0.0,0.6163328197226502,1.5408320493066254,1.5408320493066254,1.6595269051261952,2.264551380076898
461,2.7755575615628914e-16,2.220446049250313e-16,-0.13207131851199633,0.528285274047986,0.5282852740479862,0.5445439963395543,0.7586919630030414
462,0.0,0.0,-0.7924279110719789,0.08804754567466433,0.08804754567466433,0.7973044365518306,0.8021513166757032
463,0.0,1.1102230246251565e-16,0.0,0.0,0.0,1.1102230246251565e-16,1.1102230246251565e-16
464,0.0,0.0,0.0,0.0,0.0,0.0,0.0
465,-2.220446049250313e-16,0.0,0.0,0.0,-2.220446049250313e-16,2.220446049250313e-16,3.1401849173675503e-16
466,0.0,0.0,0.0,0.0,0.0,0.0,0.0
467,0.0,0.0,0.0,0.0,0.0,0.0,0.0
468,0.0,0.0,0.0,0.0,0.0,0.0,0.0
469,0.0,0.0,0.0,0.0,0.0,0.0,0.0
470,0.0,0.0,0.0,0.0,0.0,0.0,0.0
471,1.1102230246251565e-16,0.0,0.0,0.0,1.1102230246251565e-16,1.1102230246251565e-16,1.5700924586837752e-16
472,-1.1102230246251565e-16,0.0,0.0,0.0,-1.1102230246251565e-16,1.1102230246251565e-16,1.5700924586837752e-16
473,-5.551115123125783e-17,-4.440892098500626e-16,0.0,0.0,-5.551115123125783e-17,4.47545209131181e-16,4.509747244882933e-16
474,5.551115123125783e-17,0.0,0.0,0.0,5.551115123125783e-17,5.551115123125783e-17,7.850462293418876e-17
475,0.0,0.0,0.0,0.0,0.0,0.0,0.0
476,0.0,0.0,0.0,0.0,0.0,0.0,0.0
477,0.0,0.0,0.0,0.0,0.0,0.0,0.0
478,1.1102230246251565e-16,2.220446049250313e-16,-1.1102230246251565e-16,-2.220446049250313e-16,-1.1102230246251565e-16,3.510833468576701e-16,3.682193206295148e-16
479,-4.440892098500626e-16,0.0,4.440892098500626e-16,0.0,-4.440892098500626e-16,6.280369834735101e-16,7.691850745534256e-16
480,0.0,0.0,0.0,0.0,0.0,0.0,0.0
481,0.0,1.1102230246251565e-16,0.0,-1.1102230246251565e-16,-1.1102230246251565e-16,1.5700924586837752e-16,1.922962686383564e-16
482,0.4379206876976725,-0.7298678128294542,0.0,0.0,0.4379206876976725,0.8511648212409003,0.9572126626991811
483,5.551115123125783e-17,-1.1102230246251565e-16,-0.024117371206538507,0.8923427346419242,0.8923427346419242,0.8926685855692141,1.2621936300466616
484,0.036019450503271766,-1.3327196686210554,0.0,0.0,0.036019450503271766,1.333206329096878,1.3336928119917761
485,0.0,0.0,0.0,0.0,0.0,0.0,0.0
486,-2.220446049250313e-16,-1.6653345369377348e-16,-0.8157346143388017,-0.16314692286776028,-0.1631469228677605,0.8318893432853269,0.847736278516445
487,0.0,0.0,-0.6400379281735215,1.0667298802892025,1.0667298802892025,1.244010123352085,1.6387415368215594
488,0.0,0.0,-1.386748844375963,0.0,0.0,1.386748844375963,1.386748844375963
489,0.0,0.0,-0.4266919521156809,0.3200189640867607,0.3200189640867607,0.5333649401446011,0.6220050616760425
490,-4.440892098500626e-16,0.0,-1.6640986132511555,0.5546995377503853,0.5546995377503848,1.7541139563337698,1.8397302381016085
491,0.0,0.0,0.0,0.0,0.0,0.0,0.0
492,0.0,0.0,0.0,0.0,0.0,0.0,0.0
493,-5.551115123125783e-17,0.0,5.551115123125783e-17,0.0,-5.551115123125783e-17,7.850462293418876e-17,9.61481343191782e-17
494,0.0,0.0,0.0,0.0,0.0,0.0,0.0
495,1.1102230246251565e-16,0.0,0.0,0.0,1.1102230246251565e-16,1.1102230246251565e-16,1.5700924586837752e-16
496,0.0,-1.1102230246251565e-16,0.0,0.0,0.0,1.1102230246251565e-16,1.1102230246251565e-16
497,0.0,0.0,0.0,0.0,0.0,0.0,0.0
498,1.1102230246251565e-16,0.0,0.0,0.0,1.1102230246251565e-16,1.1102230246251565e-16,1.5700924586837752e-16
499,0.0,0.0,0.0,0.0,0.0,0.0,0.0
500,-2.220446049250313e-16,0.0,0.0,0.0,-2.220446049250313e-16,2.220446049250313e-16,3.1401849173675503e-16
501,0.0,0.0,0.0,0.0,0.0,0.0,0.0
502,0.0,-5.551115123125783e-17,0.0,0.0,0.0,5.551115123125783e-17,5.551115123125783e-17
503,0.0,-1.1102230246251565e-16,0.0,0.0,0.0,1.1102230246251565e-16,1.1102230246251565e-16
504,0.0,0.0,0.0,0.0,0.0,0.0,0.0
505,0.0,-8.326672684688674e-17,0.0,0.0,0.0,8.326672684688674e-17,8.326672684688674e-17
506,0.0,0.0,0.0,0.0,0.0,0.0,0.0
507,0.0,4.440892098500626e-16,0.0,0.0,0.0,4.440892098500626e-16,4.440892098500626e-16
508,0.0,0.0,0.0,0.0,0.0,0.0,0.0
509,-4.440892098500626e-16,0.0,0.0,0.0,-4.440892098500626e-16,4.440892098500626e-16,6.280369834735101e-16
510,0.0,1.1102230246251565e-16,0.0,0.0,0.0,1.1102230246251565e-16,1.1102230246251565e-16
511,0.0,-4.440892098500626e-16,0.0,0.0,0.0,4.440892098500626e-16,4.440892098500626e-16
512,0.0,0.0,0.0,0.0,0.0,0.0,0.0
513,0.0,-2.220446049250313e-16,0.0,0.0,0.0,2.220446049250313e-16,2.220446049250313e-16
514,0.0,0.0,0.0,0.0,0.0,0.0,0.0
515,-4.440892098500626e-16,0.0,2.426810477657935,1.386748844375963,1.3867488443759626,2.795081653878542,3.120184899845917
516,0.0,0.0,-0.3962139555359894,1.386748844375963,1.386748844375963,1.442240567984254,2.000782400291849
517,0.0,2.220446049250313e-16,0.0,0.0,0.0,2.220446049250313e-16,2.220446049250313e-16
518,0.0,-1.1102230246251565e-16,0.0,0.0,0.0,1.1102230246251565e-16,1.1102230246251565e-16
519,0.0,0.0,0.0,0.0,0.0,0.0,0.0
520,0.0,0.0,0.0,0.0,0.0,0.0,0.0
521,0.0,0.0,0.0,0.0,0.0,0.0,0.0
522,-4.440892098500626e-16,0.0,0.0,0.0,-4.440892098500626e-16,4.440892098500626e-16,6.280369834735101e-16
523,2.220446049250313e-16,-2.220446049250313e-16,0.0,0.0,2.220446049250313e-16,3.1401849173675503e-16,3.845925372767128e-16
524,0.0,4.440892098500626e-16,0.0,0.0,0.0,4.440892098500626e-16,4.440892098500626e-16
525,-2.220446049250313e-16,0.0,0.0,0.0,-2.220446049250313e-16,2.220446049250313e-16,3.1401849173675503e-16
526,0.0,0.0,0.0,0.0,0.0,0.0,0.0
527,-1.1102230246251565e-16,0.0,0.0,0.0,-1.1102230246251565e-16,1.1102230246251565e-16,1.5700924586837752e-16
528,5.551115123125783e-17,0.0,0.0,0.0,5.551115123125783e-17,5.551115123125783e-17,7.850462293418876e-17
529,0.0,0.0,0.0,0.0,0.0,0.0,0.0
530,0.0,0.0,0.0,0.0,0.0,0.0,0.0
531,0.0,1.6653345369377348e-16,0.0,0.0,0.0,1.6653345369377348e-16,1.6653345369377348e-16
532,0.0,1.6653345369377348e-16,0.0,0.0,0.0,1.6653345369377348e-16,1.6653345369377348e-16
533,0.0,-2.7755575615628914e-16,0.0,0.0,0.0,2.7755575615628914e-16,2.7755575615628914e-16
534,0.0,0.0,0.0,0.0,0.0,0.0,0.0
535,5.551115123125783e-17,-1.1102230246251565e-16,0.0,0.0,5.551115123125783e-17,1.2412670766236366e-16,1.3597399555105185e-16
536,-1.3877787807814457e-17,0.0,0.0,0.0,-1.3877787807814457e-17,1.3877787807814457e-17,1.962615573354719e-17
537,0.0,0.0,0.0,0.0,0.0,0.0,0.0
538,0.0,0.0,0.0,0.0,0.0,0.0,0.0
539,0.0,-2.220446049250313e-16,0.0,0.0,0.0,2.220446049250313e-16,2.220446049250313e-16
540,2.220446049250313e-16,0.0,0.0,0.0,2.220446049250313e-16,2.220446049250313e-16,3.1401849173675503e-16
541,0.0,0.0,0.0,0.0,0.0,0.0,0.0
542,0.0,-1.1102230246251565e-16,0.0,0.0,0.0,1.1102230246251565e-16,1.1102230246251565e-16
543,-1.6653345369377348e-16,0.0,0.0,0.0,-1.6653345369377348e-16,1.6653345369377348e-16,2.3551386880256624e-16
544,0.0,0.0,0.0,0.0,0.0,0.0,0.0
545,0.0,0.0,0.0,0.0,0.0,0.0,0.0
546,0.0,2.220446049250313e-16,0.0,0.0,0.0,2.220446049250313e-16,2.220446049250313e-16
547,0.0,1.1102230246251565e-16,0.0,0.0,0.0,1.1102230246251565e-16,1.1102230246251565e-16
548,0.0,2.220446049250313e-16,0.0,0.0,0.0,2.220446049250313e-16,2.220446049250313e-16
549,-1.1102230246251565e-16,-4.440892098500626e-16,0.0,0.0,-1.1102230246251565e-16,4.577566798522237e-16,4.710277376051325e-16
550,0.0,-2.220446049250313e-16,0.0,0.0,0.0,2.220446049250313e-16,2.220446049250313e-16
551,-2.220446049250313e-16,-1.1102230246251565e-16,0.0,0.0,-2.220446049250313e-16,2.482534153247273e-16,3.3306690738754696e-16
552,0.0,-1.1102230246251565e-16,0.0,0.0,0.0,1.1102230246251565e-16,1.1102230246251565e-16
553,0.0,0.0,0.0,0.0,0.0,0.0,0.0
554,0.0,0.0,0.0,0.0,0.0,0.0,0.0
555,1.1102230246251565e-16,2.220446049250313e-16,0.0,0.0,1.1102230246251565e-16,2.482534153247273e-16,2.719479911021037e-16
556,0.0,0.0,0.0,0.0,0.0,0.0,0.0
557,0.0,8.326672684688674e-17,0.0,8.326672684688674e-17,8.326672684688674e-17,1.1775693440128312e-16,1.4422220147876727e-16
558,0.0,0.0,0.5546995377503853,0.41602465331278893,0.41602465331278893,0.6933744221879816,0.8086065801788553
559,0.0,1.1102230246251565e-16,0.5546995377503852,0.4754567466431873,0.4754567466431873,0.7305824355327845,0.8716707021791769
560,0.0,2.220446049250313e-16,0.0,2.220446049250313e-16,2.220446049250313e-16,3.1401849173675503e-16,3.845925372767128e-16
561,0.0,8.326672684688674e-17,0.0,8.326672684688674e-17,8.326672684688674e-17,1.1775693440128312e-16,1.4422220147876727e-16
562,0.0,0.0,0.0,0.0,0.0,0.0,0.0
563,0.0,0.0,0.0,0.0,0.0,0.0,0.0
564,0.0,0.0,0.0,0.0,0.0,0.0,0.0
565,0.0,0.0,0.0,0.0,0.0,0.0,0.0
566,1.0494315579061342,-0.14991879398659047,0.0,0.0,1.0494315579061342,1.0600859585522722,1.4916731660283313
567,0.0,0.0,0.0,0.0,0.0,0.0,0.0
568,1.0921545302857325,-0.20118636084210895,-0.4311136303759471,0.5173363564511366,1.6094908867368691,0.8545286489433186,1.8222733401863527
569,-1.1102230246251565e-16,0.0,0.0,0.0,-1.1102230246251565e-16,1.1102230246251565e-16,1.5700924586837752e-16
570,-4.440892098500626e-16,0.0,0.0,0.0,-4.440892098500626e-16,4.440892098500626e-16,6.280369834735101e-16
571,4.440892098500626e-16,-2.7755575615628914e-17,0.0,0.0,4.440892098500626e-16,4.449557262054371e-16,6.286500016609089e-16
572,5.551115123125783e-17,-2.0816681711721685e-17,0.0,0.0,5.551115123125783e-17,5.928593550334434e-17,8.121767085755589e-17
573,0.0,0.0,0.0,0.0,0.0,0.0,0.0
574,0.0,0.0,0.0,0.0,0.0,0.0,0.0
575,0.0,0.0,0.0,0.0,0.0,0.0,0.0
576,-1.1102230246251565e-16,0.0,0.0,0.0,-1.1102230246251565e-16,1.1102230246251565e-16,1.5700924586837752e-16
577,0.0,0.0,0.0,0.0,0.0,0.0,0.0
578,0.0,0.0,0.0,0.0,0.0,0.0,0.0
579,0.0,0.0,0.0,0.0,0.0,0.0,0.0
580,2.220446049250313e-16,0.0,0.0,0.0,2.220446049250313e-16,2.220446049250313e-16,3.1401849173675503e-16
581,0.0,2.220446049250313e-16,0.0,0.0,0.0,2.220446049250313e-16,2.220446049250313e-16
582,0.0,0.0,0.0,0.0,0.0,0.0,0.0
583,2.220446049250313e-16,0.0,0.0,0.0,2.220446049250313e-16,2.220446049250313e-16,3.1401849173675503e-16
584,-5.551115123125783e-17,0.0,0.0,0.0,-5.551115123125783e-17,5.551115123125783e-17,7.850462293418876e-17
585,0.0,0.0,0.0,0.0,0.0,0.0,0.0
586,0.0,0.0,0.0,0.0,0.0,0.0,0.0
587,0.0,-1.1102230246251565e-16,0.0,0.0,0.0,1.1102230246251565e-16,1.1102230246251565e-16
588,-5.551115123125783e-17,0.0,0.0,0.0,-5.551115123125783e-17,5.551115123125783e-17,7.850462293418876e-17
589,1.6653345369377348e-16,-2.220446049250313e-16,0.0,0.0,1.6653345369377348e-16,2.7755575615628914e-16,3.236828524569469e-16
590,0.0,-1.6653345369377348e-16,0.0,0.0,0.0,1.6653345369377348e-16,1.6653345369377348e-16
591,0.0,5.551115123125783e-17,0.0,0.0,0.0,5.551115123125783e-17,5.551115123125783e-17
592,0.0,4.440892098500626e-16,0.0,0.0,0.0,4.440892098500626e-16,4.440892098500626e-16
593,-2.220446049250313e-16,0.0,0.0,0.0,-2.220446049250313e-16,2.220446049250313e-16,3.1401849173675503e-16
594,0.0,0.0,0.0,0.0,0.0,0.0,0.0
595,0.0,0.0,0.0,0.0,0.0,0.0,0.0
596,0.0,0.0,0.0,0.0,0.0,0.0,0.0
597,0.0,2.220446049250313e-16,0.0,0.0,0.0,2.220446049250313e-16,2.220446049250313e-16
598,0.0,0.0,0.0,0.0,0.0,0.0,0.0
599,0.0,1.1102230246251565e-16,0.0,0.0,0.0,1.1102230246251565e-16,1.1102230246251565e-16
600,0.0,4.440892098500626e-16,0.0,0.0,0.0,4.440892098500626e-16,4.440892098500626e-16
601,0.0,0.0,0.0,0.0,0.0,0.0,0.0
602,0.0,0.0,0.0,0.0,0.0,0.0,0.0
603,-2.220446049250313e-16,-1.6653345369377348e-16,0.0,0.0,-2.220446049250313e-16,2.7755575615628914e-16,3.554447978966673e-16
604,0.0,-2.220446049250313e-16,0.0,0.0,0.0,2.220446049250313e-16,2.220446049250313e-16
605,5.551115123125783e-17,0.0,0.0,0.0,5.551115123125783e-17,5.551115123125783e-17,7.850462293418876e-17
606,2.7755575615628914e-16,0.0,0.0,0.0,2.7755575615628914e-16,2.7755575615628914e-16,3.925231146709438e-16
607,0.0,2.220446049250313e-16,0.0,0.0,0.0,2.220446049250313e-16,2.220446049250313e-16
608,0.0,0.0,0.0,0.0,0.0,0.0,0.0
609,0.0,-1.1102230246251565e-16,0.0,0.0,0.0,1.1102230246251565e-16,1.1102230246251565e-16
610,0.0,4.440892098500626e-16,1.1093990755007703,1.553158705701079,1.553158705701079,1.908682339682802,2.460766189403631
611,1.1102230246251565e-16,0.0,-0.32629384573552067,0.9788815372065622,0.9788815372065623,1.0318317390198646,1.422281899460385
612,0.0,0.0,0.0,0.0,0.0,0.0,0.0
613,-1.1102230246251565e-16,2.220446049250313e-16,0.0,0.0,-1.1102230246251565e-16,2.482534153247273e-16,2.719479911021037e-16
614,0.0,1.1102230246251565e-16,1.1093990755007703,0.3169711644287916,0.3169711644287916,1.1537924543874032,1.1965399060961788
615,0.0,0.0,0.0,0.0,0.0,0.0,0.0
616,0.0,0.0,0.0,0.0,0.0,0.0,0.0
617,0.0,-4.440892098500626e-16,0.0,0.0,0.0,4.440892098500626e-16,4.440892098500626e-16
618,0.0,0.0,0.0,0.0,0.0,0.0,0.0
619,0.6884568730944497,-0.6392813821591319,-0.41307412385666986,0.3835688292954792,1.072025702389929,1.0956317037642425,1.5328561370454687
620,0.4809533564309698,-1.2825422838159195,-0.2885720138585819,0.7695253702895517,1.2504787267205215,1.5973959883321478,2.028637717661834
621,0.0,-2.220446049250313e-16,0.0,0.0,0.0,2.220446049250313e-16,2.220446049250313e-16
622,5.551115123125783e-17,0.0,0.0,0.0,5.551115123125783e-17,5.551115123125783e-17,7.850462293418876e-17
623,0.0,0.0,0.0,0.0,0.0,0.0,0.0
624,0.0,0.0,0.0,0.0,0.0,0.0,0.0
625,0.0,0.0,0.0,0.0,0.0,0.0,0.0
626,2.220446049250313e-16,0.0,0.0,0.0,2.220446049250313e-16,2.220446049250313e-16,3.1401849173675503e-16
627,0.0,1.1102230246251565e-16,0.0,0.0,0.0,1.1102230246251565e-16,1.1102230246251565e-16
628,0.0,0.0,0.0,0.0,0.0,0.0,0.0
629,0.0,0.0,0.0,0.0,0.0,0.0,0.0
630,0.0,0.0,0.0,0.0,0.0,0.0,0.0
631,0.0,0.0,0.0,0.0,0.0,0.0,0.0
632,0.0,-4.440892098500626e-16,0.0,0.0,0.0,4.440892098500626e-16,4.440892098500626e-16
633,0.0,0.0,0.0,0.0,0.0,0.0,0.0
634,0.0,0.0,0.0,0.0,0.0,0.0,0.0
635,0.0,0.0,0.0,0.0,0.0,0.0,0.0
636,0.0,0.0,0.0,0.0,0.0,0.0,0.0
637,0.0,-2.220446049250313e-16,0.0,0.0,0.0,2.220446049250313e-16,2.220446049250313e-16
638,0.0,0.0,0.0,0.0,0.0,0.0,0.0
639,0.0,0.0,0.0,0.0,0.0,0.0,0.0
640,0.0,5.551115123125783e-17,0.0,0.0,0.0,5.551115123125783e-17,5.551115123125783e-17
641,0.0,0.0,0.0,0.0,0.0,0.0,0.0
642,0.0,0.0,0.0,0.0,0.0,0.0,0.0
643,0.0,0.0,0.0,0.0,0.0,0.0,0.0
644,0.0,0.0,0.0,0.0,0.0,0.0,0.0
645,0.0,0.0,0.0,0.0,0.0,0.0,0.0
646,0.0,0.0,0.0,0.0,0.0,0.0,0.0
647,0.0,1.1102230246251565e-16,0.0,0.0,0.0,1.1102230246251565e-16,1.1102230246251565e-16
648,0.0,4.440892098500626e-16,0.0,0.0,0.0,4.440892098500626e-16,4.440892098500626e-16
649,0.0,0.0,0.0,0.0,0.0,0.0,0.0
650,2.220446049250313e-16,0.0,0.0,0.0,2.220446049250313e-16,2.220446049250313e-16,3.1401849173675503e-16
651,1.1102230246251565e-16,2.220446049250313e-16,0.0,0.0,1.1102230246251565e-16,2.482534153247273e-16,2.719479911021037e-16
652,1.1102230246251565e-16,0.0,0.0,0.0,1.1102230246251565e-16,1.1102230246251565e-16,1.5700924586837752e-16
653,0.0,2.220446049250313e-16,0.0,0.0,0.0,2.220446049250313e-16,2.220446049250313e-16
654,-2.220446049250313e-16,0.0,0.0,0.0,-2.220446049250313e-16,2.220446049250313e-16,3.1401849173675503e-16
655,1.1102230246251565e-16,0.0,0.0,0.0,1.1102230246251565e-16,1.1102230246251565e-16,1.5700924586837752e-16
656,0.0,0.0,0.0,0.0,0.0,0.0,0.0
657,-4.440892098500626e-16,0.0,0.0,0.0,-4.440892098500626e-16,4.440892098500626e-16,6.280369834735101e-16
658,-2.220446049250313e-16,0.0,0.0,0.0,-2.220446049250313e-16,2.220446049250313e-16,3.1401849173675503e-16
659,0.0,0.0,0.0,0.0,0.0,0.0,0.0
660,0.0,-4.440892098500626e-16,0.0,0.0,0.0,4.440892098500626e-16,4.440892098500626e-16
661,0.0,0.0,0.0,0.0,0.0,0.0,0.0
662,0.0,0.0,0.0,0.0,0.0,0.0,0.0
663,0.0,0.0,0.0,0.0,0.0,0.0,0.0
664,0.0,0.0,0.0,0.0,0.0,0.0,0.0
