no.,vertice_idx1,vertice_idx2,vertice_idx3
0,655,468,378
1,813,786,655
2,589,694,555
3,786,694,655
4,501,560,500
5,694,648,601
6,370,362,378
7,370,341,362
8,468,385,378
9,385,370,378
10,239,213,230
11,215,213,239
12,779,786,813
13,694,581,555
14,581,694,601
15,511,510,487
16,511,543,510
17,193,167,151
18,256,239,230
19,519,468,655
20,198,213,215
21,464,501,500
22,380,337,352
23,278,146,175
24,758,739,745
25,739,728,745
26,770,779,785
27,779,770,759
28,758,770,785
29,770,758,759
30,729,694,786
31,779,729,786
32,610,694,589
33,610,628,694
34,694,642,655
35,628,642,694
36,749,756,769
37,756,777,769
38,776,763,769
39,763,749,769
40,749,763,748
41,773,772,762
42,763,773,762
43,773,763,776
44,772,773,803
45,773,776,803
46,737,740,775
47,740,737,730
48,711,660,695
49,711,737,775
50,623,543,585
51,623,711,543
52,711,623,660
53,616,625,662
54,543,537,585
55,216,193,245
56,218,216,226
57,213,191,230
58,248,256,230
59,279,267,294
60,4,44,29
61,2,44,4
62,44,2,0
63,44,193,151
64,193,44,245
65,166,142,151
66,89,44,151
67,44,89,62
68,225,229,242
69,217,205,209
70,205,180,209
71,198,181,184
72,453,454,479
73,464,453,479
74,454,423,455
75,423,453,422
76,453,423,454
77,464,502,501
78,502,464,479
79,380,395,399
80,423,395,396
81,399,395,422
82,395,423,422
83,381,357,396
84,395,381,396
85,381,395,380
86,357,381,352
87,381,380,352
88,263,102,117
89,8,10,3
90,5,8,3
91,15,8,17
92,8,15,10
93,14,25,31
94,15,14,10
95,14,15,22
96,10,14,3
97,35,55,47
98,746,779,759
99,746,729,779
100,746,758,745
101,758,746,759
102,728,746,745
103,794,806,812
104,794,791,785
105,594,610,589
106,772,760,762
107,760,747,762
108,747,741,762
109,741,763,762
110,763,741,748
111,782,776,769
112,782,792,776
113,777,782,769
114,776,800,803
115,792,800,776
116,789,777,790
117,789,782,777
118,782,789,792
119,780,799,790
120,853,857,860
121,854,857,853
122,857,655,378
123,846,854,853
124,607,608,621
125,560,559,500
126,550,559,565
127,613,587,569
128,521,560,501
129,521,551,560
130,648,636,601
131,551,584,560
132,584,551,571
133,778,758,785
134,791,778,785
135,659,677,676
136,653,659,676
137,652,635,645
138,735,740,730
139,717,735,730
140,711,716,737
141,708,716,711
142,623,637,660
143,537,562,585
144,660,669,695
145,649,669,660
146,590,568,616
147,568,625,616
148,638,651,662
149,625,638,662
150,626,625,609
151,626,638,625
152,680,661,662
153,511,503,543
154,503,537,543
155,406,430,416
156,233,216,245
157,216,233,226
158,246,233,245
159,192,167,193
160,192,191,167
161,199,191,213
162,199,198,184
163,198,199,213
164,233,244,226
165,244,233,246
166,244,248,230
167,218,244,230
168,244,218,226
169,256,268,239
170,370,340,341
171,497,466,467
172,318,342,294
173,301,347,372
174,300,301,372
175,424,423,396
176,423,424,455
177,357,353,396
178,353,424,396
179,353,330,305
180,300,353,305
181,222,205,217
182,235,247,238
183,235,215,239
184,247,235,239
185,221,217,209
186,221,235,238
187,215,221,209
188,235,221,215
189,471,491,462
190,157,166,184
191,181,157,184
192,157,142,166
193,191,174,167
194,167,174,151
195,174,166,151
196,166,174,184
197,199,174,191
198,174,199,184
199,89,83,62
200,92,82,67
201,201,198,215
202,201,181,198
203,201,215,209
204,180,201,209
205,181,201,180
206,163,157,181
207,163,140,141
208,157,163,141
209,453,442,422
210,442,453,464
211,442,399,422
212,572,566,601
213,566,572,545
214,580,599,571
215,454,485,479
216,523,485,517
217,523,502,479
218,485,523,479
219,561,581,601
220,566,561,601
221,337,338,352
222,338,357,352
223,320,338,337
224,338,353,357
225,353,338,330
226,330,338,299
227,338,320,299
228,330,307,305
229,307,330,299
230,200,320,337
231,146,264,117
232,304,380,399
233,304,326,278
234,380,304,337
235,304,200,337
236,54,46,42
237,24,36,33
238,24,28,36
239,30,35,47
240,30,27,22
241,13,19,17
242,19,32,38
243,19,35,17
244,35,19,38
245,1,2,4
246,6,1,4
247,1,6,3
248,1,3,0
249,2,1,0
250,7,6,13
251,7,13,17
252,7,5,3
253,6,7,3
254,8,7,17
255,7,8,5
256,723,746,728
257,746,723,729
258,729,723,694
259,723,648,694
260,723,728,648
261,802,810,797
262,810,805,797
263,819,802,812
264,810,819,818
265,819,810,802
266,798,794,785
267,794,798,806
268,806,798,813
269,798,779,813
270,779,798,785
271,823,830,838
272,817,810,818
273,810,817,805
274,823,817,830
275,817,823,816
276,542,531,497
277,771,760,772
278,771,803,775
279,771,772,803
280,731,747,720
281,731,741,747
282,731,720,709
283,741,731,748
284,789,831,792
285,831,800,792
286,793,807,801
287,799,787,801
288,780,787,799
289,787,793,801
290,777,766,790
291,766,780,790
292,766,777,756
293,809,795,796
294,796,795,774
295,805,804,796
296,804,809,796
297,817,804,805
298,809,804,816
299,804,817,816
300,855,853,860
301,845,857,854
302,845,834,813
303,845,813,655
304,857,845,655
305,851,846,853
306,855,851,853
307,296,313,302
308,302,336,263
309,429,460,432
310,460,431,432
311,460,429,421
312,365,393,363
313,336,365,363
314,365,336,366
315,392,393,407
316,393,392,363
317,549,570,569
318,570,549,550
319,570,550,565
320,588,570,565
321,583,559,560
322,583,608,607
323,588,583,607
324,559,583,565
325,583,588,565
326,605,587,613
327,572,552,545
328,521,552,551
329,580,552,572
330,551,552,571
331,552,580,571
332,633,636,648
333,599,593,571
334,593,584,571
335,783,796,774
336,767,783,774
337,744,728,739
338,778,764,758
339,758,764,739
340,764,744,739
341,755,754,738
342,755,738,727
343,767,755,752
344,755,767,774
345,754,755,774
346,677,654,648
347,654,677,659
348,654,633,648
349,755,686,752
350,677,686,676
351,606,635,613
352,606,570,588
353,606,588,607
354,606,613,569
355,570,606,569
356,641,653,645
357,653,666,645
358,666,653,676
359,685,701,684
360,685,666,676
361,666,685,684
362,686,685,676
363,685,686,701
364,699,698,674
365,698,699,712
366,675,699,674
367,699,675,684
368,704,699,684
369,699,704,712
370,753,771,775
371,771,753,760
372,740,753,775
373,735,753,740
374,760,753,747
375,753,735,747
376,737,714,730
377,714,708,697
378,716,714,737
379,714,716,708
380,735,718,747
381,717,718,735
382,652,640,635
383,635,640,613
384,651,671,662
385,690,682,668
386,672,690,668
387,690,672,691
388,700,690,709
389,690,700,682
390,612,644,627
391,597,612,627
392,596,597,627
393,596,626,609
394,626,596,627
395,304,477,326
396,637,643,660
397,649,643,629
398,643,649,660
399,624,637,623
400,643,624,629
401,624,643,637
402,563,586,526
403,562,582,585
404,586,582,562
405,638,663,651
406,663,671,651
407,671,663,682
408,682,663,668
409,626,663,638
410,679,678,661
411,680,679,661
412,678,679,697
413,506,507,526
414,448,506,463
415,427,392,407
416,392,427,406
417,406,427,463
418,427,448,463
419,431,400,432
420,400,429,432
421,449,460,475
422,460,449,431
423,482,511,487
424,482,503,511
425,586,525,526
426,538,562,537
427,525,538,512
428,538,586,562
429,538,525,586
430,430,426,416
431,426,336,363
432,336,426,263
433,192,206,191
434,206,218,230
435,191,206,230
436,206,192,193
437,216,206,193
438,206,216,218
439,244,261,248
440,268,252,239
441,252,268,267
442,252,247,239
443,348,356,324
444,348,340,370
445,348,311,340
446,388,376,374
447,466,438,467
448,376,354,374
449,342,354,294
450,394,369,397
451,343,322,351
452,322,343,318
453,343,342,318
454,369,343,351
455,343,369,342
456,322,339,351
457,339,322,344
458,280,322,318
459,356,335,324
460,260,290,272
461,290,275,272
462,298,280,274
463,280,298,322
464,288,347,301
465,289,288,242
466,321,288,289
467,288,321,347
468,255,300,305
469,424,443,455
470,413,300,372
471,413,353,300
472,530,589,555
473,530,541,589
474,284,243,238
475,243,289,242
476,243,284,289
477,229,243,242
478,222,243,229
479,297,279,294
480,354,297,294
481,285,308,284
482,297,285,279
483,205,187,180
484,519,472,468
485,389,420,397
486,420,389,415
487,491,515,514
488,497,470,514
489,470,491,514
490,470,497,467
491,491,470,462
492,470,439,462
493,414,394,397
494,125,101,141
495,125,140,110
496,140,125,141
497,107,101,89
498,142,107,151
499,107,89,151
500,93,94,110
501,208,229,225
502,208,222,229
503,100,113,79
504,129,133,144
505,113,97,79
506,97,86,70
507,97,129,86
508,97,133,129
509,44,37,29
510,111,128,105
511,92,111,82
512,87,111,105
513,111,87,82
514,136,137,161
515,137,115,112
516,115,136,123
517,115,137,136
518,140,124,110
519,124,93,110
520,580,600,599
521,636,600,601
522,600,572,601
523,600,580,572
524,522,523,545
525,523,522,502
526,552,522,545
527,502,522,501
528,522,521,501
529,522,552,521
530,554,523,517
531,561,554,517
532,523,554,545
533,554,566,545
534,554,561,566
535,561,546,581
536,546,561,517
537,485,480,517
538,480,454,455
539,480,485,454
540,492,486,450
541,283,307,299
542,320,283,299
543,147,164,170
544,146,158,175
545,200,169,170
546,118,146,117
547,102,118,117
548,119,118,102
549,291,277,263
550,277,302,263
551,277,296,302
552,313,303,332
553,303,313,296
554,277,303,296
555,303,277,291
556,254,263,117
557,264,254,117
558,291,271,292
559,271,264,292
560,271,254,264
561,271,291,263
562,254,271,263
563,200,282,175
564,304,282,200
565,282,278,175
566,282,304,278
567,278,276,146
568,264,273,292
569,273,293,292
570,273,276,293
571,273,264,146
572,276,273,146
573,39,45,31
574,46,39,31
575,27,34,25
576,46,34,42
577,30,34,27
578,25,34,31
579,34,46,31
580,34,30,47
581,20,14,22
582,27,20,22
583,14,20,25
584,20,27,25
585,84,86,104
586,68,53,45
587,45,53,31
588,102,53,75
589,69,68,45
590,86,69,70
591,84,69,86
592,69,84,68
593,64,97,70
594,97,64,79
595,54,58,46
596,69,58,70
597,58,64,70
598,64,58,54
599,58,39,46
600,39,58,45
601,58,69,45
602,122,129,144
603,164,122,144
604,122,164,147
605,121,122,147
606,122,121,104
607,86,122,104
608,129,122,86
609,23,19,13
610,19,23,32
611,32,23,33
612,23,24,33
613,26,30,22
614,30,26,35
615,35,26,17
616,26,15,17
617,15,26,22
618,48,35,38
619,48,55,35
620,82,56,67
621,36,56,33
622,56,52,33
623,40,32,33
624,52,40,33
625,51,40,52
626,32,40,38
627,40,48,38
628,40,51,48
629,834,825,813
630,827,823,838
631,827,844,833
632,827,815,816
633,823,827,816
634,542,553,531
635,541,553,589
636,553,594,589
637,553,542,594
638,594,595,610
639,534,497,514
640,534,542,497
641,799,811,790
642,811,789,790
643,811,799,801
644,807,811,801
645,800,835,803
646,831,835,800
647,835,831,842
648,803,835,775
649,835,859,775
650,807,808,815
651,808,795,809
652,808,807,793
653,795,808,793
654,787,781,793
655,795,781,774
656,781,795,793
657,750,766,756
658,766,761,780
659,750,761,766
660,859,858,860
661,858,855,860
662,845,840,834
663,824,817,818
664,817,824,830
665,830,837,838
666,840,837,832
667,824,837,830
668,837,824,832
669,837,846,838
670,837,840,846
671,843,851,844
672,851,843,846
673,846,843,838
674,843,827,838
675,827,843,844
676,336,345,366
677,345,371,366
678,429,409,421
679,400,409,429
680,409,400,371
681,293,315,292
682,315,329,292
683,329,315,326
684,384,326,412
685,384,329,326
686,384,383,367
687,392,391,363
688,391,426,363
689,426,391,416
690,391,406,416
691,391,392,406
692,549,528,550
693,559,528,500
694,550,528,559
695,583,579,608
696,584,579,560
697,579,583,560
698,734,749,748
699,731,734,748
700,722,702,715
701,690,702,709
702,702,690,691
703,608,630,621
704,630,641,621
705,630,654,659
706,654,630,633
707,653,630,659
708,641,630,653
709,579,614,608
710,614,579,584
711,614,630,608
712,630,614,633
713,783,784,797
714,764,743,744
715,686,743,752
716,743,686,677
717,743,677,648
718,728,743,648
719,744,743,728
720,686,713,701
721,713,755,727
722,713,686,755
723,635,632,645
724,606,632,635
725,641,632,621
726,632,641,645
727,632,607,621
728,632,606,607
729,698,693,674
730,665,675,652
731,665,652,645
732,666,665,645
733,665,666,684
734,675,665,684
735,701,710,684
736,710,704,684
737,713,710,701
738,747,719,720
739,718,719,747
740,719,718,707
741,700,719,707
742,720,719,709
743,719,700,709
744,658,640,652
745,658,675,674
746,675,658,652
747,640,634,613
748,634,664,617
749,634,657,664
750,634,658,657
751,658,634,640
752,656,672,668
753,700,689,682
754,689,671,682
755,689,700,707
756,596,577,597
757,326,476,412
758,477,476,326
759,478,304,399
760,478,477,304
761,477,478,500
762,442,478,399
763,478,464,500
764,478,442,464
765,476,520,539
766,598,612,597
767,612,598,617
768,540,528,549
769,540,520,516
770,520,540,574
771,528,540,500
772,540,477,500
773,477,540,516
774,624,604,629
775,563,604,586
776,603,624,623
777,603,582,586
778,604,603,586
779,603,604,624
780,603,623,585
781,582,603,585
782,507,544,526
783,544,563,526
784,631,650,646
785,650,631,661
786,631,616,662
787,661,631,662
788,678,670,661
789,670,650,661
790,639,626,627
791,639,663,626
792,663,639,668
793,644,639,627
794,639,656,668
795,656,639,644
796,718,706,707
797,706,718,717
798,671,681,662
799,681,680,662
800,687,714,697
801,679,687,697
802,687,679,680
803,681,687,680
804,687,681,696
805,499,544,507
806,544,499,527
807,499,513,527
808,527,513,548
809,513,421,548
810,513,460,421
811,408,400,431
812,393,408,407
813,449,428,431
814,428,427,407
815,427,428,448
816,428,449,448
817,408,428,407
818,428,408,431
819,503,504,537
820,484,504,503
821,504,538,537
822,538,504,512
823,482,483,503
824,483,484,503
825,484,483,445
826,504,473,512
827,473,504,484
828,505,525,512
829,506,505,463
830,505,506,526
831,525,505,526
832,275,259,272
833,259,260,272
834,259,246,245
835,260,259,245
836,287,253,245
837,253,260,245
838,348,364,356
839,390,364,398
840,364,390,356
841,364,348,370
842,364,385,398
843,385,364,370
844,311,310,287
845,310,348,324
846,310,311,348
847,340,312,341
848,311,312,340
849,312,311,287
850,341,312,245
851,312,287,245
852,377,388,374
853,377,369,394
854,414,404,394
855,404,439,425
856,404,414,439
857,418,438,402
858,376,418,402
859,347,373,372
860,321,373,347
861,358,368,331
862,368,358,376
863,358,354,376
864,355,339,344
865,339,355,351
866,286,280,318
867,280,286,268
868,286,318,294
869,267,286,294
870,268,286,267
871,269,268,256
872,269,280,268
873,248,269,256
874,261,269,248
875,269,261,274
876,280,269,274
877,310,281,287
878,281,310,324
879,316,308,331
880,316,373,321
881,308,316,284
882,368,316,331
883,373,316,368
884,284,316,289
885,316,321,289
886,227,234,249
887,257,288,301
888,300,257,301
889,255,257,300
890,486,456,450
891,456,443,450
892,413,444,353
893,353,444,424
894,386,413,372
895,373,386,372
896,243,232,238
897,232,243,222
898,232,222,217
899,221,232,217
900,232,221,238
901,308,317,331
902,317,297,354
903,285,317,308
904,317,285,297
905,317,358,331
906,358,317,354
907,247,258,238
908,258,284,238
909,258,285,284
910,285,258,279
911,252,258,247
912,258,267,279
913,258,252,267
914,156,173,172
915,173,187,172
916,165,173,156
917,187,173,180
918,173,165,180
919,360,355,344
920,355,360,389
921,390,361,356
922,361,335,356
923,335,361,334
924,361,360,334
925,405,390,398
926,420,419,397
927,419,414,397
928,440,472,471
929,440,419,420
930,440,471,462
931,439,440,462
932,414,440,439
933,419,440,414
934,556,536,532
935,536,515,532
936,498,491,471
937,498,515,491
938,498,472,519
939,472,498,471
940,498,519,532
941,515,498,532
942,446,470,467
943,470,446,439
944,439,446,425
945,438,446,467
946,446,418,425
947,418,446,438
948,101,126,141
949,107,126,101
950,126,107,142
951,126,157,141
952,157,126,142
953,98,94,83
954,101,98,89
955,98,83,89
956,94,98,110
957,98,125,110
958,125,98,101
959,172,189,161
960,189,208,194
961,208,190,222
962,222,190,205
963,190,187,205
964,189,190,208
965,187,190,172
966,190,189,172
967,219,203,204
968,203,219,202
969,127,97,113
970,97,127,133
971,203,185,204
972,88,96,112
973,96,88,74
974,115,88,112
975,74,88,67
976,88,92,67
977,49,56,36
978,60,44,62
979,41,37,44
980,41,61,37
981,60,41,44
982,111,131,128
983,131,150,128
984,136,131,123
985,131,111,123
986,189,160,161
987,160,189,194
988,160,136,161
989,160,131,136
990,131,160,150
991,106,115,123
992,111,106,123
993,106,111,92
994,88,106,92
995,106,88,115
996,162,163,181
997,162,181,180
998,165,162,180
999,163,162,140
1000,162,165,140
1001,139,124,140
1002,165,139,140
1003,139,165,156
1004,138,139,156
1005,533,492,529
1006,533,529,555
1007,581,533,555
1008,546,533,581
1009,480,508,517
1010,508,546,517
1011,508,533,546
1012,492,508,486
1013,533,508,492
1014,492,524,529
1015,529,524,555
1016,524,530,555
1017,265,283,249
1018,182,203,202
1019,182,185,203
1020,164,178,170
1021,182,178,164
1022,153,147,170
1023,169,153,170
1024,153,121,147
1025,121,153,120
1026,53,76,75
1027,84,76,68
1028,76,53,68
1029,50,64,54
1030,50,54,42
1031,50,34,47
1032,34,50,42
1033,16,23,13
1034,23,16,24
1035,16,18,24
1036,72,80,85
1037,80,109,85
1038,51,66,48
1039,81,66,87
1040,24,21,28
1041,18,21,24
1042,28,21,29
1043,21,18,9
1044,21,4,29
1045,21,9,4
1046,806,821,812
1047,821,806,813
1048,825,821,813
1049,829,825,834
1050,610,611,628
1051,595,611,610
1052,542,575,594
1053,575,595,594
1054,595,575,556
1055,534,575,542
1056,575,534,556
1057,826,831,789
1058,811,826,789
1059,822,826,811
1060,704,725,712
1061,724,725,750
1062,725,724,712
1063,749,742,756
1064,742,750,756
1065,734,742,749
1066,742,734,722
1067,754,765,738
1068,765,787,780
1069,765,781,787
1070,765,754,774
1071,781,765,774
1072,844,841,833
1073,851,850,844
1074,850,851,855
1075,847,841,848
1076,846,849,854
1077,840,849,846
1078,849,845,854
1079,849,840,845
1080,313,325,302
1081,401,410,421
1082,409,401,421
1083,346,313,332
1084,349,346,332
1085,346,325,313
1086,325,346,345
1087,345,346,371
1088,346,349,371
1089,383,411,410
1090,410,411,421
1091,411,384,412
1092,384,411,383
1093,315,306,326
1094,306,315,293
1095,326,306,278
1096,276,306,293
1097,306,276,278
1098,734,721,722
1099,721,702,722
1100,721,734,731
1101,721,731,709
1102,702,721,709
1103,593,615,584
1104,615,614,584
1105,614,615,633
1106,788,802,797
1107,784,788,797
1108,802,788,791
1109,788,778,791
1110,788,764,778
1111,768,767,752
1112,768,783,767
1113,768,784,783
1114,788,768,764
1115,768,788,784
1116,743,768,752
1117,768,743,764
1118,657,673,664
1119,693,673,674
1120,724,703,712
1121,703,724,715
1122,703,698,712
1123,703,693,698
1124,692,672,664
1125,672,692,691
1126,673,692,664
1127,692,673,693
1128,692,702,691
1129,703,692,693
1130,620,605,613
1131,634,620,613
1132,605,620,617
1133,620,634,617
1134,672,647,664
1135,656,647,672
1136,647,656,644
1137,664,647,617
1138,647,612,617
1139,612,647,644
1140,576,577,596
1141,576,411,412
1142,411,576,421
1143,476,576,412
1144,489,476,477
1145,520,489,516
1146,489,520,476
1147,577,578,597
1148,578,598,597
1149,598,592,617
1150,592,598,574
1151,592,605,617
1152,605,592,587
1153,592,574,587
1154,564,549,569
1155,564,540,549
1156,587,564,569
1157,574,564,587
1158,540,564,574
1159,602,604,563
1160,602,590,616
1161,670,683,695
1162,683,670,678
1163,683,678,697
1164,683,711,695
1165,708,683,697
1166,683,708,711
1167,669,667,695
1168,667,670,695
1169,667,669,649
1170,646,667,649
1171,650,667,646
1172,670,667,650
1173,688,689,707
1174,706,688,707
1175,688,706,696
1176,681,688,696
1177,689,688,671
1178,688,681,671
1179,705,706,717
1180,705,717,730
1181,714,705,730
1182,706,705,696
1183,687,705,714
1184,705,687,696
1185,474,499,507
1186,449,474,448
1187,474,449,475
1188,499,474,475
1189,506,474,507
1190,474,506,448
1191,460,488,475
1192,513,488,460
1193,488,499,475
1194,488,513,499
1195,408,382,400
1196,371,382,366
1197,400,382,371
1198,382,365,366
1199,365,382,393
1200,382,408,393
1201,483,458,445
1202,458,483,482
1203,458,482,487
1204,426,458,487
1205,458,426,445
1206,426,452,445
1207,452,426,430
1208,452,484,445
1209,452,473,484
1210,473,459,512
1211,459,505,512
1212,505,459,463
1213,452,459,473
1214,459,452,430
1215,459,406,463
1216,459,430,406
1217,262,259,275
1218,262,261,244
1219,262,244,246
1220,259,262,246
1221,262,275,274
1222,261,262,274
1223,369,359,342
1224,377,359,369
1225,359,354,342
1226,404,403,388
1227,403,404,425
1228,418,403,425
1229,403,376,388
1230,403,418,376
1231,387,373,368
1232,387,376,402
1233,387,368,376
1234,387,386,373
1235,355,375,351
1236,375,355,389
1237,375,369,351
1238,375,389,397
1239,369,375,397
1240,270,290,260
1241,270,281,290
1242,253,270,260
1243,270,253,287
1244,281,270,287
1245,309,281,324
1246,281,309,290
1247,335,309,324
1248,309,319,290
1249,309,335,334
1250,319,309,334
1251,323,319,334
1252,323,360,344
1253,360,323,334
1254,322,323,344
1255,298,323,322
1256,275,295,274
1257,295,298,274
1258,290,295,275
1259,319,295,290
1260,295,323,298
1261,323,295,319
1262,443,461,455
1263,456,461,443
1264,461,480,455
1265,461,456,486
1266,508,461,486
1267,461,508,480
1268,524,465,493
1269,465,524,492
1270,465,457,493
1271,444,465,450
1272,465,492,450
1273,438,434,402
1274,434,437,402
1275,437,417,402
1276,417,387,402
1277,387,417,386
1278,386,417,413
1279,496,466,497
1280,531,496,497
1281,389,441,415
1282,360,441,389
1283,440,447,472
1284,441,447,415
1285,447,420,415
1286,447,440,420
1287,472,447,468
1288,447,441,468
1289,534,535,556
1290,535,536,556
1291,535,534,514
1292,515,535,514
1293,536,535,515
1294,197,212,211
1295,208,207,194
1296,212,207,220
1297,207,212,197
1298,220,207,225
1299,207,208,225
1300,183,160,194
1301,207,183,194
1302,183,207,197
1303,240,257,255
1304,237,240,255
1305,231,227,249
1306,231,219,227
1307,283,231,249
1308,200,231,320
1309,231,283,320
1310,231,200,202
1311,219,231,202
1312,196,195,179
1313,185,195,204
1314,195,185,179
1315,133,148,144
1316,59,74,67
1317,56,59,67
1318,49,59,56
1319,61,43,37
1320,43,28,29
1321,37,43,29
1322,28,43,36
1323,43,49,36
1324,96,77,93
1325,77,96,74
1326,61,77,74
1327,41,63,61
1328,63,41,60
1329,63,77,61
1330,138,155,137
1331,155,172,161
1332,137,155,161
1333,155,156,172
1334,155,138,156
1335,116,96,93
1336,124,116,93
1337,96,116,112
1338,139,116,124
1339,116,139,138
1340,234,250,249
1341,250,265,249
1342,188,200,170
1343,178,188,170
1344,200,188,202
1345,188,182,202
1346,188,178,182
1347,108,121,120
1348,99,108,120
1349,121,108,104
1350,103,99,120
1351,103,132,119
1352,132,103,120
1353,103,119,102
1354,158,168,175
1355,168,200,175
1356,168,169,200
1357,132,135,119
1358,135,118,119
1359,135,158,146
1360,118,135,146
1361,153,152,120
1362,152,132,120
1363,152,153,169
1364,168,152,169
1365,152,168,158
1366,135,152,158
1367,152,135,132
1368,91,99,75
1369,76,91,75
1370,91,108,99
1371,108,91,104
1372,91,84,104
1373,91,76,84
1374,50,71,64
1375,64,71,79
1376,71,50,47
1377,71,72,85
1378,55,71,47
1379,72,71,55
1380,11,16,13
1381,6,11,13
1382,11,6,4
1383,9,11,4
1384,18,12,9
1385,16,12,18
1386,12,11,9
1387,11,12,16
1388,80,95,109
1389,95,80,81
1390,95,81,87
1391,95,87,105
1392,109,95,105
1393,65,72,55
1394,65,80,72
1395,48,65,55
1396,66,65,48
1397,80,65,81
1398,65,66,81
1399,87,73,82
1400,66,73,87
1401,73,56,82
1402,56,73,52
1403,73,51,52
1404,73,66,51
1405,828,829,834
1406,840,828,834
1407,828,840,832
1408,824,828,832
1409,819,828,818
1410,828,824,818
1411,820,821,825
1412,829,820,825
1413,820,819,812
1414,821,820,812
1415,820,828,819
1416,828,820,829
1417,622,642,628
1418,611,622,628
1419,622,556,532
1420,622,595,556
1421,622,611,595
1422,642,622,655
1423,622,519,655
1424,519,622,532
1425,814,811,807
1426,814,822,811
1427,814,807,815
1428,822,814,833
1429,814,827,833
1430,827,814,815
1431,751,761,750
1432,725,751,750
1433,710,726,704
1434,726,713,727
1435,726,710,713
1436,732,724,750
1437,742,732,750
1438,724,732,715
1439,732,722,715
1440,732,742,722
1441,858,856,855
1442,856,858,859
1443,847,856,842
1444,835,856,859
1445,856,835,842
1446,839,847,842
1447,831,839,842
1448,826,839,831
1449,327,345,336
1450,327,325,345
1451,327,336,302
1452,325,327,302
1453,379,383,410
1454,401,379,410
1455,383,379,367
1456,379,349,367
1457,349,379,371
1458,379,409,371
1459,379,401,409
1460,328,314,291
1461,314,328,333
1462,314,303,291
1463,303,314,332
1464,314,333,332
1465,328,350,333
1466,349,350,367
1467,350,328,329
1468,350,349,332
1469,333,350,332
1470,350,384,367
1471,384,350,329
1472,633,618,636
1473,615,618,633
1474,600,618,599
1475,618,600,636
1476,618,593,599
1477,618,615,593
1478,421,591,548
1479,576,591,421
1480,591,568,548
1481,591,596,609
1482,591,576,596
1483,625,591,609
1484,568,591,625
1485,490,477,516
1486,489,490,516
1487,490,489,477
1488,557,578,577
1489,576,557,577
1490,557,476,539
1491,557,576,476
1492,604,619,629
1493,602,619,604
1494,619,649,629
1495,619,646,649
1496,619,631,646
1497,631,619,616
1498,619,602,616
1499,544,573,563
1500,573,602,563
1501,433,444,413
1502,457,433,413
1503,433,465,444
1504,465,433,457
1505,436,417,437
1506,481,436,437
1507,436,457,413
1508,417,436,413
1509,435,441,390
1510,405,435,390
1511,441,435,468
1512,435,405,398
1513,435,385,468
1514,385,435,398
1515,237,224,220
1516,224,212,220
1517,212,224,211
1518,224,223,211
1519,160,159,150
1520,183,159,160
1521,223,210,211
1522,210,223,234
1523,228,237,220
1524,228,240,237
1525,228,220,225
1526,185,177,179
1527,57,61,74
1528,57,43,61
1529,59,57,74
1530,57,59,49
1531,43,57,49
1532,63,78,77
1533,78,94,93
1534,77,78,93
1535,78,63,60
1536,78,60,62
1537,83,78,62
1538,94,78,83
1539,251,237,255
1540,90,102,75
1541,90,103,102
1542,99,90,75
1543,103,90,99
1544,761,757,780
1545,751,757,761
1546,757,765,780
1547,765,757,738
1548,733,751,725
1549,733,725,704
1550,726,733,704
1551,850,852,848
1552,852,847,848
1553,852,856,847
1554,852,850,855
1555,856,852,855
1556,847,836,841
1557,839,836,847
1558,841,836,833
1559,836,839,826
1560,836,822,833
1561,822,836,826
1562,558,557,539
1563,557,558,578
1564,520,558,539
1565,558,520,574
1566,598,558,574
1567,578,558,598
1568,547,544,527
1569,547,573,544
1570,547,527,548
1571,530,518,541
1572,518,496,531
1573,518,553,541
1574,553,518,531
1575,457,494,493
1576,494,509,530
1577,494,524,493
1578,524,494,530
1579,434,451,437
1580,451,481,437
1581,451,438,466
1582,451,434,438
1583,496,451,466
1584,436,469,457
1585,469,436,481
1586,469,494,457
1587,509,469,481
1588,494,469,509
1589,223,236,234
1590,224,236,223
1591,236,224,237
1592,236,250,234
1593,251,236,237
1594,236,251,250
1595,154,159,183
1596,214,234,227
1597,214,210,234
1598,219,214,227
1599,214,195,196
1600,210,214,196
1601,214,219,204
1602,195,214,204
1603,241,228,225
1604,228,241,240
1605,240,241,257
1606,241,225,242
1607,288,241,242
1608,257,241,288
1609,182,176,185
1610,176,177,185
1611,176,164,144
1612,176,182,164
1613,148,176,144
1614,177,176,148
1615,266,255,305
1616,266,251,255
1617,307,266,305
1618,250,266,265
1619,251,266,250
1620,283,266,307
1621,265,266,283
1622,733,736,751
1623,736,733,726
1624,736,757,751
1625,757,736,738
1626,738,736,727
1627,736,726,727
1628,547,567,573
1629,567,568,590
1630,568,567,548
1631,567,547,548
1632,602,567,590
1633,573,567,602
1634,495,451,496
1635,451,495,481
1636,518,495,496
1637,495,509,481
1638,495,518,530
1639,509,495,530
1640,128,130,105
1641,130,109,105
1642,154,130,159
1643,150,130,128
1644,159,130,150
1645,100,114,113
1646,114,134,113
1647,143,127,113
1648,134,143,113
1649,127,143,133
1650,143,148,133
1651,177,143,179
1652,143,177,148
1653,171,183,197
1654,171,154,183
1655,145,114,109
1656,130,145,109
1657,145,130,154
1658,114,145,134
1659,171,145,154
1660,143,149,179
1661,149,143,134
1662,145,149,134
1663,149,145,171
1664,186,196,179
1665,149,186,179
1666,186,149,171
1667,210,186,211
1668,186,210,196
1669,186,197,211
1670,186,171,197
1671,794,802,791
1672,802,794,812
1673,783,805,796
1674,805,783,797
1675,808,809,816
1676,815,808,816
1677,377,404,388
1678,404,377,394
1679,444,443,424
1680,443,444,450
1681,841,850,848
1682,850,841,844
1683,329,328,292
1684,328,291,292
1685,658,673,657
1686,673,658,674
1687,692,703,715
1688,702,692,715
1689,359,377,374
1690,354,359,374
1691,361,441,360
1692,441,361,390
1693,116,138,137
1694,116,137,112
1695,71,100,79
1696,100,71,85
1697,114,100,85
1698,109,114,85
