no.,vertice_idx1,vertice_idx2,vertice_idx3
0,440,409,441
1,79,122,472
2,122,249,472
3,324,409,472
4,249,324,472
5,2,39,79
6,2,79,472
7,39,72,79
8,68,72,39
9,56,69,95
10,967,553,912
11,62,37,76
12,64,62,76
13,112,64,76
14,64,112,138
15,69,80,95
16,47,56,84
17,47,68,39
18,47,84,68
19,47,43,56
20,56,43,69
21,158,64,138
22,301,398,300
23,602,571,607
24,521,571,553
25,571,602,553
26,517,539,501
27,539,521,501
28,539,571,521
29,516,521,553
30,521,516,476
31,933,967,912
32,967,933,951
33,967,986,1000
34,489,517,501
35,465,457,440
36,440,457,409
37,409,457,472
38,457,476,472
39,521,457,501
40,457,521,476
41,457,489,501
42,489,457,465
43,96,122,79
44,122,222,249
45,264,293,285
46,90,84,196
47,646,724,716
48,724,723,716
49,714,594,708
50,674,646,716
51,409,410,441
52,553,779,912
53,709,779,553
54,691,779,709
55,723,713,716
56,713,689,716
57,995,999,1001
58,999,995,997
59,37,32,0
60,32,1,0
61,61,51,64
62,51,52,64
63,112,131,143
64,131,76,121
65,131,112,76
66,84,99,68
67,90,99,84
68,73,72,68
69,99,73,68
70,73,99,83
71,72,77,79
72,11,40,39
73,43,40,11
74,40,47,39
75,40,43,47
76,172,158,176
77,630,606,601
78,366,606,342
79,600,606,625
80,606,600,342
81,476,505,472
82,516,505,476
83,505,553,472
84,505,516,553
85,976,986,967
86,477,440,441
87,477,465,440
88,93,96,79
89,203,90,196
90,264,258,293
91,246,264,285
92,701,687,696
93,714,731,740
94,731,739,740
95,586,753,668
96,586,754,753
97,754,586,740
98,586,714,740
99,674,682,664
100,689,682,716
101,682,674,716
102,659,674,664
103,406,378,371
104,406,509,387
105,509,401,387
106,406,510,529
107,283,282,249
108,302,324,249
109,324,368,409
110,957,976,967
111,779,799,912
112,799,893,912
113,870,853,880
114,941,953,955
115,970,979,978
116,849,837,911
117,887,849,911
118,787,791,760
119,793,713,723
120,986,994,1000
121,1000,994,1001
122,994,995,1001
123,995,991,997
124,32,29,22
125,29,32,36
126,32,38,36
127,38,32,37
128,63,62,64
129,52,63,64
130,92,80,82
131,140,125,141
132,109,104,95
133,109,125,104
134,61,50,51
135,50,38,51
136,50,41,36
137,38,50,36
138,71,80,69
139,80,71,82
140,61,74,60
141,74,61,64
142,158,74,64
143,9,32,22
144,32,9,1
145,3,2,0
146,1,3,0
147,98,99,145
148,99,98,83
149,73,78,72
150,78,73,83
151,153,158,138
152,154,153,138
153,158,153,176
154,171,167,218
155,167,172,218
156,158,167,171
157,172,167,158
158,761,763,778
159,727,675,778
160,447,398,675
161,655,447,675
162,637,600,625
163,262,301,300
164,199,174,175
165,261,199,227
166,199,261,174
167,119,92,82
168,101,56,95
169,104,101,95
170,600,319,342
171,606,620,625
172,620,606,630
173,626,630,601
174,626,655,630
175,447,626,601
176,626,447,655
177,703,684,675
178,684,655,675
179,208,207,176
180,207,172,176
181,558,539,517
182,539,558,571
183,656,638,660
184,638,602,607
185,638,656,602
186,981,976,978
187,976,981,986
188,690,700,709
189,690,709,553
190,602,690,553
191,656,690,602
192,578,621,610
193,541,586,668
194,622,644,639
195,527,535,564
196,577,578,610
197,545,527,564
198,545,498,527
199,458,477,441
200,540,558,517
201,93,102,96
202,209,222,122
203,184,209,122
204,265,235,196
205,235,265,258
206,231,258,264
207,246,231,264
208,231,235,258
209,341,347,293
210,347,341,374
211,256,239,240
212,488,431,384
213,464,431,488
214,431,464,439
215,431,408,384
216,408,431,439
217,408,396,384
218,642,724,646
219,533,575,570
220,575,533,488
221,593,594,714
222,586,593,714
223,713,705,689
224,705,688,689
225,705,697,688
226,388,406,387
227,388,378,406
228,389,425,406
229,528,406,529
230,528,509,406
231,186,178,232
232,178,165,156
233,165,178,186
234,200,230,229
235,230,200,173
236,238,278,277
237,401,386,387
238,499,480,475
239,430,456,438
240,456,470,438
241,470,456,480
242,456,430,475
243,480,456,475
244,425,468,406
245,468,510,406
246,556,531,549
247,531,556,512
248,556,548,512
249,511,479,512
250,548,511,512
251,333,352,377
252,333,268,269
253,314,290,337
254,290,333,337
255,333,290,268
256,250,283,249
257,222,250,249
258,250,222,236
259,283,289,332
260,417,443,442
261,394,417,442
262,412,394,442
263,394,412,368
264,545,518,498
265,952,941,955
266,941,952,937
267,954,967,951
268,954,957,967
269,952,936,937
270,936,952,957
271,954,936,957
272,913,941,937
273,898,913,878
274,913,897,878
275,893,817,850
276,799,817,893
277,764,767,753
278,753,752,668
279,767,752,753
280,752,694,668
281,694,752,755
282,942,949,962
283,942,928,949
284,866,898,878
285,898,866,894
286,894,902,908
287,864,902,894
288,938,942,962
289,942,938,927
290,941,934,953
291,945,970,953
292,934,945,953
293,998,999,997
294,999,998,1001
295,998,983,1001
296,998,993,983
297,983,969,911
298,734,743,742
299,763,743,748
300,743,761,742
301,761,743,763
302,788,761,778
303,745,762,760
304,766,762,742
305,831,849,848
306,849,843,837
307,793,820,713
308,979,985,978
309,985,991,978
310,42,52,51
311,38,42,51
312,42,38,37
313,42,63,52
314,62,42,37
315,63,42,62
316,80,85,95
317,92,85,80
318,53,33,44
319,67,71,69
320,58,74,66
321,65,26,28
322,33,65,28
323,43,65,69
324,26,65,43
325,65,33,53
326,65,67,69
327,65,53,66
328,67,65,66
329,19,43,11
330,19,26,43
331,55,61,60
332,55,50,61
333,50,55,41
334,74,70,66
335,70,67,66
336,67,70,71
337,71,70,82
338,75,158,171
339,75,74,158
340,70,75,82
341,75,70,74
342,9,8,1
343,599,575,591
344,649,643,654
345,769,766,742
346,761,769,742
347,788,769,761
348,397,447,601
349,606,397,601
350,397,606,366
351,637,636,600
352,636,679,654
353,636,637,679
354,217,171,218
355,217,190,171
356,301,217,218
357,262,217,301
358,228,217,262
359,248,261,227
360,248,262,300
361,261,248,300
362,92,115,105
363,119,115,92
364,134,146,84
365,56,134,84
366,101,134,56
367,146,134,157
368,134,128,157
369,286,280,384
370,265,286,312
371,280,286,196
372,286,265,196
373,164,146,157
374,355,575,488
375,355,319,600
376,355,600,591
377,575,355,591
378,684,672,655
379,672,637,625
380,637,672,679
381,693,684,703
382,672,693,679
383,693,672,684
384,168,147,143
385,147,168,154
386,147,154,138
387,112,147,138
388,147,112,143
389,168,183,154
390,183,168,208
391,183,208,176
392,161,168,143
393,131,161,143
394,168,161,208
395,398,161,675
396,208,161,398
397,172,221,218
398,207,221,172
399,221,301,218
400,221,398,301
401,221,208,398
402,221,207,208
403,571,576,607
404,558,576,571
405,631,661,660
406,994,987,995
407,987,981,978
408,987,994,986
409,981,987,986
410,991,987,978
411,987,991,995
412,670,656,660
413,670,690,656
414,686,691,709
415,700,686,709
416,581,545,564
417,545,581,578
418,681,671,691
419,671,681,667
420,678,694,691
421,671,678,691
422,694,678,668
423,653,671,667
424,653,621,639
425,671,653,639
426,394,403,417
427,565,541,546
428,541,565,586
429,627,535,519
430,535,627,564
431,622,627,644
432,503,535,527
433,491,503,482
434,503,491,519
435,535,503,519
436,503,498,482
437,498,503,527
438,577,544,578
439,518,544,522
440,544,545,578
441,544,518,545
442,609,577,610
443,534,458,522
444,458,534,477
445,544,534,522
446,534,544,577
447,162,184,122
448,200,162,148
449,223,209,184
450,219,223,184
451,258,294,293
452,294,341,293
453,213,203,196
454,235,213,196
455,213,231,203
456,231,213,235
457,359,347,374
458,279,256,240
459,195,231,246
460,202,195,246
461,231,195,203
462,195,99,90
463,203,195,90
464,99,195,145
465,195,202,145
466,163,150,145
467,163,179,150
468,202,163,145
469,220,202,246
470,471,513,475
471,497,513,471
472,513,499,475
473,464,450,439
474,396,354,384
475,354,286,384
476,286,354,312
477,374,383,407
478,341,383,374
479,647,651,724
480,642,647,724
481,617,642,646
482,604,617,646
483,569,596,590
484,569,533,570
485,514,497,481
486,569,538,533
487,552,538,590
488,538,569,590
489,701,695,687
490,722,695,701
491,715,722,701
492,820,715,713
493,715,820,722
494,717,714,708
495,574,556,549
496,510,530,529
497,468,530,510
498,688,673,689
499,669,682,689
500,673,669,689
501,669,673,658
502,687,685,696
503,685,697,696
504,697,685,688
505,685,673,688
506,645,659,664
507,645,623,659
508,363,388,387
509,363,334,315
510,386,363,387
511,378,353,371
512,353,316,371
513,388,353,378
514,363,353,388
515,278,345,277
516,345,316,277
517,479,484,512
518,484,531,512
519,372,406,371
520,372,389,406
521,372,345,389
522,316,372,371
523,345,372,316
524,594,582,708
525,582,699,708
526,695,582,687
527,582,695,699
528,566,582,594
529,357,314,337
530,467,435,401
531,467,509,495
532,467,401,509
533,401,405,377
534,435,405,401
535,400,399,380
536,339,373,365
537,179,187,150
538,165,149,156
539,149,127,156
540,165,159,133
541,238,255,278
542,211,186,232
543,255,211,232
544,211,255,238
545,224,230,173
546,224,238,230
547,224,211,238
548,102,114,96
549,114,116,96
550,251,305,269
551,334,305,315
552,305,334,352
553,305,333,269
554,333,305,352
555,334,358,352
556,352,358,377
557,358,363,386
558,363,358,334
559,358,401,377
560,358,386,401
561,484,496,531
562,496,484,470
563,496,470,480
564,499,496,480
565,254,250,236
566,290,254,268
567,222,254,236
568,289,326,332
569,326,273,314
570,273,326,289
571,250,273,283
572,273,289,283
573,303,325,302
574,303,302,249
575,325,330,370
576,303,330,325
577,331,283,332
578,336,331,362
579,283,310,282
580,331,310,283
581,310,331,336
582,749,754,740
583,757,749,784
584,749,756,754
585,756,749,757
586,739,747,740
587,747,739,751
588,385,412,411
589,412,385,368
590,410,385,411
591,385,410,409
592,368,385,409
593,432,458,441
594,410,432,441
595,432,410,411
596,433,412,442
597,432,433,458
598,360,368,324
599,360,394,368
600,443,478,442
601,498,478,482
602,478,443,482
603,478,490,442
604,458,490,522
605,490,518,522
606,518,490,498
607,490,478,498
608,957,965,976
609,952,965,957
610,965,952,955
611,976,965,978
612,953,965,955
613,965,970,978
614,970,965,953
615,936,935,922
616,935,936,954
617,935,954,951
618,935,921,922
619,933,935,951
620,921,935,933
621,936,918,937
622,918,913,937
623,918,936,922
624,897,918,922
625,913,918,897
626,913,914,941
627,934,914,908
628,914,934,941
629,914,913,898
630,914,894,908
631,914,898,894
632,817,819,850
633,819,817,783
634,770,755,783
635,770,694,755
636,801,817,799
637,782,801,799
638,817,801,783
639,801,770,783
640,770,801,782
641,780,799,779
642,780,779,691
643,694,780,691
644,767,768,792
645,764,768,767
646,810,819,783
647,857,853,870
648,856,857,870
649,857,856,839
650,856,826,839
651,857,827,853
652,827,857,839
653,926,942,927
654,942,926,928
655,926,895,928
656,802,800,815
657,800,802,784
658,798,768,764
659,938,925,927
660,961,938,962
661,938,961,946
662,972,961,962
663,923,945,934
664,902,923,908
665,923,934,908
666,945,923,946
667,970,971,979
668,971,961,972
669,945,971,970
670,971,945,946
671,961,971,946
672,928,930,949
673,930,916,950
674,746,763,748
675,763,746,778
676,746,727,778
677,727,736,721
678,736,730,721
679,746,736,727
680,743,735,748
681,735,743,734
682,837,823,778
683,823,788,778
684,808,823,837
685,823,808,809
686,777,808,787
687,777,787,760
688,762,777,760
689,762,732,742
690,732,762,745
691,732,734,742
692,732,720,734
693,745,733,724
694,724,733,723
695,733,741,723
696,741,773,723
697,791,765,760
698,765,773,741
699,765,791,795
700,773,765,795
701,805,791,787
702,808,805,787
703,969,920,911
704,820,840,751
705,840,827,751
706,846,820,793
707,830,846,793
708,998,996,993
709,996,988,993
710,91,85,92
711,91,92,105
712,109,91,105
713,91,109,95
714,85,91,95
715,53,57,66
716,57,58,66
717,74,59,60
718,58,59,74
719,19,15,26
720,49,55,60
721,55,49,41
722,41,31,36
723,35,31,41
724,29,31,22
725,31,29,36
726,31,20,22
727,27,35,34
728,31,27,20
729,27,31,35
730,124,150,156
731,127,124,156
732,87,93,79
733,718,727,721
734,718,703,675
735,727,718,675
736,712,706,721
737,706,702,721
738,619,599,591
739,769,785,766
740,785,762,766
741,785,777,762
742,808,785,809
743,777,785,808
744,806,769,788
745,823,806,788
746,806,823,809
747,785,806,809
748,806,785,769
749,398,323,300
750,447,375,398
751,397,375,447
752,375,323,398
753,636,629,600
754,643,629,654
755,629,636,654
756,192,228,227
757,199,192,227
758,192,199,175
759,242,228,262
760,228,242,227
761,248,242,262
762,242,248,227
763,126,115,141
764,115,126,105
765,125,126,141
766,126,109,105
767,109,126,125
768,137,151,119
769,111,101,104
770,111,134,101
771,111,128,134
772,128,139,157
773,84,225,196
774,146,225,84
775,170,140,141
776,170,139,140
777,655,652,630
778,672,652,655
779,652,620,630
780,620,652,625
781,652,672,625
782,693,698,679
783,698,693,703
784,142,161,131
785,584,576,558
786,680,661,667
787,681,680,667
788,686,680,691
789,680,681,691
790,661,676,660
791,676,670,660
792,670,676,690
793,592,621,578
794,581,592,578
795,621,592,639
796,592,581,639
797,585,622,639
798,581,585,639
799,585,581,564
800,627,585,564
801,585,627,622
802,662,671,639
803,662,678,671
804,644,662,639
805,678,662,668
806,491,485,519
807,420,404,429
808,404,420,362
809,448,404,421
810,452,420,429
811,485,492,519
812,492,485,473
813,492,627,519
814,627,492,541
815,650,541,668
816,650,627,541
817,662,650,668
818,627,650,644
819,650,662,644
820,631,632,661
821,609,632,631
822,661,632,667
823,632,609,610
824,632,653,667
825,621,632,610
826,653,632,621
827,540,560,558
828,561,560,540
829,560,584,558
830,560,561,580
831,584,560,580
832,534,502,477
833,502,534,540
834,502,540,517
835,489,502,517
836,502,489,465
837,477,502,465
838,559,561,540
839,534,559,540
840,559,534,577
841,561,559,580
842,559,609,580
843,609,559,577
844,177,219,184
845,162,177,184
846,223,234,209
847,209,234,222
848,234,254,222
849,254,234,268
850,265,295,258
851,295,294,258
852,295,265,312
853,382,374,407
854,382,359,374
855,430,382,407
856,382,430,438
857,359,318,347
858,293,318,285
859,347,318,293
860,292,284,256
861,279,292,256
862,292,279,317
863,292,339,284
864,318,306,285
865,373,392,365
866,422,392,436
867,201,220,240
868,201,187,179
869,163,194,179
870,194,201,179
871,201,194,220
872,194,163,202
873,220,194,202
874,257,220,246
875,257,306,279
876,257,279,240
877,220,257,240
878,257,246,285
879,306,257,285
880,532,513,557
881,513,532,499
882,450,427,439
883,427,408,439
884,427,396,408
885,383,424,407
886,424,430,407
887,393,354,396
888,393,424,383
889,354,393,341
890,393,383,341
891,618,647,642
892,618,617,590
893,617,618,642
894,596,618,590
895,647,618,596
896,613,604,646
897,613,579,604
898,617,589,590
899,589,617,604
900,589,552,590
901,500,514,481
902,450,500,481
903,500,450,464
904,500,464,488
905,514,520,497
906,513,520,557
907,520,513,497
908,551,520,514
909,589,551,552
910,695,719,699
911,719,695,722
912,710,701,696
913,710,715,701
914,697,710,696
915,705,710,697
916,710,705,713
917,715,710,713
918,699,704,708
919,704,717,708
920,719,704,699
921,704,719,717
922,728,731,714
923,717,728,714
924,682,663,664
925,669,663,682
926,663,645,664
927,673,657,658
928,685,657,673
929,657,685,687
930,582,657,687
931,640,669,658
932,623,588,595
933,645,588,623
934,588,574,595
935,574,588,556
936,353,327,316
937,270,327,315
938,327,270,316
939,327,363,315
940,327,353,363
941,238,243,230
942,243,238,277
943,316,276,277
944,270,276,316
945,276,243,277
946,243,276,270
947,484,463,470
948,470,463,438
949,463,484,479
950,463,423,438
951,423,463,426
952,455,463,479
953,463,455,426
954,462,422,436
955,462,468,425
956,422,462,425
957,562,657,582
958,530,562,529
959,657,562,530
960,509,536,495
961,536,508,495
962,528,536,509
963,541,523,546
964,507,523,541
965,523,507,493
966,376,399,421
967,404,376,421
968,376,331,332
969,376,404,362
970,331,376,362
971,494,493,454
972,523,494,508
973,494,523,493
974,461,494,454
975,395,405,435
976,405,395,377
977,395,400,337
978,395,333,377
979,333,395,337
980,339,291,284
981,284,291,256
982,339,340,373
983,373,340,379
984,340,292,317
985,292,340,339
986,187,166,150
987,166,187,178
988,150,166,156
989,166,178,156
990,136,123,127
991,149,136,127
992,123,136,133
993,136,165,133
994,136,149,165
995,135,155,148
996,155,135,116
997,155,159,173
998,200,155,173
999,155,200,148
1000,185,165,186
1001,211,185,186
1002,185,159,165
1003,159,185,173
1004,185,224,173
1005,224,185,211
1006,113,135,122
1007,135,113,116
1008,96,113,122
1009,116,113,96
1010,162,144,148
1011,144,135,148
1012,144,162,122
1013,135,144,122
1014,117,114,102
1015,117,123,133
1016,114,117,133
1017,275,305,251
1018,275,270,315
1019,305,275,315
1020,657,573,603
1021,573,657,530
1022,357,351,314
1023,351,326,314
1024,351,357,380
1025,399,351,380
1026,254,274,250
1027,274,273,250
1028,273,274,314
1029,274,290,314
1030,274,254,290
1031,330,356,370
1032,356,335,361
1033,335,356,330
1034,361,335,362
1035,335,336,362
1036,304,330,303
1037,282,304,249
1038,304,303,249
1039,749,750,784
1040,750,749,740
1041,747,750,740
1042,772,757,784
1043,772,756,757
1044,756,772,754
1045,369,325,370
1046,459,433,442
1047,490,459,442
1048,433,459,458
1049,459,490,458
1050,819,832,850
1051,810,832,819
1052,872,893,850
1053,897,874,878
1054,781,782,799
1055,780,781,799
1056,781,770,782
1057,770,781,694
1058,781,780,694
1059,800,803,815
1060,803,826,815
1061,856,852,826
1062,879,852,856
1063,895,879,889
1064,879,870,889
1065,879,856,870
1066,926,882,895
1067,882,879,895
1068,852,882,876
1069,879,882,852
1070,768,797,792
1071,798,797,768
1072,776,764,753
1073,776,798,764
1074,754,776,753
1075,772,776,754
1076,867,851,864
1077,851,867,866
1078,867,864,894
1079,866,867,894
1080,834,833,818
1081,888,924,902
1082,924,923,902
1083,923,924,946
1084,924,938,946
1085,924,925,938
1086,977,969,983
1087,943,948,931
1088,930,947,949
1089,947,930,950
1090,966,947,950
1091,944,910,940
1092,891,909,931
1093,884,909,891
1094,910,909,885
1095,909,884,885
1096,883,906,880
1097,870,896,889
1098,896,870,880
1099,906,896,880
1100,896,906,916
1101,915,930,928
1102,915,916,930
1103,895,915,928
1104,915,896,916
1105,915,895,889
1106,896,915,889
1107,736,738,730
1108,738,736,746
1109,738,735,730
1110,738,746,748
1111,735,738,748
1112,720,725,734
1113,725,735,734
1114,712,725,711
1115,725,720,711
1116,735,725,730
1117,725,712,721
1118,730,725,721
1119,843,836,837
1120,836,808,837
1121,805,836,843
1122,836,805,808
1123,744,733,745
1124,733,744,741
1125,744,765,741
1126,744,745,760
1127,765,744,760
1128,794,773,795
1129,791,813,795
1130,805,813,791
1131,813,794,795
1132,794,813,831
1133,890,891,931
1134,840,890,883
1135,899,910,885
1136,854,840,883
1137,853,854,880
1138,854,883,880
1139,827,854,853
1140,840,854,827
1141,845,840,820
1142,845,820,885
1143,884,845,885
1144,845,884,891
1145,890,845,891
1146,845,890,840
1147,858,863,887
1148,849,863,848
1149,863,849,887
1150,920,904,911
1151,820,865,885
1152,846,865,820
1153,858,847,830
1154,847,846,830
1155,982,985,979
1156,982,988,985
1157,971,982,979
1158,982,971,972
1159,988,992,985
1160,996,992,988
1161,985,992,991
1162,992,996,998
1163,288,319,296
1164,245,198,205
1165,198,170,205
1166,253,206,226
1167,21,33,28
1168,17,21,16
1169,26,21,28
1170,15,21,26
1171,21,15,16
1172,33,30,44
1173,45,30,34
1174,6,3,1
1175,4,17,16
1176,4,6,17
1177,3,4,2
1178,6,4,3
1179,12,15,19
1180,98,89,83
1181,100,89,98
1182,150,130,145
1183,124,130,150
1184,107,124,127
1185,124,107,108
1186,679,683,654
1187,698,683,679
1188,683,698,702
1189,629,605,600
1190,605,629,643
1191,600,605,591
1192,605,619,591
1193,605,643,649
1194,619,605,649
1195,648,619,649
1196,665,732,745
1197,732,665,720
1198,651,665,724
1199,665,745,724
1200,720,665,711
1201,665,666,711
1202,628,648,666
1203,665,628,666
1204,619,628,599
1205,648,628,619
1206,299,261,300
1207,323,299,300
1208,375,343,323
1209,217,193,190
1210,228,193,217
1211,137,120,175
1212,75,120,82
1213,120,119,82
1214,120,137,119
1215,261,188,174
1216,152,151,137
1217,174,152,175
1218,152,137,175
1219,188,152,174
1220,152,188,151
1221,115,160,141
1222,160,115,119
1223,151,160,119
1224,118,111,104
1225,125,118,104
1226,118,125,140
1227,111,118,128
1228,139,118,140
1229,118,139,128
1230,180,191,204
1231,191,180,164
1232,214,180,204
1233,180,225,146
1234,164,180,146
1235,180,214,225
1236,191,169,215
1237,139,169,157
1238,170,169,139
1239,169,164,157
1240,169,191,164
1241,287,244,296
1242,244,288,296
1243,288,244,245
1244,698,707,702
1245,702,707,721
1246,707,718,721
1247,718,707,703
1248,707,698,703
1249,132,131,121
1250,132,142,131
1251,142,132,161
1252,675,132,121
1253,161,132,675
1254,608,584,580
1255,584,608,631
1256,609,608,580
1257,608,609,631
1258,614,584,631
1259,638,614,660
1260,614,631,660
1261,614,638,607
1262,576,614,607
1263,584,614,576
1264,680,677,661
1265,677,680,686
1266,676,677,686
1267,677,676,661
1268,419,418,370
1269,418,369,370
1270,369,418,403
1271,414,361,362
1272,420,414,362
1273,485,466,473
1274,466,485,491
1275,445,448,421
1276,445,399,454
1277,399,445,421
1278,493,445,454
1279,453,448,486
1280,492,453,486
1281,453,492,452
1282,453,452,429
1283,404,453,429
1284,448,453,404
1285,460,492,473
1286,492,460,452
1287,452,460,420
1288,460,414,420
1289,177,210,219
1290,251,210,229
1291,210,251,219
1292,210,200,229
1293,210,162,200
1294,210,177,162
1295,234,237,268
1296,237,234,223
1297,268,237,269
1298,237,251,269
1299,251,237,219
1300,237,223,219
1301,354,322,312
1302,322,295,312
1303,322,354,341
1304,294,322,341
1305,295,322,294
1306,382,381,359
1307,381,423,379
1308,381,382,438
1309,423,381,438
1310,279,321,317
1311,306,321,279
1312,321,318,359
1313,321,306,318
1314,415,392,373
1315,392,415,436
1316,391,392,422
1317,391,364,365
1318,392,391,365
1319,201,212,187
1320,212,239,232
1321,239,212,240
1322,212,201,240
1323,178,212,232
1324,187,212,178
1325,532,525,499
1326,525,496,499
1327,531,525,549
1328,496,525,531
1329,579,568,557
1330,568,532,557
1331,430,446,475
1332,424,446,430
1333,446,471,475
1334,515,500,488
1335,533,515,488
1336,538,515,533
1337,520,563,557
1338,551,563,520
1339,563,579,557
1340,579,563,604
1341,563,589,604
1342,563,551,589
1343,500,526,514
1344,526,551,514
1345,551,526,552
1346,515,526,500
1347,526,538,552
1348,526,515,538
1349,728,737,731
1350,739,737,751
1351,731,737,739
1352,719,726,717
1353,726,728,717
1354,726,737,728
1355,633,640,658
1356,633,657,603
1357,657,633,658
1358,663,641,645
1359,641,588,645
1360,641,663,669
1361,640,641,669
1362,474,455,479
1363,511,474,479
1364,504,474,511
1365,524,530,468
1366,462,524,468
1367,543,528,529
1368,562,543,529
1369,566,554,582
1370,554,562,582
1371,554,536,528
1372,536,554,566
1373,543,554,528
1374,554,543,562
1375,536,542,508
1376,542,565,546
1377,523,542,546
1378,542,523,508
1379,506,507,541
1380,492,506,541
1381,506,492,486
1382,507,487,493
1383,448,487,486
1384,487,445,493
1385,445,487,448
1386,467,434,435
1387,434,395,435
1388,395,434,400
1389,434,461,454
1390,399,434,454
1391,400,434,399
1392,461,483,494
1393,494,483,508
1394,483,434,467
1395,434,483,461
1396,508,483,495
1397,483,467,495
1398,311,345,278
1399,255,311,278
1400,338,291,339
1401,364,338,365
1402,338,339,365
1403,338,311,291
1404,345,338,364
1405,311,338,345
1406,263,239,256
1407,291,263,256
1408,239,263,232
1409,263,255,232
1410,263,311,255
1411,311,263,291
1412,129,114,133
1413,159,129,133
1414,155,129,159
1415,114,129,116
1416,129,155,116
1417,252,251,229
1418,252,275,251
1419,275,252,270
1420,252,243,270
1421,230,252,229
1422,243,252,230
1423,555,511,548
1424,555,504,511
1425,573,555,603
1426,376,350,399
1427,350,351,399
1428,351,350,326
1429,326,350,332
1430,350,376,332
1431,413,356,361
1432,414,413,361
1433,413,419,370
1434,356,413,370
1435,460,413,414
1436,313,310,336
1437,335,313,336
1438,310,313,282
1439,313,304,282
1440,313,335,330
1441,304,313,330
1442,789,776,772
1443,802,789,784
1444,789,772,784
1445,349,360,324
1446,360,349,394
1447,349,403,394
1448,349,369,403
1449,832,859,850
1450,859,832,860
1451,859,872,850
1452,873,874,897
1453,874,873,860
1454,873,859,860
1455,859,873,872
1456,905,897,922
1457,921,905,922
1458,905,873,897
1459,873,905,872
1460,872,905,893
1461,844,874,860
1462,844,832,824
1463,832,844,860
1464,874,844,878
1465,771,767,792
1466,771,752,767
1467,771,775,752
1468,796,771,792
1469,771,796,775
1470,774,810,783
1471,755,774,783
1472,752,774,755
1473,775,774,752
1474,790,803,800
1475,790,800,784
1476,750,790,784
1477,903,926,927
1478,903,882,926
1479,925,903,927
1480,882,903,876
1481,924,903,925
1482,903,924,888
1483,776,811,798
1484,833,811,818
1485,811,789,818
1486,789,811,776
1487,869,875,888
1488,903,875,876
1489,875,903,888
1490,868,869,888
1491,868,902,864
1492,868,888,902
1493,851,868,864
1494,977,964,969
1495,964,977,968
1496,944,960,943
1497,969,960,940
1498,960,944,940
1499,949,963,962
1500,958,947,966
1501,963,958,974
1502,947,958,949
1503,958,963,949
1504,929,943,931
1505,909,929,931
1506,929,944,943
1507,944,929,910
1508,929,909,910
1509,794,786,773
1510,786,793,723
1511,773,786,723
1512,828,805,843
1513,828,813,805
1514,828,843,849
1515,831,828,849
1516,813,828,831
1517,919,890,931
1518,948,919,931
1519,919,906,883
1520,890,919,883
1521,910,917,940
1522,899,917,910
1523,892,858,887
1524,892,887,911
1525,904,892,911
1526,877,865,846
1527,993,990,983
1528,197,198,245
1529,197,244,215
1530,244,197,245
1531,198,197,170
1532,169,197,215
1533,197,169,170
1534,320,366,342
1535,320,343,366
1536,343,320,297
1537,206,272,205
1538,253,272,206
1539,272,320,342
1540,319,272,342
1541,288,272,319
1542,267,253,226
1543,46,53,44
1544,46,57,53
1545,30,46,44
1546,46,30,45
1547,57,54,58
1548,54,45,58
1549,46,54,57
1550,54,46,45
1551,48,59,58
1552,45,48,58
1553,49,48,41
1554,48,35,41
1555,35,48,34
1556,48,45,34
1557,21,23,33
1558,23,21,17
1559,23,30,33
1560,27,25,20
1561,25,27,34
1562,30,25,34
1563,8,7,1
1564,7,6,1
1565,14,19,11
1566,14,12,19
1567,5,11,39
1568,2,5,39
1569,4,5,2
1570,5,4,16
1571,15,5,16
1572,89,88,83
1573,88,100,108
1574,88,89,100
1575,100,110,108
1576,110,124,108
1577,110,130,124
1578,110,100,98
1579,123,106,127
1580,106,117,102
1581,117,106,123
1582,706,692,702
1583,692,683,702
1584,692,706,712
1585,692,712,711
1586,666,692,711
1587,692,649,654
1588,683,692,654
1589,692,648,649
1590,648,692,666
1591,628,598,599
1592,599,598,575
1593,598,597,570
1594,575,598,570
1595,309,343,297
1596,343,309,323
1597,267,309,297
1598,343,367,366
1599,367,343,375
1600,367,397,366
1601,367,375,397
1602,192,189,228
1603,189,193,228
1604,190,189,171
1605,193,189,190
1606,189,75,171
1607,189,120,75
1608,189,192,175
1609,120,189,175
1610,181,206,205
1611,160,181,141
1612,181,170,141
1613,170,181,205
1614,188,182,151
1615,182,160,151
1616,182,181,160
1617,206,182,226
1618,181,182,206
1619,280,328,384
1620,214,241,225
1621,241,214,204
1622,418,428,403
1623,428,443,417
1624,403,428,417
1625,466,444,473
1626,413,444,419
1627,444,418,419
1628,444,460,473
1629,444,413,460
1630,346,321,359
1631,346,381,379
1632,381,346,359
1633,340,346,379
1634,346,340,317
1635,321,346,317
1636,402,415,373
1637,415,402,426
1638,402,373,379
1639,423,402,379
1640,402,423,426
1641,415,437,436
1642,474,437,455
1643,455,437,426
1644,437,415,426
1645,390,391,422
1646,389,390,425
1647,390,422,425
1648,391,390,364
1649,525,550,549
1650,550,525,532
1651,568,550,532
1652,613,612,579
1653,612,568,579
1654,446,449,471
1655,497,449,481
1656,449,497,471
1657,449,450,481
1658,449,446,424
1659,729,719,722
1660,729,726,719
1661,726,729,737
1662,737,729,751
1663,729,820,751
1664,820,729,722
1665,615,633,603
1666,633,615,640
1667,469,474,504
1668,524,469,504
1669,469,524,462
1670,469,462,436
1671,437,469,436
1672,469,437,474
1673,572,542,536
1674,572,593,586
1675,565,572,586
1676,542,572,565
1677,572,536,566
1678,593,572,594
1679,572,566,594
1680,537,555,573
1681,537,524,504
1682,555,537,504
1683,789,812,818
1684,812,789,802
1685,812,834,818
1686,834,812,802
1687,344,349,324
1688,302,344,324
1689,325,344,302
1690,369,344,325
1691,349,344,369
1692,907,921,933
1693,907,905,921
1694,907,933,912
1695,893,907,912
1696,905,907,893
1697,825,844,824
1698,797,825,792
1699,825,796,792
1700,796,825,824
1701,796,807,775
1702,774,807,810
1703,807,774,775
1704,807,796,824
1705,832,807,824
1706,807,832,810
1707,827,759,751
1708,790,759,827
1709,759,747,751
1710,816,790,827
1711,790,816,803
1712,803,816,826
1713,826,816,839
1714,816,827,839
1715,861,852,876
1716,875,861,876
1717,861,875,869
1718,964,956,948
1719,956,964,968
1720,956,966,950
1721,966,956,968
1722,959,964,948
1723,959,948,943
1724,960,959,943
1725,964,959,969
1726,959,960,969
1727,958,975,974
1728,975,958,966
1729,990,975,983
1730,975,990,974
1731,975,966,968
1732,975,977,983
1733,977,975,968
1734,822,794,831
1735,917,932,940
1736,932,917,920
1737,932,969,940
1738,932,920,969
1739,900,917,899
1740,917,900,920
1741,900,877,920
1742,982,984,988
1743,984,982,972
1744,266,288,245
1745,266,272,288
1746,266,245,205
1747,272,266,205
1748,281,272,253
1749,272,281,320
1750,320,281,297
1751,281,267,297
1752,267,281,253
1753,23,24,30
1754,24,25,30
1755,13,7,8
1756,13,8,9
1757,25,13,20
1758,20,13,22
1759,13,9,22
1760,5,10,11
1761,10,14,11
1762,14,10,12
1763,12,10,15
1764,10,5,15
1765,81,78,83
1766,88,81,83
1767,81,77,72
1768,78,81,72
1769,107,97,108
1770,97,88,108
1771,87,94,93
1772,94,102,93
1773,94,106,102
1774,624,628,665
1775,624,598,628
1776,598,624,597
1777,624,665,651
1778,597,624,596
1779,647,624,651
1780,624,647,596
1781,298,299,323
1782,309,298,323
1783,299,298,261
1784,298,267,261
1785,298,309,267
1786,182,216,226
1787,216,182,188
1788,216,188,261
1789,267,216,261
1790,216,267,226
1791,225,259,196
1792,260,259,225
1793,259,280,196
1794,348,308,355
1795,348,328,308
1796,328,348,384
1797,348,488,384
1798,348,355,488
1799,307,260,308
1800,328,307,308
1801,307,259,260
1802,307,328,280
1803,259,307,280
1804,241,247,225
1805,247,260,225
1806,191,233,204
1807,233,241,204
1808,233,191,215
1809,241,233,287
1810,244,233,215
1811,233,244,287
1812,451,428,418
1813,444,451,418
1814,451,444,466
1815,451,491,482
1816,451,466,491
1817,443,451,482
1818,428,451,443
1819,635,613,646
1820,635,612,613
1821,674,635,646
1822,583,550,568
1823,612,583,568
1824,550,583,549
1825,583,574,549
1826,574,583,595
1827,393,416,424
1828,416,449,424
1829,427,416,396
1830,416,393,396
1831,416,427,450
1832,449,416,450
1833,615,567,587
1834,567,555,548
1835,555,567,603
1836,567,615,603
1837,587,567,588
1838,556,567,548
1839,588,567,556
1840,616,615,587
1841,641,616,588
1842,616,587,588
1843,616,641,640
1844,615,616,640
1845,547,537,573
1846,537,547,524
1847,547,573,530
1848,524,547,530
1849,814,797,798
1850,814,825,797
1851,811,814,798
1852,825,838,844
1853,838,866,878
1854,844,838,878
1855,814,838,825
1856,759,758,747
1857,758,759,790
1858,758,750,747
1859,758,790,750
1860,861,835,852
1861,826,835,815
1862,852,835,826
1863,835,861,834
1864,835,802,815
1865,835,834,802
1866,861,855,834
1867,855,861,869
1868,868,855,869
1869,855,833,834
1870,833,855,851
1871,855,868,851
1872,939,919,948
1873,956,939,948
1874,939,956,950
1875,919,939,906
1876,916,939,950
1877,906,939,916
1878,821,830,793
1879,804,786,794
1880,822,804,794
1881,821,804,822
1882,786,804,793
1883,804,821,793
1884,847,862,846
1885,862,847,858
1886,892,862,858
1887,881,862,892
1888,901,904,920
1889,901,892,904
1890,901,881,892
1891,886,900,899
1892,886,899,885
1893,865,886,885
1894,877,886,865
1895,900,886,877
1896,988,989,993
1897,984,989,988
1898,989,990,993
1899,989,984,990
1900,973,984,972
1901,973,972,962
1902,963,973,962
1903,13,18,7
1904,6,18,17
1905,7,18,6
1906,18,13,25
1907,24,18,25
1908,97,86,88
1909,81,86,77
1910,86,81,88
1911,77,86,79
1912,86,87,79
1913,86,97,87
1914,103,107,127
1915,103,97,107
1916,106,103,127
1917,94,103,106
1918,97,103,87
1919,103,94,87
1920,260,271,308
1921,247,271,260
1922,308,271,355
1923,271,247,241
1924,659,634,674
1925,634,635,674
1926,623,634,659
1927,635,634,612
1928,829,838,814
1929,829,833,851
1930,829,851,866
1931,838,829,866
1932,829,811,833
1933,829,814,811
1934,841,821,822
1935,841,863,858
1936,841,858,830
1937,821,841,830
1938,862,871,846
1939,871,862,881
1940,871,877,846
1941,901,871,881
1942,877,871,920
1943,871,901,920
1944,973,980,984
1945,990,980,974
1946,984,980,990
1947,980,963,974
1948,980,973,963
1949,271,329,355
1950,329,271,241
1951,329,241,287
1952,355,329,319
1953,319,329,296
1954,329,287,296
1955,611,583,612
1956,634,611,612
1957,583,611,595
1958,611,623,595
1959,611,634,623
1960,842,841,822
1961,842,831,848
1962,842,822,831
1963,863,842,848
1964,841,842,863
1965,183,153,154
1966,153,183,176
1967,357,400,380
1968,400,357,337
1969,433,432,411
1970,412,433,411
1971,569,597,596
1972,597,569,570
1973,676,686,700
1974,690,676,700
1975,992,998,997
1976,991,992,997
1977,506,487,507
1978,487,506,486
1979,48,49,60
1980,59,48,60
1981,130,110,145
1982,110,98,145
1983,345,390,389
1984,390,345,364
1985,18,24,23
1986,18,23,17
