no.,vertice_idx1,vertice_idx2,vertice_idx3
0,353,381,384
1,312,252,378
2,1,8,17
3,293,314,353
4,289,314,293
5,314,289,315
6,151,189,188
7,383,378,384
8,8,11,17
9,15,11,8
10,11,18,17
11,18,11,15
12,5,2,0
13,2,1,0
14,57,66,51
15,47,45,56
16,45,47,51
17,189,206,188
18,206,265,293
19,206,353,188
20,206,293,353
21,265,271,293
22,289,271,276
23,271,289,293
24,163,151,144
25,381,382,384
26,382,383,384
27,363,312,378
28,379,382,381
29,382,379,383
30,1,4,8
31,12,15,8
32,13,12,8
33,12,22,15
34,22,19,26
35,19,22,13
36,22,12,13
37,3,2,5
38,2,3,1
39,125,96,119
40,96,102,106
41,102,113,106
42,113,102,88
43,81,96,66
44,81,102,96
45,102,81,88
46,156,142,143
47,141,142,156
48,180,156,211
49,180,141,156
50,122,112,105
51,122,156,143
52,156,122,211
53,122,252,211
54,252,122,105
55,14,84,26
56,84,37,26
57,37,84,50
58,84,5,105
59,84,14,5
60,252,224,211
61,224,202,211
62,58,57,51
63,47,58,51
64,113,103,128
65,103,113,88
66,294,291,277
67,268,279,277
68,248,247,236
69,247,231,236
70,247,261,231
71,261,291,276
72,291,261,277
73,374,363,378
74,363,374,370
75,363,335,312
76,383,380,378
77,379,380,383
78,366,373,361
79,371,364,368
80,312,282,252
81,9,13,8
82,4,9,8
83,7,3,5
84,3,7,1
85,42,37,50
86,37,42,29
87,22,23,15
88,27,23,29
89,23,18,15
90,23,27,18
91,225,248,236
92,115,96,106
93,113,115,106
94,173,155,177
95,103,114,128
96,138,120,141
97,120,118,110
98,136,138,166
99,118,136,132
100,136,120,138
101,120,136,118
102,180,162,141
103,138,162,166
104,162,138,141
105,60,47,56
106,58,60,71
107,60,58,47
108,84,63,50
109,112,99,105
110,83,84,105
111,99,83,105
112,83,99,87
113,80,92,77
114,83,73,65
115,73,83,87
116,131,117,132
117,82,103,88
118,82,81,66
119,81,82,88
120,57,70,66
121,70,82,66
122,82,70,85
123,58,67,57
124,78,67,58
125,67,70,57
126,70,67,85
127,290,289,276
128,291,290,276
129,289,290,315
130,302,291,294
131,290,302,315
132,302,290,291
133,225,253,248
134,274,279,268
135,231,240,219
136,261,240,231
137,261,266,277
138,266,261,247
139,266,247,248
140,253,266,248
141,266,268,277
142,266,253,268
143,316,333,332
144,335,354,348
145,354,335,363
146,354,338,348
147,377,380,379
148,372,377,379
149,377,372,373
150,380,377,378
151,360,366,361
152,360,355,351
153,355,360,361
154,352,360,351
155,374,369,370
156,367,364,371
157,367,381,353
158,349,367,353
159,375,372,379
160,375,379,381
161,375,371,368
162,372,375,368
163,367,375,381
164,375,367,371
165,373,365,361
166,372,365,373
167,365,372,368
168,365,355,361
169,280,275,295
170,280,269,275
171,328,336,327
172,336,328,337
173,259,235,252
174,301,282,312
175,273,246,281
176,228,235,214
177,202,228,214
178,228,202,224
179,16,9,14
180,16,19,13
181,9,16,13
182,14,10,5
183,10,7,5
184,9,10,14
185,38,27,29
186,42,38,29
187,38,42,50
188,28,23,22
189,37,28,26
190,28,22,26
191,28,37,29
192,23,28,29
193,24,1,17
194,45,46,56
195,38,30,27
196,30,38,41
197,193,181,175
198,168,187,177
199,155,168,177
200,187,168,169
201,140,113,128
202,155,140,128
203,173,140,155
204,152,140,173
205,134,115,135
206,96,134,119
207,115,134,96
208,126,125,119
209,126,139,125
210,126,148,139
211,168,146,169
212,146,155,128
213,146,168,155
214,124,131,171
215,131,124,117
216,117,124,108
217,124,116,108
218,107,116,114
219,116,107,108
220,183,165,166
221,142,121,143
222,111,121,142
223,121,122,143
224,101,111,110
225,133,142,141
226,133,111,142
227,111,133,110
228,133,120,110
229,120,133,141
230,162,184,166
231,184,162,180
232,184,183,166
233,183,184,202
234,184,180,211
235,202,184,211
236,75,64,77
237,92,75,77
238,64,75,56
239,91,75,92
240,75,91,76
241,75,60,56
242,60,75,76
243,64,61,77
244,61,64,56
245,117,97,132
246,74,63,84
247,74,83,65
248,83,74,84
249,69,80,68
250,69,73,87
251,150,165,171
252,131,150,171
253,150,131,132
254,136,150,132
255,165,150,166
256,150,136,166
257,90,117,108
258,93,90,108
259,90,97,117
260,90,93,78
261,93,89,78
262,67,89,85
263,89,67,78
264,89,107,85
265,89,93,108
266,107,89,108
267,330,314,315
268,314,330,353
269,330,349,353
270,317,316,332
271,274,256,278
272,256,274,268
273,232,218,239
274,218,232,217
275,232,239,265
276,232,206,217
277,206,232,265
278,218,192,203
279,215,218,203
280,215,204,219
281,204,215,203
282,218,215,239
283,215,240,239
284,240,215,219
285,240,255,239
286,255,271,265
287,239,255,265
288,350,367,349
289,367,350,364
290,336,334,327
291,338,339,348
292,339,338,329
293,339,335,348
294,335,339,329
295,358,356,363
296,356,354,363
297,326,335,329
298,318,326,329
299,319,326,318
300,335,326,312
301,326,319,312
302,362,369,366
303,360,362,366
304,369,362,370
305,362,363,370
306,362,358,363
307,346,336,337
308,346,352,336
309,352,346,358
310,346,356,358
311,356,346,354
312,338,346,337
313,354,346,338
314,366,376,373
315,376,377,373
316,376,374,378
317,377,376,378
318,376,369,374
319,369,376,366
320,269,262,275
321,306,288,310
322,275,288,295
323,288,306,295
324,309,306,327
325,334,309,327
326,306,309,295
327,309,333,316
328,309,334,333
329,338,322,329
330,322,338,337
331,328,322,337
332,230,246,243
333,246,230,216
334,264,270,282
335,282,270,252
336,270,259,252
337,246,263,281
338,301,286,282
339,286,264,282
340,246,258,243
341,273,258,246
342,235,227,214
343,235,238,252
344,228,238,235
345,238,224,252
346,238,228,224
347,20,14,26
348,20,16,14
349,19,20,26
350,16,20,19
351,10,6,7
352,6,4,1
353,7,6,1
354,6,9,4
355,6,10,9
356,49,38,50
357,38,49,41
358,63,49,50
359,66,32,51
360,32,45,51
361,24,32,1
362,96,32,66
363,32,96,1
364,30,25,27
365,27,25,18
366,21,24,17
367,21,25,30
368,18,21,17
369,25,21,18
370,231,220,236
371,220,225,236
372,205,204,181
373,193,205,181
374,205,231,219
375,204,205,219
376,205,220,231
377,220,205,193
378,125,147,144
379,204,185,181
380,185,158,181
381,185,203,163
382,185,204,203
383,159,173,186
384,159,152,173
385,152,159,135
386,159,134,135
387,134,159,157
388,127,115,113
389,140,127,113
390,127,140,152
391,115,127,135
392,127,152,135
393,137,148,126
394,134,137,119
395,137,126,119
396,137,134,157
397,164,137,157
398,137,164,148
399,116,123,114
400,114,123,128
401,123,146,128
402,179,161,171
403,161,124,171
404,161,179,178
405,104,114,103
406,104,107,114
407,107,104,85
408,82,104,103
409,104,82,85
410,201,202,214
411,201,183,202
412,227,201,214
413,109,111,94
414,109,121,111
415,109,99,112
416,122,109,112
417,121,109,122
418,111,98,94
419,101,98,111
420,98,101,92
421,98,80,94
422,80,98,92
423,80,72,68
424,72,80,77
425,61,72,77
426,72,52,68
427,52,72,61
428,46,52,56
429,52,61,56
430,91,86,76
431,60,86,71
432,86,60,76
433,100,91,110
434,118,100,110
435,100,118,132
436,97,100,132
437,100,86,91
438,86,100,97
439,274,287,279
440,287,274,278
441,323,330,315
442,302,323,315
443,324,323,302
444,305,302,294
445,305,324,302
446,304,298,316
447,317,304,316
448,304,287,298
449,256,267,278
450,267,280,278
451,280,267,269
452,203,174,163
453,192,174,203
454,163,174,151
455,174,189,151
456,198,218,217
457,198,192,218
458,206,198,217
459,198,206,189
460,174,198,189
461,198,174,192
462,260,255,240
463,260,261,276
464,260,240,261
465,271,260,276
466,255,260,271
467,331,323,324
468,323,331,330
469,343,334,336
470,343,352,351
471,352,343,336
472,334,343,333
473,311,301,312
474,319,311,312
475,311,319,318
476,357,352,358
477,362,357,358
478,357,360,352
479,357,362,360
480,258,257,243
481,257,262,242
482,222,233,242
483,257,233,243
484,233,257,242
485,187,208,177
486,222,208,187
487,298,299,316
488,299,309,316
489,309,299,295
490,299,280,295
491,280,299,278
492,299,287,278
493,287,299,298
494,320,322,328
495,320,328,327
496,306,320,327
497,320,306,310
498,195,187,169
499,170,195,169
500,191,195,170
501,244,264,251
502,244,270,264
503,270,244,259
504,259,244,235
505,244,227,235
506,250,263,246
507,264,250,251
508,263,250,264
509,285,286,301
510,263,285,281
511,285,263,264
512,286,285,264
513,55,49,63
514,55,54,41
515,49,55,41
516,39,46,45
517,32,39,45
518,24,31,36
519,35,34,21
520,35,21,30
521,35,30,41
522,34,35,41
523,139,145,125
524,145,147,125
525,147,145,158
526,167,185,163
527,185,167,158
528,167,163,144
529,147,167,144
530,167,147,158
531,159,172,157
532,172,164,157
533,164,199,175
534,199,193,175
535,199,200,225
536,220,199,225
537,199,220,193
538,123,153,146
539,153,170,169
540,146,153,169
541,179,196,178
542,210,196,179
543,196,191,178
544,191,196,216
545,196,223,216
546,196,210,223
547,160,161,178
548,191,160,178
549,160,191,170
550,153,160,170
551,197,227,212
552,197,201,227
553,210,197,212
554,197,179,171
555,197,210,179
556,183,182,165
557,201,182,183
558,197,182,201
559,165,182,171
560,182,197,171
561,95,109,94
562,80,95,94
563,99,95,87
564,109,95,99
565,95,69,87
566,69,95,80
567,52,53,68
568,53,40,36
569,40,53,52
570,90,79,97
571,79,86,97
572,86,79,71
573,79,90,78
574,79,58,71
575,79,78,58
576,287,292,279
577,304,292,287
578,279,292,277
579,292,294,277
580,303,304,317
581,303,292,304
582,303,305,294
583,292,303,294
584,200,245,225
585,245,253,225
586,245,241,256
587,253,245,268
588,245,256,268
589,254,267,256
590,241,254,256
591,344,350,349
592,330,344,349
593,331,344,330
594,345,341,355
595,341,345,332
596,365,359,355
597,359,345,355
598,345,359,347
599,364,359,368
600,359,365,368
601,350,359,364
602,347,359,350
603,343,342,333
604,342,343,351
605,355,342,351
606,341,342,355
607,272,288,275
608,262,272,275
609,257,272,262
610,229,230,243
611,233,229,243
612,229,233,222
613,229,222,187
614,195,229,187
615,221,245,200
616,245,221,241
617,297,307,296
618,209,195,191
619,209,191,216
620,230,209,216
621,226,210,212
622,210,226,223
623,227,226,212
624,244,226,227
625,311,300,301
626,300,285,301
627,285,300,281
628,300,311,318
629,74,62,63
630,62,55,63
631,55,62,54
632,54,62,65
633,62,74,65
634,158,154,181
635,145,154,158
636,181,154,175
637,154,145,139
638,148,154,139
639,154,164,175
640,164,154,148
641,176,159,186
642,176,172,159
643,161,149,124
644,160,149,161
645,149,160,153
646,31,44,36
647,44,53,36
648,44,31,34
649,54,44,41
650,44,34,41
651,73,59,65
652,69,59,73
653,59,69,68
654,53,59,68
655,33,24,36
656,40,33,36
657,33,32,24
658,33,40,32
659,43,52,46
660,43,40,52
661,39,43,46
662,43,39,32
663,40,43,32
664,249,262,269
665,262,249,242
666,345,340,332
667,340,345,347
668,340,344,331
669,340,347,350
670,344,340,350
671,284,272,273
672,284,297,296
673,284,273,281
674,297,284,281
675,237,254,241
676,221,237,241
677,237,249,254
678,249,237,242
679,190,221,186
680,173,190,186
681,190,173,177
682,321,318,329
683,322,321,329
684,307,313,296
685,288,313,310
686,296,313,288
687,313,320,310
688,320,313,322
689,313,321,322
690,321,313,307
691,213,209,230
692,209,213,195
693,229,213,230
694,213,229,195
695,234,244,251
696,234,226,244
697,226,234,223
698,250,234,251
699,223,234,216
700,234,246,216
701,234,250,246
702,308,297,281
703,300,308,281
704,308,300,318
705,297,308,307
706,321,308,318
707,308,321,307
708,172,194,200
709,176,194,172
710,194,176,186
711,221,194,186
712,194,221,200
713,124,130,116
714,149,130,124
715,129,153,123
716,129,149,153
717,129,130,149
718,129,123,116
719,130,129,116
720,48,44,54
721,44,48,53
722,48,59,53
723,48,54,65
724,59,48,65
725,325,317,332
726,340,325,332
727,325,303,317
728,325,331,324
729,325,340,331
730,305,325,324
731,303,325,305
732,283,284,296
733,284,283,272
734,283,296,288
735,272,283,288
736,207,222,242
737,237,207,242
738,207,208,222
739,207,237,221
740,190,207,221
741,208,207,177
742,207,190,177
743,101,91,92
744,91,101,110
745,34,31,21
746,21,31,24
747,172,199,164
748,199,172,200
749,333,342,332
750,342,341,332
751,272,257,258
752,272,258,273
753,254,249,267
754,267,249,269
