no.,vertice_idx1,vertice_idx2,vertice_idx3
0,110,124,98
1,110,125,124
2,1177,1286,643
3,1308,1305,1247
4,715,725,756
5,124,67,98
6,643,747,782
7,371,530,175
8,1131,1177,1097
9,1177,989,1097
10,1,5,0
11,684,726,725
12,715,683,725
13,683,684,725
14,683,715,703
15,747,692,693
16,823,831,862
17,125,182,124
18,182,175,145
19,124,182,145
20,530,598,643
21,598,606,643
22,628,619,660
23,1182,1183,1210
24,1131,1175,1177
25,1195,1170,1209
26,1297,1301,1296
27,1301,1297,1305
28,888,989,1177
29,888,643,782
30,888,1177,643
31,989,888,911
32,888,889,911
33,742,715,756
34,767,742,756
35,715,742,703
36,733,742,767
37,26,2,15
38,1,2,26
39,15,2,0
40,2,1,0
41,30,9,22
42,132,178,114
43,231,227,255
44,227,231,191
45,178,170,114
46,66,45,46
47,67,75,98
48,27,12,13
49,34,58,38
50,99,75,67
51,41,34,38
52,683,657,684
53,726,687,727
54,687,726,684
55,473,480,449
56,603,661,602
57,692,632,693
58,606,632,643
59,675,676,700
60,714,675,700
61,675,714,660
62,747,783,782
63,783,815,782
64,694,719,700
65,748,719,754
66,719,748,700
67,677,694,700
68,676,677,700
69,650,677,676
70,656,677,650
71,677,656,694
72,598,562,606
73,1267,1286,1177
74,1234,1175,1182
75,1230,1202,1237
76,1230,1259,1236
77,1259,1230,1265
78,1065,1085,1064
79,1091,1092,1141
80,1202,1186,1168
81,1092,1120,1141
82,1201,1163,1176
83,1183,1163,1210
84,1163,1201,1210
85,1308,1300,1305
86,1298,1301,1305
87,1300,1298,1305
88,1298,1300,1292
89,814,789,848
90,1246,1245,1221
91,1256,1245,1246
92,1240,1245,1256
93,1144,1162,1191
94,1162,1144,1117
95,1279,1266,1270
96,1244,1266,1279
97,1280,1230,1237
98,1230,1280,1265
99,1265,1280,1296
100,1280,1297,1296
101,1238,1224,1255
102,1224,1238,1213
103,945,939,911
104,939,989,911
105,889,904,911
106,904,945,911
107,945,904,926
108,840,823,862
109,783,840,815
110,840,904,889
111,849,831,824
112,971,984,1013
113,984,1034,1013
114,1034,999,1035
115,999,1034,984
116,897,952,926
117,952,945,926
118,1065,1033,1013
119,1033,1065,1064
120,671,603,631
121,603,671,661
122,671,705,661
123,687,734,727
124,764,728,743
125,734,764,763
126,764,734,728
127,878,861,854
128,861,878,924
129,905,861,924
130,930,905,924
131,861,905,877
132,954,930,924
133,33,26,15
134,33,50,26
135,33,51,50
136,33,15,56
137,51,33,56
138,54,53,22
139,30,53,49
140,53,30,22
141,26,55,22
142,55,54,22
143,50,55,26
144,9,6,22
145,6,5,1
146,6,9,5
147,47,30,49
148,4,8,3
149,4,3,0
150,5,4,0
151,8,18,3
152,723,529,789
153,789,529,848
154,66,96,84
155,77,96,46
156,96,66,46
157,72,47,49
158,158,137,138
159,127,132,90
160,170,120,114
161,66,71,45
162,71,24,45
163,71,66,84
164,121,127,90
165,127,121,148
166,37,76,69
167,76,37,43
168,37,27,43
169,21,35,23
170,89,132,114
171,58,89,114
172,132,89,90
173,67,48,57
174,12,48,67
175,657,652,684
176,652,687,684
177,657,622,589
178,645,622,657
179,622,645,631
180,473,498,513
181,480,467,449
182,556,579,589
183,579,657,589
184,579,652,657
185,556,506,513
186,506,473,513
187,506,480,473
188,632,649,693
189,649,632,628
190,693,649,660
191,649,628,660
192,632,668,643
193,668,632,692
194,668,747,643
195,668,692,747
196,740,714,700
197,748,740,700
198,831,779,824
199,779,748,754
200,713,693,660
201,714,713,660
202,694,669,720
203,719,749,754
204,749,719,694
205,724,751,720
206,834,870,863
207,870,899,863
208,772,804,803
209,804,834,803
210,751,804,772
211,864,835,851
212,835,864,891
213,870,835,891
214,835,804,808
215,835,870,834
216,804,835,834
217,371,469,530
218,392,469,371
219,469,392,444
220,445,397,446
221,397,417,446
222,554,598,530
223,562,554,530
224,554,562,598
225,176,223,182
226,176,169,225
227,182,206,175
228,223,206,182
229,337,311,357
230,113,85,82
231,80,113,82
232,85,80,82
233,113,80,131
234,75,80,98
235,80,85,98
236,80,99,131
237,99,80,75
238,621,601,633
239,601,621,595
240,564,601,595
241,588,620,619
242,675,620,676
243,619,620,660
244,620,675,660
245,562,587,606
246,587,632,606
247,632,587,628
248,402,351,359
249,351,402,366
250,484,532,478
251,532,484,511
252,454,484,478
253,484,454,456
254,1234,1254,1253
255,1254,1267,1253
256,1175,1233,1177
257,1234,1233,1175
258,1233,1234,1253
259,1233,1267,1177
260,1267,1233,1253
261,1212,1187,1188
262,1187,1202,1168
263,1187,1148,1188
264,1212,1260,1237
265,1146,1091,1141
266,1186,1160,1168
267,1160,1186,1159
268,1098,1092,1067
269,1098,1120,1092
270,1223,1257,1210
271,1201,1223,1210
272,1259,1241,1236
273,1292,1287,1275
274,1301,1276,1296
275,1276,1265,1296
276,1276,1259,1265
277,957,896,848
278,896,957,925
279,1118,1126,1089
280,1162,1200,1191
281,1200,1162,1180
282,1112,1162,1117
283,1162,1112,1126
284,1162,1156,1180
285,1156,1162,1126
286,1240,1226,1245
287,1226,1200,1180
288,1200,1226,1240
289,1160,1133,1168
290,1099,1133,1107
291,1087,1099,1107
292,1099,1087,1068
293,1179,1169,1205
294,785,762,763
295,734,762,727
296,762,734,763
297,845,861,877
298,1137,1170,1195
299,1232,1220,1197
300,1220,1196,1197
301,1266,1251,1270
302,1251,1232,1270
303,1232,1251,1220
304,1225,1195,1209
305,1225,1224,1193
306,1224,1249,1255
307,1190,1161,1193
308,1224,1190,1193
309,1190,1224,1213
310,1122,1129,1093
311,939,968,989
312,968,939,945
313,897,890,862
314,890,840,862
315,840,890,904
316,890,897,926
317,904,890,926
318,839,840,889
319,840,839,815
320,888,839,889
321,839,888,782
322,815,839,782
323,873,849,874
324,873,897,862
325,831,873,862
326,849,873,831
327,849,850,874
328,899,850,863
329,850,899,874
330,850,834,863
331,850,849,824
332,803,850,824
333,834,850,803
334,970,971,1013
335,948,970,947
336,970,948,971
337,1034,1048,1013
338,1048,1065,1013
339,1055,1034,1035
340,979,999,984
341,985,979,949
342,979,985,999
343,946,952,897
344,946,918,947
345,1119,1175,1131
346,1119,1131,1097
347,1175,1138,1182
348,1119,1138,1175
349,1138,1119,1113
350,1163,1138,1139
351,1138,1183,1182
352,1138,1163,1183
353,1063,1032,1023
354,1063,1119,1097
355,1119,1063,1113
356,946,969,952
357,1033,969,1013
358,969,970,1013
359,970,969,947
360,969,946,947
361,661,651,602
362,732,761,741
363,761,732,752
364,732,705,752
365,705,721,752
366,721,706,733
367,721,733,752
368,780,816,784
369,780,733,767
370,752,780,784
371,733,780,752
372,816,837,784
373,805,835,808
374,1003,1014,982
375,1014,1056,1069
376,786,785,763
377,764,786,763
378,728,685,743
379,1038,1006,1020
380,975,954,924
381,975,1006,954
382,6,7,22
383,7,6,1
384,7,26,22
385,7,1,26
386,52,77,46
387,52,72,77
388,72,52,47
389,47,25,30
390,25,52,46
391,52,25,47
392,25,18,8
393,18,11,3
394,11,18,24
395,24,29,45
396,18,29,24
397,45,29,46
398,29,25,46
399,25,29,18
400,627,723,691
401,627,529,723
402,647,625,626
403,174,116,56
404,81,51,56
405,116,81,56
406,135,77,136
407,135,96,77
408,157,135,136
409,229,249,277
410,153,173,202
411,158,173,137
412,173,153,137
413,129,153,136
414,153,129,137
415,137,109,138
416,108,109,137
417,78,53,54
418,109,78,54
419,78,109,108
420,879,878,854
421,294,204,379
422,249,285,277
423,132,147,178
424,127,147,132
425,147,127,148
426,429,473,449
427,261,289,255
428,261,290,289
429,360,332,333
430,376,332,360
431,120,102,114
432,102,58,114
433,58,102,38
434,192,227,191
435,165,120,170
436,193,165,170
437,165,192,156
438,192,165,193
439,241,240,211
440,171,195,168
441,314,283,325
442,256,283,246
443,27,28,43
444,95,71,84
445,64,76,43
446,12,19,23
447,19,21,23
448,27,16,12
449,37,16,27
450,16,19,12
451,19,16,37
452,134,107,115
453,107,83,115
454,64,107,76
455,107,64,83
456,141,171,168
457,134,141,168
458,141,134,115
459,36,35,21
460,19,36,21
461,36,19,37
462,36,37,69
463,35,40,23
464,31,58,34
465,31,32,58
466,32,31,23
467,41,31,34
468,31,12,23
469,31,48,12
470,48,31,41
471,39,40,59
472,39,32,23
473,40,39,23
474,32,62,58
475,89,62,90
476,62,89,58
477,39,62,32
478,62,59,90
479,62,39,59
480,163,117,126
481,99,117,131
482,117,100,126
483,119,165,156
484,165,119,120
485,48,86,57
486,86,48,87
487,192,164,156
488,164,192,191
489,119,164,118
490,164,119,156
491,60,67,57
492,61,48,41
493,48,61,87
494,652,635,687
495,672,671,631
496,645,672,631
497,527,499,500
498,487,467,519
499,498,557,513
500,557,556,513
501,557,579,556
502,533,506,556
503,533,567,519
504,569,603,602
505,569,567,603
506,603,604,631
507,567,604,603
508,604,622,631
509,622,604,589
510,604,556,589
511,604,533,556
512,533,604,567
513,419,402,359
514,766,740,748
515,771,772,803
516,771,803,824
517,779,771,824
518,771,779,754
519,749,771,754
520,701,724,720
521,669,701,720
522,701,670,724
523,701,669,670
524,751,750,720
525,750,751,772
526,750,694,720
527,750,749,694
528,771,750,772
529,750,771,749
530,755,751,724
531,755,724,741
532,329,322,288
533,355,392,371
534,392,355,397
535,355,322,329
536,310,337,336
537,310,311,337
538,374,347,336
539,347,310,336
540,392,416,444
541,416,392,397
542,416,445,444
543,445,416,397
544,470,469,444
545,445,470,444
546,224,259,223
547,224,176,225
548,176,224,223
549,258,259,288
550,259,258,223
551,310,278,279
552,146,182,125
553,146,176,182
554,146,125,110
555,139,146,110
556,146,139,169
557,176,146,169
558,111,110,98
559,111,139,110
560,139,154,169
561,111,154,139
562,85,112,98
563,365,337,357
564,365,374,336
565,337,365,336
566,143,113,131
567,184,243,177
568,566,614,565
569,614,601,565
570,651,614,602
571,669,644,633
572,644,621,633
573,656,644,694
574,644,669,694
575,630,650,629
576,630,656,650
577,621,630,595
578,630,644,656
579,644,630,621
580,536,566,565
581,613,620,588
582,620,613,676
583,650,613,629
584,613,650,676
585,535,564,595
586,535,532,564
587,628,599,619
588,587,599,628
589,402,395,366
590,395,381,366
591,289,303,255
592,349,380,375
593,380,349,400
594,330,302,358
595,400,330,358
596,349,330,400
597,348,349,375
598,394,348,375
599,348,394,357
600,454,434,456
601,1254,1248,1264
602,1248,1254,1234
603,1257,1248,1210
604,1264,1248,1257
605,1248,1182,1210
606,1248,1234,1182
607,1277,1280,1237
608,1260,1277,1237
609,1242,1212,1205
610,1242,1260,1212
611,1260,1242,1261
612,1242,1238,1261
613,1213,1242,1205
614,1238,1242,1213
615,1115,1073,1091
616,1048,1073,1065
617,1164,1146,1141
618,1146,1164,1176
619,1140,1115,1091
620,1146,1140,1091
621,1115,1140,1139
622,1140,1163,1139
623,1163,1140,1176
624,1140,1146,1176
625,1098,1106,1120
626,1106,1087,1107
627,1223,1243,1257
628,1120,1158,1141
629,1158,1120,1159
630,1158,1164,1141
631,1164,1158,1185
632,1241,1218,1236
633,1218,1208,1236
634,1208,1230,1236
635,1230,1208,1202
636,1208,1186,1202
637,1283,1264,1257
638,1287,1304,1303
639,1304,1300,1308
640,1300,1304,1292
641,1304,1287,1292
642,1290,1298,1292
643,1298,1290,1301
644,1290,1276,1301
645,1269,1241,1259
646,1276,1269,1259
647,1269,1262,1241
648,1262,1269,1275
649,1290,1269,1276
650,1269,1292,1275
651,1269,1290,1292
652,917,896,925
653,1053,1018,1012
654,1181,1173,1221
655,1173,1181,1154
656,1076,1103,1075
657,1144,1103,1117
658,1103,1076,1117
659,1100,1095,1058
660,1084,1100,1058
661,1038,1084,1058
662,1103,1084,1075
663,1181,1206,1180
664,1206,1226,1180
665,1181,1153,1154
666,1153,1118,1154
667,1153,1181,1180
668,1156,1153,1180
669,1118,1153,1126
670,1153,1156,1126
671,1088,1099,1069
672,1099,1147,1133
673,1133,1147,1168
674,1147,1187,1168
675,1187,1147,1148
676,1148,1142,1188
677,1004,1003,982
678,811,781,759
679,781,758,759
680,1137,1149,1170
681,1150,1149,1124
682,1111,1137,1122
683,1111,1122,1093
684,1263,1256,1270
685,1232,1263,1270
686,1149,1171,1170
687,1171,1149,1150
688,1170,1171,1209
689,1196,1172,1197
690,1172,1171,1150
691,1171,1172,1196
692,1251,1219,1220
693,1219,1196,1220
694,1171,1219,1209
695,1219,1171,1196
696,1231,1225,1209
697,1225,1231,1244
698,1219,1231,1209
699,1231,1219,1251
700,1244,1231,1266
701,1231,1251,1266
702,1194,1225,1193
703,1225,1194,1195
704,1194,1137,1195
705,1161,1194,1193
706,1129,1194,1161
707,1137,1194,1122
708,1194,1129,1122
709,1225,1250,1224
710,1250,1249,1224
711,1250,1225,1244
712,1250,1244,1279
713,1249,1250,1279
714,1189,1190,1213
715,1189,1213,1205
716,1169,1189,1205
717,1129,1110,1093
718,1238,1273,1261
719,1285,1293,1291
720,1293,1279,1270
721,1293,1285,1279
722,1256,1293,1270
723,1293,1256,1246
724,1293,1246,1247
725,1305,1293,1247
726,1297,1293,1305
727,1291,1293,1297
728,952,978,945
729,978,968,945
730,969,978,952
731,873,898,897
732,898,946,897
733,946,898,918
734,918,898,874
735,898,873,874
736,899,919,874
737,919,918,874
738,918,919,947
739,919,948,947
740,971,920,984
741,948,920,971
742,920,979,984
743,979,920,949
744,920,919,899
745,919,920,948
746,1060,1048,1034
747,1055,1060,1034
748,1055,1066,1092
749,1092,1066,1067
750,1066,1040,1067
751,1040,1066,1035
752,1066,1055,1035
753,999,1010,1035
754,985,1010,999
755,1010,1040,1035
756,1010,985,1040
757,1105,1138,1113
758,1085,1090,1064
759,1090,1063,1064
760,1063,1090,1113
761,1105,1090,1085
762,1090,1105,1113
763,1079,1063,1097
764,1063,1079,1032
765,989,1079,1097
766,1032,1079,989
767,651,678,670
768,705,678,661
769,678,651,661
770,796,780,767
771,780,796,816
772,796,767,756
773,810,796,756
774,837,866,841
775,802,810,756
776,802,762,785
777,825,836,851
778,836,825,791
779,835,825,851
780,805,825,835
781,836,865,851
782,865,836,841
783,809,836,791
784,836,809,841
785,837,809,784
786,809,837,841
787,761,773,741
788,791,773,761
789,773,755,741
790,1014,1036,1056
791,1036,1014,1003
792,1004,1036,1003
793,1041,1068,1067
794,1040,1041,1067
795,744,774,743
796,774,758,781
797,758,774,744
798,685,696,743
799,704,685,728
800,734,704,728
801,704,734,687
802,760,731,717
803,731,760,759
804,760,811,759
805,1006,995,1020
806,975,995,1006
807,995,987,1020
808,995,975,987
809,905,902,877
810,25,14,30
811,9,14,5
812,30,14,9
813,14,4,5
814,4,14,8
815,14,25,8
816,11,10,3
817,20,10,24
818,10,11,24
819,10,12,3
820,12,10,13
821,627,553,529
822,204,495,379
823,343,294,379
824,299,342,298
825,627,648,626
826,648,647,626
827,648,627,691
828,690,648,691
829,647,648,690
830,659,624,612
831,624,659,680
832,680,659,711
833,174,142,116
834,51,74,50
835,81,74,51
836,72,104,77
837,104,108,137
838,129,104,137
839,77,104,136
840,104,129,136
841,55,105,54
842,105,109,54
843,105,106,138
844,109,105,138
845,830,848,858
846,830,814,848
847,723,722,691
848,722,690,691
849,829,856,813
850,856,829,857
851,856,838,813
852,838,856,869
853,987,964,1007
854,909,879,883
855,935,909,936
856,266,294,286
857,294,266,204
858,187,174,204
859,222,187,204
860,187,142,174
861,159,158,138
862,515,502,476
863,502,515,541
864,327,363,346
865,342,328,298
866,328,285,298
867,429,430,473
868,430,498,473
869,430,376,414
870,499,430,414
871,430,499,498
872,430,369,376
873,430,429,388
874,369,430,388
875,467,442,449
876,442,420,449
877,429,421,388
878,421,429,449
879,420,421,449
880,290,318,289
881,351,318,359
882,318,303,289
883,303,318,351
884,352,372,339
885,331,332,376
886,331,369,340
887,369,331,376
888,403,360,333
889,501,528,500
890,361,314,325
891,361,325,377
892,192,232,227
893,227,232,255
894,232,261,255
895,232,192,193
896,240,219,211
897,219,171,211
898,123,95,84
899,96,123,84
900,201,153,202
901,201,157,136
902,153,201,136
903,321,327,346
904,326,321,346
905,241,297,309
906,373,326,346
907,326,373,354
908,406,373,384
909,363,373,346
910,373,363,384
911,516,515,476
912,502,462,476
913,218,256,246
914,218,219,256
915,218,195,171
916,219,218,171
917,195,167,168
918,167,134,168
919,167,180,149
920,83,65,94
921,64,65,83
922,59,91,90
923,91,121,90
924,40,63,59
925,63,40,35
926,63,91,59
927,91,63,92
928,63,36,69
929,36,63,35
930,166,122,149
931,91,122,121
932,122,91,92
933,122,166,148
934,121,122,148
935,76,103,69
936,107,103,76
937,141,144,171
938,144,141,115
939,83,144,115
940,144,83,94
941,254,226,231
942,254,303,302
943,254,231,255
944,303,254,255
945,231,190,191
946,226,190,231
947,100,101,126
948,101,86,118
949,101,118,126
950,86,101,57
951,101,60,57
952,60,101,100
953,60,68,67
954,68,60,100
955,68,99,67
956,68,117,99
957,117,68,100
958,88,102,120
959,61,88,87
960,88,119,87
961,119,88,120
962,102,42,38
963,42,41,38
964,42,61,41
965,88,42,102
966,42,88,61
967,635,636,687
968,636,635,615
969,579,607,652
970,607,635,652
971,635,607,615
972,706,679,703
973,672,679,706
974,679,672,645
975,679,683,703
976,679,657,683
977,679,645,657
978,721,695,706
979,695,672,706
980,672,695,671
981,671,695,705
982,695,721,705
983,527,545,571
984,545,580,571
985,528,545,500
986,545,527,500
987,571,608,615
988,580,608,571
989,608,636,615
990,487,460,467
991,442,460,437
992,460,442,467
993,544,527,571
994,544,557,498
995,499,544,498
996,544,499,527
997,506,505,480
998,533,505,506
999,505,467,480
1000,467,505,519
1001,505,533,519
1002,419,436,402
1003,459,436,419
1004,459,460,487
1005,459,419,437
1006,460,459,437
1007,795,831,823
1008,840,795,823
1009,795,840,783
1010,770,779,831
1011,795,770,831
1012,770,795,766
1013,779,770,748
1014,770,766,748
1015,790,804,751
1016,755,790,751
1017,804,790,808
1018,773,790,755
1019,790,805,808
1020,790,773,805
1021,344,355,371
1022,355,344,322
1023,355,356,397
1024,356,355,329
1025,347,356,329
1026,393,347,374
1027,393,356,347
1028,393,417,397
1029,356,393,397
1030,469,496,530
1031,470,496,469
1032,365,398,374
1033,394,398,357
1034,398,365,357
1035,237,206,223
1036,258,237,223
1037,259,260,288
1038,260,224,225
1039,224,260,259
1040,306,329,288
1041,260,306,288
1042,306,260,278
1043,306,278,310
1044,306,347,329
1045,347,306,310
1046,154,140,161
1047,140,154,111
1048,140,111,98
1049,112,140,98
1050,130,85,113
1051,130,112,85
1052,143,130,113
1053,130,140,112
1054,130,184,177
1055,130,143,184
1056,169,213,225
1057,279,251,280
1058,243,188,177
1059,188,251,214
1060,251,188,243
1061,433,454,478
1062,477,525,483
1063,281,311,280
1064,251,281,280
1065,281,251,243
1066,601,634,633
1067,614,634,601
1068,634,651,670
1069,634,614,651
1070,578,569,602
1071,614,578,602
1072,578,614,566
1073,526,578,566
1074,578,526,569
1075,543,532,511
1076,532,543,564
1077,512,543,511
1078,536,543,512
1079,543,536,565
1080,601,543,565
1081,564,543,601
1082,479,485,457
1083,485,456,457
1084,485,484,456
1085,485,512,511
1086,484,485,511
1087,600,535,595
1088,613,600,629
1089,600,630,629
1090,630,600,595
1091,532,510,478
1092,535,510,532
1093,302,350,358
1094,350,381,358
1095,381,350,366
1096,338,351,366
1097,338,303,351
1098,350,338,366
1099,303,338,302
1100,338,350,302
1101,380,399,375
1102,399,394,375
1103,330,301,302
1104,434,401,381
1105,401,400,358
1106,381,401,358
1107,395,435,381
1108,435,434,381
1109,1280,1284,1297
1110,1277,1284,1280
1111,1284,1291,1297
1112,1114,1073,1115
1113,1114,1105,1085
1114,1065,1114,1085
1115,1073,1114,1065
1116,1114,1115,1139
1117,1138,1114,1139
1118,1105,1114,1138
1119,1184,1164,1185
1120,1184,1201,1176
1121,1164,1184,1176
1122,1086,1106,1098
1123,1106,1086,1087
1124,1086,1098,1067
1125,1068,1086,1067
1126,1087,1086,1068
1127,1132,1133,1160
1128,1132,1160,1159
1129,1133,1132,1107
1130,1132,1106,1107
1131,1120,1132,1159
1132,1106,1132,1120
1133,1287,1272,1275
1134,1272,1262,1275
1135,1178,1158,1159
1136,1158,1178,1185
1137,1186,1178,1159
1138,1208,1178,1186
1139,1178,1218,1185
1140,1178,1208,1218
1141,1283,1271,1288
1142,1271,1283,1257
1143,1283,1282,1264
1144,1267,1282,1286
1145,1282,1254,1264
1146,1254,1282,1267
1147,1282,1283,1288
1148,1299,1288,1303
1149,1299,1302,1288
1150,1306,1299,1303
1151,1299,1306,1302
1152,1307,1304,1308
1153,1304,1307,1303
1154,1307,1306,1303
1155,1307,1308,1309
1156,1306,1307,1309
1157,1235,1218,1241
1158,1262,1235,1241
1159,1235,1223,1201
1160,1235,1243,1223
1161,1053,1022,1071
1162,1022,1053,1012
1163,1018,966,1012
1164,894,903,916
1165,893,894,916
1166,917,881,896
1167,848,881,858
1168,896,881,848
1169,881,917,910
1170,881,895,858
1171,895,881,910
1172,957,951,925
1173,951,917,925
1174,1053,1047,1018
1175,1021,1047,1046
1176,1104,1072,1130
1177,1072,1104,1071
1178,1078,1053,1071
1179,1104,1078,1071
1180,1078,1104,1096
1181,1118,1127,1154
1182,1127,1118,1089
1183,1157,1145,1130
1184,1145,1104,1130
1185,1104,1145,1096
1186,1167,1157,1130
1187,1072,1167,1130
1188,1174,1145,1157
1189,1167,1174,1157
1190,1174,1167,1204
1191,1222,1246,1221
1192,1222,1204,1246
1193,1051,1076,1075
1194,1051,1045,1076
1195,1084,1051,1075
1196,1051,1084,1038
1197,1051,1038,1020
1198,1045,1051,1020
1199,1125,1095,1100
1200,1095,1125,1124
1201,1084,1102,1100
1202,1102,1084,1103
1203,1102,1125,1100
1204,1245,1228,1221
1205,1228,1181,1221
1206,1228,1206,1181
1207,1226,1227,1245
1208,1206,1227,1226
1209,1227,1228,1245
1210,1228,1227,1206
1211,1088,1121,1099
1212,1147,1121,1148
1213,1121,1147,1099
1214,1121,1142,1148
1215,1142,1121,1088
1216,1142,1192,1188
1217,1192,1142,1179
1218,1192,1179,1205
1219,1212,1192,1205
1220,1192,1212,1188
1221,1143,1169,1179
1222,1142,1143,1179
1223,845,832,861
1224,811,832,845
1225,861,832,854
1226,1094,1095,1124
1227,1094,1082,1057
1228,1123,1149,1137
1229,1111,1123,1137
1230,1149,1123,1124
1231,1123,1094,1124
1232,1123,1111,1082
1233,1094,1123,1082
1234,1214,1232,1197
1235,1199,1144,1191
1236,1200,1216,1191
1237,1216,1199,1191
1238,1199,1216,1215
1239,1216,1200,1240
1240,1216,1239,1215
1241,1239,1240,1256
1242,1239,1216,1240
1243,1136,1129,1161
1244,1136,1110,1129
1245,1274,1285,1291
1246,1273,1274,1291
1247,1274,1238,1255
1248,1274,1273,1238
1249,978,990,968
1250,990,1032,989
1251,968,990,989
1252,1032,990,1023
1253,1024,969,1033
1254,1024,1033,1064
1255,912,913,949
1256,920,912,949
1257,913,912,891
1258,912,920,899
1259,870,912,899
1260,912,870,891
1261,1074,1060,1091
1262,1073,1074,1091
1263,1074,1073,1048
1264,1060,1074,1048
1265,678,702,670
1266,724,702,741
1267,670,702,724
1268,702,732,741
1269,732,702,705
1270,702,678,705
1271,796,817,816
1272,817,796,810
1273,866,871,841
1274,871,865,841
1275,865,871,892
1276,757,802,756
1277,802,757,762
1278,757,726,727
1279,762,757,727
1280,825,801,791
1281,801,825,805
1282,801,773,791
1283,773,801,805
1284,809,792,784
1285,792,809,791
1286,792,791,761
1287,792,752,784
1288,792,761,752
1289,1027,1014,1069
1290,1026,1027,1069
1291,1041,1025,1068
1292,980,1041,1040
1293,980,1025,1041
1294,900,927,892
1295,871,900,892
1296,900,871,866
1297,864,921,891
1298,921,913,891
1299,913,921,949
1300,927,953,892
1301,980,953,981
1302,953,980,934
1303,786,818,785
1304,716,744,743
1305,696,716,743
1306,597,646,617
1307,576,597,617
1308,832,812,854
1309,765,760,717
1310,797,765,775
1311,812,765,797
1312,689,707,646
1313,642,689,646
1314,954,974,930
1315,1006,974,954
1316,843,887,886
1317,887,908,886
1318,10,17,13
1319,17,10,20
1320,28,17,20
1321,17,27,13
1322,17,28,27
1323,294,315,286
1324,343,315,294
1325,611,624,653
1326,682,681,654
1327,659,681,711
1328,681,659,654
1329,625,655,654
1330,655,682,654
1331,655,625,647
1332,682,655,647
1333,97,81,116
1334,97,74,81
1335,142,97,116
1336,97,142,106
1337,73,78,108
1338,104,73,108
1339,73,104,72
1340,73,72,49
1341,53,73,49
1342,78,73,53
1343,79,105,55
1344,105,79,106
1345,79,55,50
1346,74,79,50
1347,814,794,789
1348,830,794,814
1349,794,830,800
1350,768,723,789
1351,768,722,723
1352,794,768,789
1353,722,699,690
1354,699,647,690
1355,699,682,647
1356,777,829,813
1357,833,830,858
1358,895,833,858
1359,830,833,800
1360,829,833,857
1361,833,895,857
1362,879,931,878
1363,909,931,879
1364,935,931,909
1365,878,931,924
1366,964,963,936
1367,963,935,936
1368,963,964,987
1369,142,160,106
1370,187,160,142
1371,106,160,138
1372,160,159,138
1373,160,187,222
1374,559,516,560
1375,516,559,515
1376,334,363,327
1377,334,327,277
1378,285,334,277
1379,332,307,333
1380,307,308,333
1381,308,273,314
1382,283,273,246
1383,273,283,314
1384,147,179,178
1385,179,208,178
1386,179,147,148
1387,312,318,290
1388,442,413,420
1389,413,442,437
1390,372,367,339
1391,318,367,359
1392,367,312,339
1393,312,367,318
1394,369,368,340
1395,368,369,388
1396,352,387,372
1397,387,368,388
1398,368,387,352
1399,421,387,388
1400,387,421,420
1401,413,387,420
1402,387,413,372
1403,208,235,178
1404,368,324,340
1405,324,368,352
1406,376,382,414
1407,382,376,360
1408,403,382,360
1409,499,474,500
1410,474,499,414
1411,390,404,377
1412,501,492,528
1413,341,403,333
1414,361,341,314
1415,308,341,333
1416,341,308,314
1417,403,383,422
1418,341,383,403
1419,383,341,361
1420,228,229,277
1421,229,228,202
1422,228,201,202
1423,200,152,157
1424,152,135,157
1425,135,152,96
1426,152,123,96
1427,200,196,248
1428,196,228,248
1429,228,196,201
1430,201,196,157
1431,196,200,157
1432,200,212,172
1433,212,241,211
1434,297,320,309
1435,320,362,309
1436,362,320,354
1437,320,326,354
1438,493,462,502
1439,493,502,541
1440,410,390,378
1441,210,218,246
1442,218,210,195
1443,210,205,180
1444,167,210,180
1445,210,167,195
1446,284,283,256
1447,283,284,325
1448,274,241,309
1449,274,240,241
1450,325,345,377
1451,71,70,24
1452,65,70,94
1453,122,128,149
1454,128,122,92
1455,103,93,69
1456,93,63,69
1457,63,93,92
1458,93,128,92
1459,128,93,103
1460,133,107,134
1461,133,103,107
1462,133,128,103
1463,167,133,134
1464,133,167,149
1465,128,133,149
1466,171,181,211
1467,144,181,171
1468,181,212,211
1469,212,181,172
1470,268,281,243
1471,143,189,184
1472,190,186,163
1473,704,662,685
1474,685,662,637
1475,662,704,687
1476,636,662,687
1477,662,608,637
1478,608,662,636
1479,551,545,528
1480,545,551,580
1481,608,616,637
1482,570,544,571
1483,544,570,557
1484,570,571,615
1485,607,570,615
1486,557,570,579
1487,570,607,579
1488,526,537,569
1489,567,537,519
1490,569,537,567
1491,485,503,512
1492,503,485,479
1493,503,536,512
1494,503,479,486
1495,526,503,486
1496,536,503,566
1497,503,526,566
1498,504,459,487
1499,504,537,526
1500,504,526,486
1501,459,504,486
1502,504,487,519
1503,537,504,519
1504,458,459,486
1505,459,458,436
1506,479,458,486
1507,738,783,747
1508,738,747,693
1509,713,738,693
1510,393,426,417
1511,426,393,374
1512,398,426,374
1513,472,471,446
1514,549,587,562
1515,555,613,588
1516,555,600,613
1517,267,237,258
1518,260,242,278
1519,242,260,225
1520,213,242,225
1521,278,242,279
1522,242,251,279
1523,242,213,214
1524,251,242,214
1525,188,162,177
1526,162,188,161
1527,140,162,161
1528,162,130,177
1529,130,162,140
1530,183,213,169
1531,154,183,169
1532,213,183,214
1533,183,188,214
1534,183,154,161
1535,188,183,161
1536,433,427,454
1537,401,427,400
1538,427,434,454
1539,427,401,434
1540,408,380,400
1541,427,408,400
1542,408,427,433
1543,408,399,380
1544,408,433,441
1545,399,408,441
1546,281,300,311
1547,268,300,281
1548,510,466,478
1549,466,433,478
1550,433,466,441
1551,466,509,477
1552,509,466,510
1553,317,330,349
1554,317,301,330
1555,254,215,226
1556,215,190,226
1557,215,186,190
1558,1281,1273,1291
1559,1284,1281,1291
1560,1281,1284,1277
1561,1273,1281,1261
1562,1281,1260,1261
1563,1281,1277,1260
1564,1271,1289,1288
1565,1289,1271,1287
1566,1288,1289,1303
1567,1289,1287,1303
1568,1268,1272,1287
1569,1271,1268,1287
1570,1243,1268,1257
1571,1268,1271,1257
1572,1295,1294,1286
1573,1282,1295,1286
1574,1306,1295,1302
1575,1302,1295,1288
1576,1295,1282,1288
1577,1294,1295,1309
1578,1295,1306,1309
1579,1184,1211,1201
1580,1211,1235,1201
1581,1235,1211,1218
1582,1218,1211,1185
1583,1211,1184,1185
1584,1272,1258,1262
1585,1258,1235,1262
1586,1235,1258,1243
1587,1258,1268,1243
1588,1268,1258,1272
1589,1031,1009,1039
1590,1009,1031,997
1591,1031,1022,997
1592,1072,1031,1039
1593,1009,977,957
1594,977,1009,997
1595,977,951,957
1596,996,1022,1012
1597,1022,996,997
1598,966,996,1012
1599,1076,1077,1117
1600,1077,1112,1117
1601,988,966,1018
1602,966,988,965
1603,937,966,965
1604,937,965,916
1605,903,937,916
1606,894,880,903
1607,880,856,857
1608,856,880,869
1609,880,894,869
1610,880,895,903
1611,895,880,857
1612,1046,1070,1089
1613,1047,1070,1046
1614,1070,1047,1053
1615,1078,1070,1053
1616,1047,1017,1018
1617,1017,1047,1021
1618,1017,988,1018
1619,988,1017,1021
1620,1155,1173,1154
1621,1155,1174,1173
1622,1174,1155,1145
1623,1167,1217,1204
1624,1204,1217,1246
1625,1217,1229,1247
1626,1246,1217,1247
1627,1222,1203,1204
1628,1174,1203,1173
1629,1203,1174,1204
1630,1173,1203,1221
1631,1203,1222,1221
1632,1151,1150,1124
1633,1125,1151,1124
1634,1151,1172,1150
1635,1166,1103,1144
1636,1199,1166,1144
1637,962,986,944
1638,942,907,908
1639,907,942,941
1640,1252,1214,1215
1641,1239,1252,1215
1642,1252,1263,1232
1643,1214,1252,1232
1644,1263,1252,1256
1645,1252,1239,1256
1646,1214,1198,1215
1647,1198,1199,1215
1648,1198,1214,1197
1649,1166,1198,1197
1650,1198,1166,1199
1651,1190,1165,1161
1652,1189,1165,1190
1653,1165,1136,1161
1654,1136,1165,1135
1655,1165,1189,1169
1656,1143,1134,1169
1657,1134,1165,1169
1658,1165,1134,1135
1659,1285,1278,1279
1660,1274,1278,1285
1661,1278,1274,1255
1662,1249,1278,1255
1663,1278,1249,1279
1664,990,998,1023
1665,998,990,978
1666,998,1024,1023
1667,998,978,969
1668,1024,998,969
1669,827,802,785
1670,818,827,785
1671,827,818,843
1672,907,914,885
1673,914,860,885
1674,914,907,941
1675,1036,1049,1056
1676,1082,1043,1057
1677,1011,980,981
1678,980,1011,1025
1679,985,958,1040
1680,958,980,1040
1681,980,958,934
1682,865,884,851
1683,884,865,892
1684,806,786,764
1685,806,764,743
1686,774,806,743
1687,729,758,744
1688,716,729,744
1689,646,641,617
1690,663,716,696
1691,597,568,582
1692,568,597,576
1693,618,597,582
1694,597,618,646
1695,618,642,646
1696,807,832,811
1697,807,812,832
1698,736,799,776
1699,710,680,711
1700,736,710,711
1701,872,893,883
1702,894,872,869
1703,872,894,893
1704,879,846,883
1705,855,879,854
1706,855,846,879
1707,765,753,775
1708,753,776,775
1709,658,689,642
1710,974,929,930
1711,929,974,962
1712,929,905,930
1713,929,902,905
1714,929,962,944
1715,902,929,944
1716,1037,1038,1058
1717,1037,1006,1038
1718,986,943,944
1719,370,315,343
1720,364,328,342
1721,334,364,363
1722,293,265,286
1723,293,315,299
1724,315,293,286
1725,250,266,286
1726,265,250,286
1727,250,265,222
1728,250,222,204
1729,266,250,204
1730,203,160,222
1731,160,203,159
1732,159,203,158
1733,263,299,298
1734,778,794,800
1735,778,768,794
1736,768,778,722
1737,793,777,813
1738,799,793,813
1739,793,799,736
1740,777,788,829
1741,833,788,800
1742,788,833,829
1743,788,778,800
1744,681,712,711
1745,964,1008,1007
1746,956,1008,964
1747,893,932,883
1748,932,964,936
1749,932,956,964
1750,932,909,883
1751,909,932,936
1752,955,975,924
1753,931,955,924
1754,975,955,987
1755,955,963,987
1756,955,931,935
1757,963,955,935
1758,558,568,541
1759,568,558,582
1760,515,558,541
1761,559,558,515
1762,273,239,246
1763,239,273,245
1764,239,210,246
1765,210,239,205
1766,217,239,245
1767,239,217,205
1768,179,209,208
1769,209,179,148
1770,209,217,245
1771,209,271,208
1772,282,312,290
1773,312,282,291
1774,261,282,290
1775,312,313,339
1776,313,312,291
1777,324,313,291
1778,313,352,339
1779,313,324,352
1780,386,419,359
1781,367,386,359
1782,419,386,437
1783,386,413,437
1784,413,386,372
1785,386,367,372
1786,199,170,178
1787,235,199,178
1788,273,272,245
1789,272,209,245
1790,209,272,271
1791,262,235,208
1792,271,262,208
1793,235,262,291
1794,292,331,340
1795,292,271,331
1796,324,292,340
1797,292,262,271
1798,292,324,291
1799,262,292,291
1800,382,409,414
1801,409,382,403
1802,409,474,414
1803,475,492,501
1804,538,581,572
1805,383,423,422
1806,276,228,277
1807,228,276,248
1808,327,276,277
1809,321,276,327
1810,276,275,248
1811,275,276,321
1812,151,200,172
1813,151,152,200
1814,123,151,172
1815,152,151,123
1816,247,200,248
1817,247,212,200
1818,275,247,248
1819,212,247,241
1820,247,297,241
1821,247,275,297
1822,275,305,297
1823,320,305,326
1824,305,320,297
1825,305,321,326
1826,305,275,321
1827,362,411,378
1828,411,410,378
1829,411,362,354
1830,415,411,354
1831,411,415,462
1832,493,443,462
1833,443,411,462
1834,411,443,410
1835,405,373,406
1836,373,405,354
1837,405,415,354
1838,462,431,476
1839,415,431,462
1840,405,431,415
1841,431,405,406
1842,219,269,256
1843,269,284,256
1844,269,219,240
1845,274,269,240
1846,284,269,296
1847,269,274,296
1848,319,345,325
1849,284,319,325
1850,319,284,296
1851,319,274,309
1852,274,319,296
1853,44,20,24
1854,70,44,24
1855,44,28,20
1856,44,70,65
1857,28,44,43
1858,44,64,43
1859,44,65,64
1860,181,150,172
1861,150,181,144
1862,150,144,94
1863,150,123,172
1864,95,150,94
1865,123,150,95
1866,155,117,163
1867,186,155,163
1868,155,186,185
1869,117,155,131
1870,155,185,131
1871,551,590,580
1872,590,608,580
1873,590,616,608
1874,610,576,617
1875,458,428,436
1876,436,428,402
1877,435,428,457
1878,428,395,402
1879,428,435,395
1880,428,479,457
1881,428,458,479
1882,795,769,766
1883,769,795,783
1884,738,769,783
1885,472,453,483
1886,453,477,483
1887,453,426,398
1888,524,549,562
1889,524,562,530
1890,496,524,530
1891,344,316,322
1892,316,344,371
1893,311,323,357
1894,300,323,311
1895,323,348,357
1896,317,323,300
1897,348,323,349
1898,323,317,349
1899,477,531,525
1900,509,531,477
1901,317,252,301
1902,1054,1072,1071
1903,1054,1031,1072
1904,1022,1054,1071
1905,1031,1054,1022
1906,977,967,951
1907,967,977,997
1908,996,967,997
1909,917,967,910
1910,951,967,917
1911,967,996,966
1912,1077,1083,1112
1913,1083,1077,1059
1914,1112,1083,1126
1915,1126,1083,1089
1916,1083,1046,1089
1917,1083,1059,1046
1918,1077,1052,1059
1919,1052,1029,1059
1920,1045,1052,1076
1921,1052,1077,1076
1922,895,938,903
1923,937,938,966
1924,938,937,903
1925,938,895,910
1926,967,938,910
1927,938,967,966
1928,1101,1078,1096
1929,1101,1070,1078
1930,1101,1127,1089
1931,1070,1101,1089
1932,1127,1128,1154
1933,1128,1155,1154
1934,1101,1128,1127
1935,1128,1101,1096
1936,1145,1128,1096
1937,1155,1128,1145
1938,1217,1207,1229
1939,1207,1217,1167
1940,1207,1167,1072
1941,1207,1072,1039
1942,1172,1152,1197
1943,1151,1152,1172
1944,1152,1166,1197
1945,1152,1151,1125
1946,1102,1152,1125
1947,1152,1102,1103
1948,1166,1152,1103
1949,1116,1134,1143
1950,1116,1088,1069
1951,1116,1142,1088
1952,1116,1143,1142
1953,826,827,860
1954,802,826,810
1955,827,826,802
1956,868,827,843
1957,885,868,886
1958,868,843,886
1959,940,914,941
1960,1049,1005,1019
1961,1005,991,1019
1962,1005,1036,1004
1963,1005,1049,1036
1964,1043,1050,1019
1965,1050,1043,1082
1966,1050,1111,1093
1967,1111,1050,1082
1968,1061,1050,1093
1969,1061,1049,1019
1970,1050,1061,1019
1971,942,972,941
1972,1005,972,991
1973,953,959,981
1974,959,953,927
1975,960,959,927
1976,1027,1002,1014
1977,1002,960,961
1978,1014,1002,982
1979,1002,961,982
1980,1042,1011,1026
1981,1011,1042,1025
1982,1025,1042,1068
1983,1042,1026,1069
1984,1099,1042,1069
1985,1042,1099,1068
1986,922,958,921
1987,958,922,934
1988,884,922,851
1989,922,864,851
1990,922,921,864
1991,819,818,786
1992,806,819,786
1993,818,819,843
1994,811,821,781
1995,821,811,845
1996,902,876,877
1997,758,730,759
1998,729,730,758
1999,730,731,759
2000,673,696,685
2001,673,663,696
2002,673,685,637
2003,663,673,637
2004,618,623,642
2005,623,658,642
2006,623,611,653
2007,658,623,653
2008,760,787,811
2009,787,807,811
2010,765,787,760
2011,787,765,812
2012,807,787,812
2013,799,798,776
2014,798,822,797
2015,798,846,822
2016,710,674,680
2017,624,674,653
2018,674,624,680
2019,745,736,776
2020,745,710,736
2021,753,745,776
2022,822,828,797
2023,828,812,797
2024,812,828,854
2025,828,855,854
2026,753,735,707
2027,735,753,765
2028,707,735,717
2029,735,765,717
2030,994,974,1006
2031,1037,994,1006
2032,974,994,962
2033,1062,1037,1058
2034,1095,1062,1058
2035,1094,1062,1095
2036,1062,1094,1057
2037,950,942,908
2038,887,950,908
2039,950,972,942
2040,915,902,944
2041,943,915,944
2042,915,950,887
2043,950,915,943
2044,495,425,379
2045,431,489,476
2046,489,431,406
2047,489,516,476
2048,370,385,342
2049,385,364,342
2050,364,335,328
2051,335,364,334
2052,328,335,285
2053,335,334,285
2054,625,594,626
2055,577,594,625
2056,605,659,612
2057,659,605,654
2058,605,625,654
2059,605,577,625
2060,265,236,222
2061,236,203,222
2062,173,220,202
2063,220,229,202
2064,220,249,229
2065,263,264,299
2066,264,293,299
2067,293,264,265
2068,264,236,265
2069,788,718,778
2070,718,699,722
2071,778,718,722
2072,699,718,682
2073,718,681,682
2074,718,712,681
2075,712,737,711
2076,737,736,711
2077,737,793,736
2078,793,737,777
2079,976,1008,956
2080,988,976,965
2081,976,988,1021
2082,1008,976,1021
2083,965,976,916
2084,1059,1030,1046
2085,1029,1030,1059
2086,1030,1021,1046
2087,1030,1008,1021
2088,1030,1029,1007
2089,1008,1030,1007
2090,933,893,916
2091,933,932,893
2092,932,933,956
2093,976,933,916
2094,933,976,956
2095,209,194,217
2096,217,194,205
2097,166,194,148
2098,194,209,148
2099,205,194,180
2100,194,166,149
2101,180,194,149
2102,282,244,291
2103,304,272,307
2104,304,307,332
2105,272,304,271
2106,331,304,332
2107,271,304,331
2108,409,450,474
2109,450,475,474
2110,450,403,422
2111,450,409,403
2112,546,538,572
2113,590,546,572
2114,546,590,551
2115,546,551,528
2116,492,546,528
2117,538,546,492
2118,507,481,488
2119,507,492,481
2120,507,538,492
2121,423,389,404
2122,389,423,383
2123,404,389,377
2124,389,361,377
2125,389,383,361
2126,461,493,488
2127,461,443,493
2128,481,461,488
2129,319,353,345
2130,390,353,378
2131,353,362,378
2132,353,390,377
2133,345,353,377
2134,362,353,309
2135,353,319,309
2136,596,590,572
2137,590,596,616
2138,581,596,572
2139,766,739,740
2140,769,739,766
2141,739,769,738
2142,740,739,714
2143,447,453,472
2144,453,447,426
2145,426,447,417
2146,417,447,446
2147,447,472,446
2148,418,398,394
2149,418,453,398
2150,399,418,394
2151,418,399,441
2152,497,471,472
2153,471,497,470
2154,497,496,470
2155,497,524,496
2156,550,574,549
2157,574,599,587
2158,549,574,587
2159,563,550,525
2160,563,555,588
2161,316,287,322
2162,322,287,288
2163,287,258,288
2164,287,267,258
2165,531,534,555
2166,600,534,535
2167,555,534,600
2168,534,531,509
2169,238,268,243
2170,238,243,184
2171,189,238,184
2172,252,253,301
2173,253,215,254
2174,253,254,302
2175,301,253,302
2176,1028,1052,1045
2177,987,1028,1020
2178,1028,1045,1020
2179,1052,1028,1029
2180,1028,987,1007
2181,1029,1028,1007
2182,1116,1108,1134
2183,1049,1081,1056
2184,1109,1081,1110
2185,1061,1081,1049
2186,1110,1081,1093
2187,1081,1061,1093
2188,860,867,885
2189,867,868,885
2190,827,867,860
2191,868,867,827
2192,914,852,860
2193,826,852,810
2194,852,826,860
2195,852,817,810
2196,852,859,817
2197,875,900,866
2198,817,842,816
2199,859,842,817
2200,875,842,859
2201,842,837,816
2202,842,866,837
2203,842,875,866
2204,972,983,941
2205,983,972,1005
2206,983,940,941
2207,983,1005,1004
2208,983,1004,982
2209,940,983,982
2210,972,992,991
2211,1043,992,993
2212,992,1043,1019
2213,991,992,1019
2214,959,1000,981
2215,1000,1011,981
2216,1011,1000,1026
2217,1000,1027,1026
2218,922,906,934
2219,906,922,884
2220,906,884,892
2221,953,906,892
2222,906,953,934
2223,853,819,806
2224,853,887,843
2225,819,853,843
2226,730,698,731
2227,592,559,560
2228,583,592,560
2229,592,583,611
2230,623,592,611
2231,847,798,799
2232,798,847,846
2233,838,847,813
2234,847,799,813
2235,847,838,869
2236,872,847,869
2237,847,872,883
2238,846,847,883
2239,708,745,753
2240,689,708,707
2241,708,753,707
2242,994,1016,962
2243,1016,994,1037
2244,452,425,495
2245,407,385,370
2246,463,490,406
2247,490,489,406
2248,491,490,463
2249,516,517,560
2250,489,517,516
2251,490,517,489
2252,547,594,577
2253,553,523,529
2254,523,495,529
2255,542,547,577
2256,236,230,203
2257,230,264,263
2258,264,230,236
2259,746,788,777
2260,746,718,788
2261,718,746,712
2262,737,746,777
2263,746,737,712
2264,234,235,291
2265,244,234,291
2266,234,199,235
2267,199,198,170
2268,234,198,199
2269,233,232,193
2270,232,233,261
2271,233,282,261
2272,233,244,282
2273,475,451,492
2274,450,451,475
2275,492,451,481
2276,451,423,404
2277,540,493,541
2278,568,540,541
2279,540,568,576
2280,443,438,410
2281,410,438,390
2282,461,438,443
2283,390,438,404
2284,438,461,481
2285,451,438,481
2286,438,451,404
2287,638,663,637
2288,616,638,637
2289,596,638,616
2290,453,448,477
2291,418,448,453
2292,448,418,441
2293,466,448,441
2294,448,466,477
2295,508,550,549
2296,524,508,549
2297,497,508,524
2298,508,472,483
2299,508,497,472
2300,575,563,588
2301,563,575,550
2302,575,574,550
2303,574,575,599
2304,575,588,619
2305,599,575,619
2306,287,295,267
2307,295,287,316
2308,267,295,237
2309,237,295,206
2310,295,316,371
2311,295,371,175
2312,206,295,175
2313,238,270,268
2314,270,238,252
2315,270,252,317
2316,270,300,268
2317,270,317,300
2318,238,197,252
2319,197,238,189
2320,197,189,143
2321,197,143,131
2322,185,197,131
2323,1108,1080,1109
2324,1080,1081,1109
2325,1081,1080,1056
2326,1080,1108,1116
2327,1056,1080,1069
2328,1080,1116,1069
2329,875,901,900
2330,901,875,859
2331,950,973,972
2332,973,992,972
2333,992,973,993
2334,973,986,993
2335,973,943,986
2336,973,950,943
2337,1001,959,960
2338,1001,1000,959
2339,1002,1001,960
2340,1001,1002,1027
2341,1000,1001,1027
2342,853,844,876
2343,844,845,877
2344,876,844,877
2345,844,821,845
2346,882,915,887
2347,853,882,887
2348,882,853,876
2349,882,876,902
2350,915,882,902
2351,731,688,717
2352,698,688,731
2353,688,707,717
2354,707,688,646
2355,592,591,559
2356,558,591,582
2357,591,558,559
2358,591,618,582
2359,591,623,618
2360,591,592,623
2361,686,708,689
2362,686,658,653
2363,658,686,689
2364,674,686,653
2365,1015,986,962
2366,1016,1015,962
2367,986,1015,993
2368,1043,1015,1057
2369,1015,1043,993
2370,1044,1062,1057
2371,1015,1044,1057
2372,1044,1015,1016
2373,1062,1044,1037
2374,1044,1016,1037
2375,424,452,455
2376,452,424,425
2377,439,412,440
2378,407,412,385
2379,385,412,364
2380,391,439,463
2381,412,391,364
2382,391,412,439
2383,391,406,384
2384,391,463,406
2385,363,391,384
2386,364,391,363
2387,468,439,440
2388,465,468,440
2389,547,548,594
2390,548,523,553
2391,523,482,495
2392,482,452,495
2393,452,482,455
2394,482,465,455
2395,605,593,577
2396,593,542,577
2397,593,605,612
2398,520,490,491
2399,542,520,491
2400,520,517,490
2401,585,593,612
2402,257,230,263
2403,220,257,249
2404,257,285,249
2405,285,257,298
2406,257,263,298
2407,216,234,244
2408,216,198,234
2409,233,216,244
2410,216,233,193
2411,216,193,170
2412,198,216,170
2413,507,539,538
2414,538,539,581
2415,573,540,576
2416,610,573,576
2417,573,610,581
2418,539,573,581
2419,573,539,540
2420,609,638,596
2421,610,609,581
2422,609,596,581
2423,525,518,483
2424,518,508,483
2425,550,518,525
2426,508,518,550
2427,207,197,185
2428,253,207,215
2429,207,253,252
2430,197,207,252
2431,186,207,185
2432,215,207,186
2433,900,923,927
2434,901,923,900
2435,923,960,927
2436,960,923,961
2437,820,853,806
2438,820,844,853
2439,820,774,781
2440,820,806,774
2441,821,820,781
2442,844,820,821
2443,667,641,646
2444,688,667,646
2445,639,609,610
2446,609,639,638
2447,697,729,716
2448,697,730,729
2449,697,698,730
2450,697,665,698
2451,686,709,708
2452,745,709,710
2453,708,709,745
2454,709,674,710
2455,709,686,674
2456,424,432,407
2457,432,465,440
2458,465,432,455
2459,432,424,455
2460,412,432,440
2461,432,412,407
2462,425,396,379
2463,424,396,425
2464,396,424,407
2465,396,407,370
2466,396,343,379
2467,396,370,343
2468,468,464,439
2469,464,491,463
2470,439,464,463
2471,548,522,523
2472,468,522,521
2473,522,468,465
2474,482,522,465
2475,522,482,523
2476,586,553,627
2477,586,548,553
2478,548,586,594
2479,586,627,626
2480,594,586,626
2481,520,552,517
2482,552,583,560
2483,517,552,560
2484,624,584,612
2485,584,585,612
2486,611,584,624
2487,583,584,611
2488,552,584,583
2489,221,257,220
2490,257,221,230
2491,230,221,203
2492,203,221,158
2493,221,173,158
2494,221,220,173
2495,514,507,488
2496,514,539,507
2497,539,514,540
2498,493,514,488
2499,540,514,493
2500,928,923,901
2501,928,901,859
2502,923,928,961
2503,928,852,914
2504,852,928,859
2505,940,928,914
2506,961,928,982
2507,928,940,982
2508,665,666,698
2509,666,688,698
2510,666,667,688
2511,667,666,641
2512,697,664,665
2513,663,664,716
2514,664,697,716
2515,640,639,610
2516,641,640,617
2517,640,610,617
2518,464,494,491
2519,494,464,468
2520,494,468,521
2521,494,542,491
2522,547,494,521
2523,542,494,547
2524,561,520,542
2525,561,552,520
2526,593,561,542
2527,585,561,593
2528,584,561,585
2529,561,584,552
2530,1187,1212,1237
2531,1202,1187,1237
2532,733,706,742
2533,742,706,703
2534,86,119,118
2535,119,86,87
2536,118,164,126
2537,164,163,126
2538,311,310,280
2539,310,279,280
2540,1060,1055,1092
2541,1091,1060,1092
2542,164,190,163
2543,190,164,191
2544,669,634,670
2545,634,669,633
2546,434,435,456
2547,456,435,457
2548,1024,1063,1023
2549,1063,1024,1064
2550,907,885,886
2551,908,907,886
2552,726,757,725
2553,725,757,756
2554,97,79,74
2555,79,97,106
2556,95,70,71
2557,70,95,94
2558,471,470,445
2559,471,445,446
2560,921,958,949
2561,958,985,949
2562,315,370,299
2563,299,370,342
2564,272,273,308
2565,307,272,308
2566,474,475,500
2567,475,501,500
2568,1109,1136,1135
2569,1136,1109,1110
2570,776,798,775
2571,798,797,775
2572,855,828,846
2573,846,828,822
2574,739,738,713
2575,739,713,714
2576,563,531,555
2577,531,563,525
2578,534,509,510
2579,534,510,535
2580,1108,1109,1135
2581,1134,1108,1135
2582,451,450,422
2583,423,451,422
2584,522,548,547
2585,522,547,521
2586,639,664,638
2587,638,664,663
2588,640,666,665
2589,666,640,641
2590,640,664,639
2591,664,640,665
