no.,vertice_idx1,vertice_idx2,vertice_idx3
0,1407,1388,1355
1,352,10,238
2,1048,1408,797
3,1048,797,949
4,1008,1048,949
5,288,68,530
6,1421,1407,1439
7,1421,1435,1415
8,797,1443,1483
9,1408,1443,797
10,19,24,10
11,1029,997,1044
12,857,815,816
13,1,2,0
14,68,12,3
15,12,68,38
16,101,68,123
17,69,62,83
18,69,142,238
19,10,69,238
20,24,69,10
21,60,64,45
22,99,125,124
23,125,99,85
24,53,69,24
25,69,53,62
26,99,93,64
27,1447,1421,1439
28,1447,1435,1421
29,1415,1417,1400
30,1435,1417,1415
31,1456,1467,1474
32,1433,1414,1416
33,1414,1399,1416
34,1443,1469,1483
35,1428,1424,1442
36,1477,1481,1478
37,1481,1477,1483
38,1064,1007,1035
39,1388,1354,1355
40,743,705,706
41,664,705,797
42,705,743,797
43,404,443,628
44,443,517,628
45,1251,1219,1264
46,1219,1257,1264
47,1257,1219,1233
48,957,1008,949
49,13,10,27
50,137,127,119
51,138,137,119
52,142,195,238
53,168,136,130
54,825,598,530
55,637,598,663
56,598,637,597
57,722,752,759
58,742,722,759
59,766,835,804
60,752,766,804
61,611,579,685
62,1075,1029,1044
63,796,742,759
64,796,843,816
65,722,704,686
66,704,722,742
67,704,741,685
68,741,704,742
69,780,758,721
70,957,973,1008
71,943,973,925
72,973,957,925
73,991,1022,1070
74,1022,1023,1070
75,1023,1022,976
76,1079,991,1070
77,1079,1057,991
78,994,1026,990
79,919,975,899
80,10,20,27
81,28,20,33
82,20,36,27
83,36,20,28
84,184,68,288
85,211,184,288
86,68,184,123
87,246,211,288
88,59,26,38
89,68,61,38
90,61,59,38
91,72,90,57
92,47,73,66
93,24,39,45
94,39,60,45
95,77,117,85
96,117,125,85
97,78,117,77
98,60,76,64
99,76,99,64
100,99,76,85
101,62,63,83
102,53,63,62
103,50,53,24
104,121,143,116
105,93,121,116
106,121,99,124
107,121,93,99
108,144,121,124
109,121,144,143
110,125,144,124
111,143,141,116
112,141,143,176
113,171,141,176
114,1399,1411,1416
115,1417,1411,1400
116,1476,1456,1474
117,1476,1474,1483
118,1477,1476,1483
119,1424,1437,1442
120,1359,1333,1326
121,1325,1347,1306
122,1347,1325,1341
123,1347,1346,1306
124,1346,1392,1352
125,1392,1346,1376
126,1346,1347,1376
127,1469,1480,1483
128,1482,1481,1483
129,1482,1470,1481
130,1480,1482,1483
131,1482,1480,1470
132,1366,1386,1376
133,1347,1366,1376
134,1366,1347,1341
135,1468,1460,1442
136,1428,1406,1424
137,1386,1406,1376
138,1396,1392,1376
139,1406,1396,1376
140,1396,1406,1428
141,1271,1306,1294
142,1281,1271,1294
143,835,844,804
144,915,844,835
145,996,1006,1028
146,930,1006,996
147,982,983,1011
148,982,981,941
149,1017,1047,1035
150,982,1017,981
151,1017,982,1011
152,1162,1122,1142
153,1122,1162,1121
154,1047,1110,1035
155,1110,1064,1035
156,1122,1110,1142
157,1162,1154,1121
158,1382,1415,1400
159,1367,1382,1400
160,1307,1267,1273
161,1302,1268,1274
162,1268,1244,1274
163,1242,1268,1273
164,1244,1208,1217
165,1168,1208,1190
166,1243,1268,1242
167,1268,1243,1244
168,1284,1244,1217
169,1244,1284,1274
170,1284,1302,1274
171,1285,1194,1355
172,352,396,404
173,387,396,352
174,672,743,706
175,517,620,628
176,582,620,517
177,620,664,628
178,546,582,517
179,612,672,706
180,1085,1056,1050
181,1085,1136,1126
182,1056,1085,1126
183,1138,1164,1129
184,1106,1067,1126
185,1067,1056,1126
186,943,906,877
187,906,943,925
188,917,957,949
189,957,917,925
190,16,19,10
191,13,16,10
192,19,16,27
193,16,13,27
194,127,149,130
195,149,127,137
196,208,183,213
197,274,248,305
198,241,212,207
199,336,372,349
200,336,274,305
201,336,305,356
202,372,336,356
203,797,805,949
204,805,869,949
205,493,552,519
206,552,569,519
207,598,564,530
208,564,598,597
209,694,637,663
210,415,490,539
211,704,636,686
212,579,636,685
213,636,704,685
214,581,540,529
215,490,540,539
216,540,490,529
217,766,836,835
218,882,836,825
219,836,915,835
220,466,415,539
221,474,465,414
222,528,611,550
223,611,528,579
224,488,538,537
225,379,386,414
226,386,379,332
227,635,671,721
228,671,611,685
229,1029,1074,1036
230,1075,1074,1029
231,875,823,790
232,874,823,875
233,848,867,834
234,848,904,867
235,904,848,855
236,833,893,875
237,833,875,790
238,765,833,790
239,867,866,834
240,866,833,834
241,833,866,893
242,937,969,994
243,995,979,954
244,981,972,941
245,1007,972,1035
246,972,1017,1035
247,1017,972,981
248,971,972,1007
249,868,895,843
250,895,914,843
251,894,914,931
252,930,894,931
253,824,868,843
254,796,824,843
255,844,824,804
256,824,844,868
257,824,796,759
258,824,752,804
259,752,824,759
260,741,781,780
261,781,741,742
262,781,796,816
263,796,781,742
264,703,758,791
265,703,635,721
266,758,703,721
267,894,890,857
268,890,894,930
269,758,803,791
270,1057,1014,991
271,1022,988,976
272,988,1022,991
273,1079,1099,1057
274,1057,1099,1078
275,1099,1138,1129
276,1099,1079,1138
277,1100,1079,1070
278,1079,1100,1138
279,1023,1100,1070
280,1100,1131,1139
281,1159,1139,1198
282,1393,1389,1408
283,1397,1389,1378
284,1389,1397,1408
285,1140,1104,1133
286,1087,1118,1083
287,1160,1118,1148
288,1118,1087,1148
289,452,514,498
290,264,244,285
291,151,117,145
292,117,151,125
293,151,144,125
294,153,192,179
295,44,56,33
296,988,945,976
297,919,951,975
298,951,988,991
299,951,945,988
300,559,497,606
301,37,28,33
302,37,36,28
303,31,44,33
304,44,31,23
305,20,14,33
306,14,31,33
307,14,11,23
308,31,14,23
309,1,4,2
310,4,11,2
311,269,246,288
312,21,12,38
313,26,21,38
314,44,29,57
315,29,44,23
316,49,26,59
317,49,72,57
318,72,49,59
319,96,109,122
320,72,96,90
321,81,72,59
322,81,96,72
323,96,81,109
324,165,153,122
325,153,165,192
326,39,65,60
327,76,65,85
328,65,76,60
329,65,77,85
330,30,39,24
331,86,78,66
332,78,86,106
333,73,86,66
334,78,42,66
335,30,42,41
336,54,78,77
337,65,54,77
338,42,54,41
339,54,42,78
340,128,78,106
341,128,117,78
342,117,128,145
343,145,128,157
344,128,152,157
345,75,92,91
346,69,110,142
347,110,136,142
348,75,110,69
349,110,75,102
350,136,110,130
351,110,127,130
352,127,110,119
353,110,138,119
354,138,110,150
355,110,102,150
356,183,182,150
357,212,182,207
358,182,208,207
359,208,182,183
360,89,93,116
361,64,46,45
362,50,46,64
363,46,24,45
364,46,50,24
365,143,177,176
366,144,177,143
367,98,75,69
368,75,98,92
369,98,115,92
370,115,98,120
371,104,171,175
372,104,105,171
373,105,104,83
374,104,69,83
375,105,111,171
376,111,141,171
377,141,111,116
378,111,89,116
379,1454,1450,1467
380,1458,1454,1467
381,1411,1434,1416
382,1434,1433,1416
383,1476,1453,1456
384,1453,1437,1456
385,1453,1468,1442
386,1437,1453,1442
387,1456,1429,1433
388,1437,1429,1456
389,1429,1414,1433
390,1414,1429,1398
391,1392,1375,1352
392,1405,1375,1392
393,1380,1414,1398
394,1414,1380,1399
395,1301,1307,1273
396,1307,1301,1333
397,1268,1301,1273
398,1301,1268,1302
399,1333,1301,1326
400,1301,1302,1326
401,1320,1333,1341
402,1320,1307,1333
403,1325,1320,1341
404,1480,1462,1470
405,1481,1479,1478
406,1475,1479,1481
407,1470,1471,1481
408,1471,1475,1481
409,1471,1466,1475
410,1466,1471,1436
411,1333,1373,1341
412,1373,1366,1341
413,1386,1373,1398
414,1366,1373,1386
415,1446,1428,1442
416,1460,1446,1442
417,1428,1446,1432
418,1477,1472,1468
419,1472,1460,1468
420,1472,1477,1478
421,1466,1472,1475
422,1479,1472,1478
423,1472,1479,1475
424,1396,1410,1392
425,1405,1410,1432
426,1410,1405,1392
427,1410,1428,1432
428,1410,1396,1428
429,1223,1213,1188
430,1213,1223,1241
431,1166,1181,1211
432,1213,1181,1188
433,1306,1332,1294
434,1332,1346,1352
435,1346,1332,1306
436,1351,1375,1374
437,1375,1351,1352
438,1351,1332,1352
439,1240,1255,1211
440,1240,1281,1255
441,1240,1213,1241
442,1271,1240,1241
443,1281,1240,1271
444,1255,1222,1211
445,1222,1166,1211
446,1104,1108,1133
447,1108,1104,1060
448,844,905,868
449,915,905,844
450,905,895,868
451,895,905,941
452,905,982,941
453,1034,1006,1007
454,1063,1034,1064
455,1064,1034,1007
456,1055,1034,1063
457,1006,1034,1028
458,1034,1055,1028
459,1095,1122,1121
460,1095,1063,1064
461,1110,1095,1064
462,1095,1110,1122
463,1154,1120,1121
464,1120,1161,1134
465,1161,1120,1154
466,1182,1154,1162
467,1161,1182,1188
468,1182,1161,1154
469,1387,1411,1399
470,1411,1387,1400
471,1387,1367,1400
472,1367,1328,1342
473,1328,1315,1342
474,1302,1328,1326
475,1284,1328,1302
476,1328,1284,1315
477,1357,1367,1342
478,1357,1382,1367
479,1357,1342,1334
480,1382,1377,1415
481,1377,1421,1415
482,1377,1354,1388
483,1377,1388,1407
484,1421,1377,1407
485,1357,1377,1382
486,1169,1191,1217
487,1208,1169,1217
488,1169,1208,1168
489,1191,1218,1217
490,1232,1242,1273
491,1267,1232,1273
492,1167,1183,1204
493,1189,1167,1204
494,1167,1162,1142
495,1167,1189,1162
496,1183,1215,1204
497,1215,1232,1204
498,1232,1215,1242
499,1215,1183,1190
500,1123,1167,1142
501,1167,1123,1183
502,1183,1123,1190
503,1342,1318,1334
504,1315,1318,1342
505,1208,1216,1190
506,1216,1208,1244
507,1243,1216,1244
508,1216,1215,1190
509,1290,1284,1269
510,1284,1290,1315
511,1318,1290,1269
512,1290,1318,1315
513,1354,1335,1355
514,1335,1285,1355
515,743,713,797
516,672,713,743
517,569,568,519
518,387,388,424
519,388,425,424
520,388,387,352
521,510,518,565
522,621,620,582
523,443,509,517
524,509,546,517
525,612,575,565
526,621,575,612
527,546,575,582
528,575,621,582
529,1046,1068,1113
530,1164,1158,1129
531,1158,1164,1219
532,1128,1069,1078
533,950,898,932
534,862,898,861
535,974,950,932
536,959,974,932
537,959,944,998
538,926,878,887
539,845,878,821
540,878,845,887
541,1076,1067,1106
542,1076,1037,1020
543,1067,1076,1020
544,884,906,925
545,917,884,925
546,884,917,883
547,1037,985,1020
548,869,870,949
549,859,870,817
550,817,785,769
551,19,22,24
552,32,22,19
553,43,32,47
554,22,43,24
555,43,22,32
556,43,47,66
557,42,43,66
558,36,35,27
559,32,48,47
560,48,35,51
561,35,48,27
562,48,19,27
563,48,32,19
564,195,204,238
565,204,220,238
566,335,309,271
567,309,335,364
568,174,168,130
569,149,174,130
570,169,149,137
571,138,169,137
572,169,174,149
573,169,182,212
574,169,138,150
575,182,169,150
576,173,222,206
577,248,290,305
578,305,290,356
579,258,248,213
580,258,290,248
581,242,248,274
582,208,242,207
583,242,208,213
584,248,242,213
585,242,241,207
586,241,242,274
587,241,257,212
588,367,449,400
589,449,367,368
590,449,418,460
591,418,449,368
592,280,256,234
593,329,330,367
594,368,330,280
595,367,330,368
596,393,367,400
597,393,329,367
598,683,654,606
599,605,654,667
600,654,717,667
601,674,614,695
602,362,446,398
603,270,267,304
604,270,327,352
605,270,352,238
606,267,270,238
607,551,564,597
608,581,551,597
609,551,581,529
610,564,551,530
611,693,722,686
612,722,693,752
613,693,694,752
614,423,490,415
615,580,636,579
616,636,580,581
617,580,579,539
618,836,767,825
619,767,836,766
620,729,767,766
621,767,729,663
622,767,598,825
623,598,767,663
624,728,729,766
625,728,766,752
626,694,728,752
627,728,694,663
628,729,728,663
629,508,465,474
630,508,528,550
631,528,508,474
632,508,489,465
633,466,516,474
634,516,528,474
635,516,466,539
636,579,516,539
637,528,516,579
638,611,586,550
639,586,671,635
640,671,586,611
641,380,386,332
642,671,712,721
643,712,780,721
644,712,741,780
645,741,712,685
646,712,671,685
647,1098,1125,1135
648,1098,1075,1044
649,1125,1098,1194
650,1125,1155,1135
651,1074,1066,1036
652,1066,1074,1097
653,1074,1105,1097
654,1105,1074,1075
655,1105,1098,1135
656,1098,1105,1075
657,585,595,644
658,710,660,644
659,823,739,790
660,813,779,791
661,779,703,791
662,703,779,740
663,813,849,855
664,849,924,855
665,850,813,791
666,803,850,791
667,850,849,813
668,645,690,670
669,702,756,765
670,833,756,834
671,756,833,765
672,609,645,670
673,596,609,563
674,609,596,645
675,562,515,563
676,609,562,563
677,562,609,619
678,904,903,867
679,903,866,867
680,903,904,939
681,866,903,893
682,946,994,990
683,946,937,994
684,936,946,990
685,946,936,875
686,893,946,875
687,937,946,893
688,969,938,939
689,937,938,969
690,938,903,939
691,938,937,893
692,903,938,893
693,1004,969,939
694,1032,979,995
695,1032,1004,979
696,979,947,954
697,904,947,939
698,947,1004,939
699,1004,947,979
700,972,940,941
701,940,895,941
702,895,940,914
703,940,971,914
704,971,940,972
705,1006,970,1007
706,970,971,1007
707,970,930,931
708,970,1006,930
709,914,970,931
710,971,970,914
711,914,858,843
712,894,858,914
713,843,858,816
714,858,857,816
715,858,894,857
716,1016,1033,1005
717,964,930,996
718,1054,1033,1016
719,1055,1054,1028
720,1054,996,1028
721,1054,1016,996
722,814,758,780
723,814,803,758
724,814,780,815
725,923,904,855
726,924,923,855
727,947,923,954
728,923,947,904
729,995,955,1005
730,955,995,954
731,927,926,887
732,966,1009,1013
733,1009,966,975
734,1009,1069,1013
735,1139,1193,1198
736,1131,1193,1139
737,1193,1131,1151
738,1130,1100,1139
739,1159,1130,1139
740,1100,1130,1138
741,1165,1164,1138
742,1039,1100,1023
743,1039,1131,1100
744,921,945,900
745,921,961,976
746,945,921,976
747,1132,1114,1172
748,1114,1152,1172
749,1348,1369,1378
750,1418,1401,1402
751,1390,1397,1378
752,1369,1390,1378
753,1330,1317,1310
754,1343,1330,1310
755,1330,1369,1348
756,1369,1330,1343
757,1317,1293,1310
758,1293,1317,1296
759,1258,1293,1296
760,1385,1371,1403
761,1323,1343,1310
762,1297,1323,1310
763,1343,1323,1344
764,1323,1311,1344
765,1311,1323,1297
766,1053,1087,1083
767,1053,1083,1025
768,1053,1025,990
769,1026,1053,990
770,1083,1059,1025
771,1175,1202,1174
772,1175,1118,1160
773,152,188,157
774,188,145,157
775,199,152,189
776,188,199,230
777,199,188,152
778,301,264,285
779,324,376,375
780,376,409,375
781,409,376,453
782,514,409,453
783,409,514,452
784,216,199,189
785,187,177,144
786,187,229,228
787,177,187,228
788,842,802,830
789,802,750,830
790,773,802,842
791,657,658,754
792,191,160,164
793,178,191,164
794,160,134,164
795,464,488,537
796,473,464,537
797,385,379,414
798,465,385,414
799,58,44,57
800,44,58,56
801,90,58,57
802,58,90,88
803,56,58,88
804,951,987,975
805,1014,987,991
806,987,951,991
807,920,951,919
808,920,871,900
809,945,920,900
810,951,920,945
811,523,605,558
812,523,559,605
813,523,449,460
814,513,497,559
815,513,523,460
816,523,513,559
817,748,788,801
818,718,748,801
819,655,683,606
820,655,718,683
821,56,55,33
822,55,37,33
823,11,9,2
824,14,9,11
825,184,155,123
826,210,184,211
827,246,210,211
828,269,210,246
829,210,155,184
830,155,210,180
831,49,34,26
832,29,34,57
833,34,49,57
834,15,18,26
835,21,18,12
836,18,21,26
837,3,7,0
838,7,1,0
839,7,18,15
840,12,7,3
841,18,7,12
842,4,6,11
843,6,7,15
844,6,4,1
845,7,6,1
846,81,100,109
847,180,194,154
848,219,194,252
849,40,65,39
850,40,54,65
851,54,40,41
852,30,40,39
853,40,30,41
854,97,75,91
855,75,97,102
856,139,183,150
857,102,139,150
858,97,139,102
859,139,162,183
860,258,197,259
861,63,84,83
862,89,84,63
863,111,84,89
864,84,105,83
865,84,111,105
866,50,70,53
867,89,70,93
868,93,70,64
869,70,50,64
870,70,63,53
871,70,89,63
872,140,104,175
873,1438,1450,1454
874,1438,1417,1435
875,1450,1438,1435
876,1438,1411,1417
877,1438,1434,1411
878,1458,1438,1454
879,1434,1438,1458
880,1447,1451,1435
881,1451,1450,1435
882,1451,1447,1467
883,1450,1451,1467
884,1457,1458,1467
885,1456,1457,1467
886,1457,1456,1433
887,1434,1457,1433
888,1457,1434,1458
889,1453,1473,1468
890,1473,1453,1476
891,1473,1477,1468
892,1473,1476,1477
893,1420,1429,1437
894,1420,1437,1424
895,1406,1420,1424
896,1420,1406,1386
897,1420,1386,1398
898,1429,1420,1398
899,1404,1375,1405
900,1375,1404,1374
901,1320,1277,1307
902,1267,1277,1256
903,1277,1267,1307
904,1465,1462,1480
905,1462,1455,1470
906,1455,1471,1470
907,1471,1455,1436
908,1455,1462,1445
909,1371,1365,1403
910,1394,1365,1372
911,1412,1394,1413
912,1365,1412,1403
913,1394,1412,1365
914,1359,1379,1333
915,1379,1373,1333
916,1380,1379,1359
917,1379,1380,1398
918,1373,1379,1398
919,1446,1449,1432
920,1449,1436,1432
921,1449,1466,1436
922,1282,1271,1241
923,1223,1282,1241
924,1271,1282,1306
925,1282,1325,1306
926,1181,1212,1211
927,1212,1181,1213
928,1212,1240,1211
929,1240,1212,1213
930,1150,1181,1166
931,1281,1300,1255
932,1331,1365,1340
933,1365,1331,1372
934,1180,1222,1207
935,1222,1180,1166
936,1222,1249,1207
937,1331,1313,1299
938,1313,1331,1340
939,1350,1365,1371
940,1365,1350,1340
941,1350,1313,1340
942,1313,1350,1312
943,1286,1312,1298
944,1286,1313,1312
945,1150,1119,1116
946,1119,1150,1166
947,956,965,997
948,997,965,1044
949,965,882,825
950,1044,965,530
951,965,825,530
952,916,836,882
953,836,916,915
954,965,916,882
955,916,965,956
956,982,948,983
957,948,905,915
958,905,948,982
959,1094,1055,1063
960,1095,1094,1063
961,1094,1120,1134
962,1054,1094,1134
963,1094,1054,1055
964,1189,1203,1162
965,1203,1182,1162
966,1380,1381,1399
967,1381,1387,1399
968,1353,1357,1334
969,1353,1377,1357
970,1377,1353,1354
971,1124,1169,1168
972,1105,1124,1097
973,1169,1124,1135
974,1124,1105,1135
975,1250,1218,1194
976,1231,1189,1204
977,1232,1231,1204
978,1203,1231,1230
979,1231,1203,1189
980,1231,1232,1267
981,1231,1256,1230
982,1231,1267,1256
983,1065,1017,1011
984,1017,1065,1047
985,1111,1110,1047
986,1110,1111,1142
987,1111,1123,1142
988,1335,1316,1285
989,1316,1303,1285
990,518,587,565
991,768,805,797
992,713,768,797
993,744,768,713
994,665,713,672
995,587,665,672
996,665,587,600
997,665,744,713
998,665,600,601
999,345,362,398
1000,345,353,308
1001,389,353,398
1002,353,345,398
1003,457,446,493
1004,457,493,519
1005,468,457,519
1006,446,457,398
1007,457,389,398
1008,389,457,417
1009,457,468,417
1010,388,397,425
1011,397,388,352
1012,467,425,475
1013,425,467,424
1014,621,651,620
1015,651,705,664
1016,620,651,664
1017,509,531,546
1018,531,575,546
1019,531,510,565
1020,575,531,565
1021,1038,1068,1046
1022,1038,1046,999
1023,1069,1038,1013
1024,1068,1038,1069
1025,1205,1158,1219
1026,1205,1225,1192
1027,1205,1219,1251
1028,1225,1205,1251
1029,1225,1224,1192
1030,1224,1225,1251
1031,1136,1224,1126
1032,1224,1106,1126
1033,1106,1224,1048
1034,1068,1127,1113
1035,1145,1205,1192
1036,1205,1145,1158
1037,1158,1145,1129
1038,1145,1128,1078
1039,1099,1145,1078
1040,1145,1099,1129
1041,898,886,861
1042,886,898,950
1043,1056,1030,1050
1044,1030,1067,1020
1045,1067,1030,1056
1046,950,1030,1020
1047,974,1030,950
1048,1051,1012,998
1049,1012,1051,1050
1050,1012,959,998
1051,1012,974,959
1052,1030,1012,1050
1053,1012,1030,974
1054,808,839,862
1055,878,839,821
1056,839,764,821
1057,772,839,808
1058,839,772,764
1059,960,999,998
1060,944,960,998
1061,907,944,959
1062,907,959,932
1063,898,907,932
1064,907,898,862
1065,839,907,862
1066,907,908,944
1067,908,839,878
1068,908,907,839
1069,800,845,821
1070,764,800,821
1071,717,735,667
1072,735,649,667
1073,735,809,787
1074,809,735,717
1075,809,840,787
1076,809,726,801
1077,726,809,717
1078,726,718,801
1079,718,726,683
1080,726,654,683
1081,654,726,717
1082,853,920,919
1083,920,853,871
1084,853,919,899
1085,853,809,801
1086,840,853,899
1087,853,840,809
1088,1090,1076,1106
1089,1090,1106,1048
1090,1049,1090,1048
1091,1090,1049,1037
1092,1076,1090,1037
1093,851,884,883
1094,859,851,883
1095,851,817,769
1096,851,859,817
1097,876,838,877
1098,906,876,877
1099,884,876,906
1100,958,886,950
1101,886,958,885
1102,958,950,1020
1103,985,958,1020
1104,1049,1019,1037
1105,1019,985,1037
1106,837,870,869
1107,817,837,798
1108,870,837,817
1109,917,891,883
1110,891,859,883
1111,891,917,949
1112,870,891,949
1113,859,891,870
1114,785,731,769
1115,675,731,730
1116,753,784,798
1117,784,753,730
1118,784,817,798
1119,784,785,817
1120,67,73,47
1121,48,67,47
1122,67,51,79
1123,67,48,51
1124,181,173,206
1125,181,195,142
1126,173,181,142
1127,687,675,730
1128,753,687,730
1129,687,753,695
1130,675,687,622
1131,553,552,493
1132,629,675,622
1133,309,277,271
1134,271,277,238
1135,277,267,238
1136,267,277,304
1137,253,335,271
1138,253,271,238
1139,220,253,238
1140,335,435,364
1141,169,226,174
1142,226,169,212
1143,257,226,212
1144,226,201,174
1145,174,201,168
1146,201,196,168
1147,273,278,319
1148,290,291,356
1149,291,258,259
1150,258,291,290
1151,298,368,280
1152,257,298,280
1153,298,257,241
1154,355,418,368
1155,298,355,368
1156,419,355,349
1157,355,419,418
1158,418,419,460
1159,196,225,224
1160,201,225,196
1161,256,225,234
1162,225,201,234
1163,279,255,311
1164,225,255,224
1165,255,225,256
1166,312,256,329
1167,255,312,311
1168,312,255,256
1169,312,348,311
1170,393,348,329
1171,348,312,329
1172,632,605,667
1173,649,632,667
1174,643,649,682
1175,496,393,400
1176,559,617,605
1177,617,654,605
1178,617,559,606
1179,654,617,606
1180,714,674,695
1181,753,714,695
1182,807,753,798
1183,837,807,798
1184,807,837,869
1185,807,714,753
1186,552,588,569
1187,588,614,569
1188,588,553,622
1189,553,588,552
1190,613,568,569
1191,614,613,569
1192,568,613,601
1193,613,614,674
1194,646,693,686
1195,636,646,686
1196,694,646,637
1197,693,646,694
1198,637,646,597
1199,646,581,597
1200,646,636,581
1201,416,423,360
1202,416,288,530
1203,416,317,288
1204,317,416,360
1205,527,538,488
1206,489,527,488
1207,527,586,538
1208,380,422,386
1209,386,422,414
1210,466,422,415
1211,422,380,415
1212,422,474,414
1213,422,466,474
1214,380,381,415
1215,381,423,415
1216,423,381,360
1217,343,380,332
1218,343,381,380
1219,1155,1163,1135
1220,1163,1169,1135
1221,1169,1163,1191
1222,1218,1184,1194
1223,1184,1218,1191
1224,1163,1184,1191
1225,1184,1163,1155
1226,1156,1125,1194
1227,1156,1155,1125
1228,1184,1156,1194
1229,1156,1184,1155
1230,660,627,644
1231,595,684,701
1232,662,609,670
1233,609,662,619
1234,662,756,702
1235,700,660,710
1236,902,874,875
1237,936,902,875
1238,902,880,874
1239,1025,993,990
1240,993,936,990
1241,755,775,710
1242,755,776,832
1243,727,710,644
1244,727,755,710
1245,755,727,776
1246,1042,953,962
1247,1059,1042,1025
1248,1042,1059,1082
1249,880,847,874
1250,776,847,832
1251,778,779,813
1252,778,813,855
1253,778,777,740
1254,779,778,740
1255,848,778,855
1256,778,848,777
1257,849,881,924
1258,850,881,849
1259,881,850,889
1260,596,650,645
1261,703,650,635
1262,690,720,670
1263,720,662,670
1264,662,720,756
1265,756,757,834
1266,757,848,834
1267,848,757,777
1268,720,757,756
1269,757,690,777
1270,757,720,690
1271,499,507,535
1272,514,499,535
1273,499,514,453
1274,544,507,515
1275,562,544,515
1276,507,544,535
1277,544,562,619
1278,1032,1043,1004
1279,1043,1026,994
1280,969,1043,994
1281,1004,1043,969
1282,1043,1032,1060
1283,890,856,857
1284,856,890,889
1285,814,856,803
1286,850,856,889
1287,856,850,803
1288,890,929,889
1289,929,890,930
1290,964,929,930
1291,928,927,887
1292,927,928,966
1293,975,928,899
1294,966,928,975
1295,986,966,1013
1296,986,927,966
1297,1038,986,1013
1298,986,1038,999
1299,927,986,926
1300,960,986,999
1301,986,960,926
1302,1021,1009,975
1303,987,1021,975
1304,1021,987,1014
1305,1021,1057,1078
1306,1021,1014,1057
1307,1069,1021,1078
1308,1009,1021,1069
1309,1226,1257,1233
1310,1226,1270,1257
1311,1165,1197,1164
1312,1219,1197,1233
1313,1164,1197,1219
1314,1197,1226,1233
1315,1226,1197,1198
1316,1197,1165,1159
1317,1197,1159,1198
1318,1146,1086,1132
1319,1086,1080,1052
1320,1146,1080,1086
1321,1086,1071,1132
1322,1071,1086,1052
1323,953,922,962
1324,902,922,880
1325,1002,1003,1031
1326,1042,1003,953
1327,873,842,830
1328,909,921,854
1329,921,909,961
1330,872,921,900
1331,921,872,854
1332,872,829,854
1333,871,872,900
1334,1246,1292,1295
1335,1292,1246,1266
1336,1358,1393,1408
1337,1459,1469,1443
1338,1444,1459,1443
1339,1440,1444,1443
1340,1370,1369,1343
1341,1422,1401,1418
1342,1422,1440,1443
1343,1440,1422,1418
1344,1201,1173,1174
1345,1152,1177,1172
1346,1177,1173,1201
1347,1247,1258,1296
1348,1384,1385,1402
1349,1385,1384,1364
1350,1312,1337,1298
1351,1337,1311,1298
1352,1114,1101,1152
1353,1118,1093,1083
1354,1175,1093,1118
1355,1093,1059,1083
1356,1059,1093,1082
1357,1093,1175,1174
1358,1102,1093,1174
1359,1093,1102,1082
1360,244,325,285
1361,268,325,244
1362,325,268,341
1363,325,378,411
1364,378,325,341
1365,134,159,133
1366,159,134,160
1367,172,159,190
1368,200,191,237
1369,159,200,190
1370,191,200,160
1371,200,159,160
1372,86,107,106
1373,107,86,73
1374,262,215,230
1375,215,188,230
1376,215,151,145
1377,188,215,145
1378,324,296,301
1379,301,296,264
1380,324,331,376
1381,331,324,301
1382,331,301,285
1383,325,331,285
1384,409,394,375
1385,394,409,452
1386,394,322,375
1387,322,394,321
1388,217,216,189
1389,264,217,244
1390,172,217,189
1391,217,190,244
1392,217,172,190
1393,323,324,375
1394,322,323,375
1395,294,322,321
1396,794,842,854
1397,794,773,842
1398,829,794,854
1399,773,794,754
1400,773,736,802
1401,736,773,754
1402,658,736,754
1403,90,118,88
1404,153,118,122
1405,118,96,122
1406,96,118,90
1407,378,420,411
1408,473,463,412
1409,463,420,412
1410,408,431,451
1411,408,372,356
1412,461,408,451
1413,512,523,558
1414,523,512,449
1415,505,461,451
1416,497,505,606
1417,461,505,497
1418,748,749,788
1419,794,749,754
1420,749,657,754
1421,749,656,657
1422,37,52,36
1423,55,52,37
1424,8,14,20
1425,8,20,10
1426,135,180,154
1427,135,155,180
1428,155,135,123
1429,135,101,123
1430,135,100,101
1431,135,154,109
1432,100,135,109
1433,276,287,252
1434,287,276,332
1435,276,245,269
1436,245,210,269
1437,245,276,252
1438,34,25,26
1439,25,34,29
1440,25,15,26
1441,6,17,11
1442,17,6,15
1443,11,17,23
1444,17,29,23
1445,17,25,29
1446,25,17,15
1447,82,81,59
1448,61,82,59
1449,82,100,81
1450,100,82,101
1451,101,82,68
1452,82,61,68
1453,193,194,219
1454,194,193,165
1455,165,193,192
1456,194,148,154
1457,148,194,165
1458,148,165,122
1459,109,148,122
1460,154,148,109
1461,114,97,91
1462,114,139,97
1463,92,114,91
1464,115,114,92
1465,186,162,163
1466,183,186,213
1467,162,186,183
1468,186,258,213
1469,186,197,258
1470,197,170,175
1471,170,140,175
1472,140,170,163
1473,170,186,163
1474,186,170,197
1475,202,235,259
1476,197,202,259
1477,202,197,175
1478,203,171,176
1479,177,203,176
1480,203,177,228
1481,203,214,171
1482,214,203,243
1483,229,261,228
1484,314,261,229
1485,300,261,314
1486,357,408,356
1487,408,357,431
1488,291,357,356
1489,357,291,337
1490,431,383,432
1491,357,383,431
1492,383,357,337
1493,103,140,120
1494,140,103,104
1495,98,103,120
1496,103,98,69
1497,104,103,69
1498,1419,1404,1405
1499,1419,1405,1432
1500,1436,1419,1432
1501,1419,1427,1404
1502,1464,1480,1469
1503,1464,1465,1480
1504,1441,1455,1445
1505,1455,1441,1436
1506,1441,1419,1436
1507,1427,1441,1445
1508,1419,1441,1427
1509,1427,1431,1413
1510,1404,1395,1374
1511,1427,1395,1404
1512,1395,1427,1413
1513,1394,1395,1413
1514,1395,1372,1374
1515,1395,1394,1372
1516,1463,1446,1460
1517,1463,1449,1446
1518,1449,1463,1466
1519,1472,1463,1460
1520,1463,1472,1466
1521,1256,1214,1230
1522,1214,1203,1230
1523,1203,1214,1182
1524,1214,1223,1188
1525,1182,1214,1188
1526,1277,1283,1256
1527,1282,1283,1325
1528,1283,1320,1325
1529,1283,1277,1320
1530,1109,1150,1116
1531,1109,1054,1134
1532,1150,1153,1181
1533,1181,1153,1188
1534,1153,1161,1188
1535,1161,1153,1134
1536,1153,1109,1134
1537,1109,1153,1150
1538,1300,1289,1255
1539,1289,1300,1314
1540,1300,1324,1314
1541,1351,1324,1332
1542,1331,1338,1372
1543,1338,1331,1314
1544,1338,1324,1351
1545,1324,1338,1314
1546,1313,1287,1299
1547,1286,1287,1313
1548,1287,1262,1299
1549,1254,1222,1255
1550,1254,1249,1222
1551,1289,1254,1255
1552,1210,1186,1160
1553,1186,1175,1160
1554,1175,1186,1202
1555,1178,1149,1140
1556,1210,1187,1236
1557,1187,1160,1148
1558,1187,1210,1160
1559,1149,1187,1148
1560,1187,1149,1178
1561,1179,1178,1140
1562,1179,1180,1207
1563,1179,1140,1133
1564,1180,1179,1133
1565,1141,1119,1166
1566,1119,1141,1108
1567,1108,1141,1133
1568,1141,1180,1133
1569,1180,1141,1166
1570,948,984,983
1571,1011,984,1036
1572,983,984,1011
1573,984,956,997
1574,984,1029,1036
1575,1029,984,997
1576,942,916,956
1577,984,942,956
1578,942,984,948
1579,916,942,915
1580,942,948,915
1581,1360,1380,1359
1582,1360,1381,1380
1583,1360,1359,1326
1584,1328,1360,1326
1585,1360,1328,1367
1586,1387,1360,1367
1587,1381,1360,1387
1588,1124,1117,1097
1589,1117,1124,1168
1590,1117,1168,1190
1591,1123,1117,1190
1592,1285,1238,1194
1593,1238,1250,1194
1594,1245,1250,1269
1595,1250,1245,1218
1596,1218,1245,1217
1597,1245,1284,1217
1598,1284,1245,1269
1599,1303,1275,1285
1600,1250,1275,1269
1601,1275,1318,1269
1602,1275,1303,1318
1603,1318,1321,1334
1604,1303,1321,1318
1605,1321,1303,1316
1606,1321,1353,1334
1607,1353,1321,1354
1608,1321,1335,1354
1609,1321,1316,1335
1610,612,599,672
1611,599,587,672
1612,599,612,565
1613,587,599,565
1614,587,566,600
1615,566,587,518
1616,566,518,475
1617,744,782,768
1618,768,782,805
1619,345,289,362
1620,289,270,304
1621,289,345,308
1622,353,318,308
1623,318,289,308
1624,270,318,327
1625,289,318,270
1626,426,361,417
1627,318,361,327
1628,361,318,353
1629,361,389,417
1630,361,353,389
1631,426,492,491
1632,468,492,417
1633,492,426,417
1634,568,492,519
1635,492,468,519
1636,434,397,405
1637,425,434,475
1638,397,434,425
1639,434,566,475
1640,444,467,510
1641,531,444,510
1642,444,531,509
1643,444,509,443
1644,444,443,404
1645,396,444,404
1646,467,444,424
1647,444,387,424
1648,444,396,387
1649,651,652,705
1650,652,651,621
1651,705,652,706
1652,652,612,706
1653,652,621,612
1654,1112,1046,1113
1655,1112,1077,1046
1656,1112,1143,1137
1657,1077,1091,1051
1658,1091,1112,1137
1659,1112,1091,1077
1660,1136,1091,1137
1661,1085,1091,1136
1662,1091,1085,1050
1663,1051,1091,1050
1664,1077,1045,1046
1665,999,1045,998
1666,1046,1045,999
1667,1045,1051,998
1668,1045,1077,1051
1669,1127,1144,1113
1670,1157,1127,1128
1671,1157,1145,1192
1672,1145,1157,1128
1673,918,960,944
1674,908,918,944
1675,960,918,926
1676,918,878,926
1677,918,908,878
1678,716,800,764
1679,649,716,682
1680,735,716,649
1681,800,716,787
1682,716,735,787
1683,840,846,787
1684,846,800,787
1685,800,846,845
1686,845,846,887
1687,846,928,887
1688,846,840,899
1689,928,846,899
1690,841,853,801
1691,853,841,871
1692,788,841,801
1693,829,841,788
1694,841,872,871
1695,872,841,829
1696,392,347,311
1697,348,392,311
1698,392,393,430
1699,392,348,393
1700,851,852,884
1701,876,852,838
1702,852,876,884
1703,818,860,792
1704,958,897,885
1705,897,958,985
1706,818,897,860
1707,828,808,862
1708,828,793,808
1709,828,862,861
1710,1018,1048,1008
1711,973,1018,1008
1712,1018,973,943
1713,239,278,273
1714,222,239,206
1715,279,239,222
1716,278,239,279
1717,204,247,220
1718,589,553,554
1719,553,589,622
1720,589,629,622
1721,354,309,364
1722,476,553,493
1723,476,477,553
1724,446,476,493
1725,553,520,554
1726,477,520,553
1727,520,570,554
1728,570,520,532
1729,676,731,675
1730,860,799,792
1731,799,761,792
1732,838,799,877
1733,799,860,877
1734,852,770,838
1735,770,851,769
1736,770,852,851
1737,623,678,615
1738,678,623,666
1739,435,469,364
1740,480,547,521
1741,201,240,234
1742,240,201,226
1743,240,280,234
1744,240,257,280
1745,240,226,257
1746,347,310,311
1747,310,279,311
1748,310,347,319
1749,278,310,319
1750,310,278,279
1751,223,279,222
1752,255,223,224
1753,223,255,279
1754,166,222,173
1755,166,173,142
1756,161,166,142
1757,166,223,222
1758,196,167,168
1759,136,167,142
1760,168,167,136
1761,156,161,142
1762,167,156,142
1763,291,275,337
1764,235,275,259
1765,275,291,259
1766,281,241,274
1767,281,298,241
1768,355,313,349
1769,313,355,298
1770,281,313,298
1771,313,281,274
1772,313,336,349
1773,336,313,274
1774,450,461,497
1775,513,450,497
1776,450,513,460
1777,419,450,460
1778,496,592,603
1779,643,604,649
1780,604,632,649
1781,592,604,643
1782,503,496,603
1783,393,503,430
1784,496,503,393
1785,665,707,744
1786,826,869,805
1787,826,782,783
1788,782,826,805
1789,760,826,783
1790,588,639,614
1791,614,639,695
1792,639,687,695
1793,687,639,622
1794,639,588,622
1795,613,638,601
1796,638,613,674
1797,638,665,601
1798,638,707,665
1799,490,500,529
1800,551,500,530
1801,500,551,529
1802,423,456,490
1803,416,456,423
1804,456,500,490
1805,456,416,530
1806,500,456,530
1807,586,545,550
1808,527,545,586
1809,545,527,489
1810,545,508,550
1811,508,545,489
1812,276,303,332
1813,303,343,332
1814,303,276,269
1815,317,303,288
1816,303,269,288
1817,526,534,585
1818,514,534,498
1819,534,514,595
1820,585,534,595
1821,594,526,585
1822,594,585,644
1823,627,594,644
1824,486,452,498
1825,534,486,498
1826,486,534,526
1827,486,485,441
1828,485,486,526
1829,684,661,702
1830,662,661,619
1831,661,662,702
1832,751,684,702
1833,751,702,765
1834,751,739,701
1835,684,751,701
1836,751,765,790
1837,739,751,790
1838,659,627,660
1839,700,659,660
1840,659,577,627
1841,577,659,608
1842,633,668,618
1843,775,738,710
1844,738,700,710
1845,700,738,737
1846,888,922,953
1847,873,901,911
1848,952,1003,1002
1849,1003,952,953
1850,727,711,776
1851,739,711,701
1852,711,595,701
1853,595,711,644
1854,711,727,644
1855,992,1042,962
1856,992,993,1025
1857,1042,992,1025
1858,1102,1073,1082
1859,1073,1042,1082
1860,812,847,776
1861,812,739,823
1862,812,823,874
1863,847,812,874
1864,812,711,739
1865,711,812,776
1866,691,690,645
1867,650,691,645
1868,777,691,740
1869,690,691,777
1870,610,650,596
1871,610,586,635
1872,650,610,635
1873,454,499,453
1874,499,454,507
1875,376,454,453
1876,410,454,376
1877,544,578,535
1878,578,544,619
1879,661,578,619
1880,578,661,684
1881,578,684,595
1882,578,514,535
1883,514,578,595
1884,1104,1103,1060
1885,1103,1043,1060
1886,1103,1104,1140
1887,1149,1103,1140
1888,1061,1108,1060
1889,1061,1062,1108
1890,1032,1061,1060
1891,1088,1119,1108
1892,1062,1088,1108
1893,1119,1088,1116
1894,1088,1062,1033
1895,1088,1109,1116
1896,1054,1088,1033
1897,1109,1088,1054
1898,913,955,924
1899,881,913,924
1900,913,881,889
1901,929,913,889
1902,1234,1226,1198
1903,1226,1234,1270
1904,1107,1146,1151
1905,1107,1080,1146
1906,1131,1107,1151
1907,1039,1107,1131
1908,1003,1041,1031
1909,1041,1003,1042
1910,1031,1041,1072
1911,1041,1073,1072
1912,1073,1041,1042
1913,961,1000,976
1914,1000,1023,976
1915,1000,1039,1023
1916,933,968,911
1917,933,901,934
1918,901,933,911
1919,933,977,968
1920,842,879,854
1921,879,909,854
1922,873,879,842
1923,879,873,911
1924,909,967,961
1925,967,1000,961
1926,1265,1246,1295
1927,1317,1322,1296
1928,1330,1322,1317
1929,1322,1330,1348
1930,1368,1348,1378
1931,1389,1368,1378
1932,1368,1322,1348
1933,1368,1389,1393
1934,1292,1319,1295
1935,1309,1329,1336
1936,1319,1309,1336
1937,1309,1319,1292
1938,1309,1292,1266
1939,1309,1247,1296
1940,1247,1309,1266
1941,1322,1309,1296
1942,1309,1322,1329
1943,1358,1361,1393
1944,1304,1251,1264
1945,1257,1304,1264
1946,1304,1224,1251
1947,1270,1304,1257
1948,1291,1304,1270
1949,1304,1358,1408
1950,1048,1304,1408
1951,1224,1304,1048
1952,1308,1304,1291
1953,1459,1423,1430
1954,1423,1412,1430
1955,1412,1423,1403
1956,1423,1459,1444
1957,1423,1385,1403
1958,1384,1383,1364
1959,1370,1383,1391
1960,1383,1401,1391
1961,1401,1383,1402
1962,1383,1384,1402
1963,1409,1390,1391
1964,1390,1409,1397
1965,1397,1409,1408
1966,1147,1101,1102
1967,1101,1147,1152
1968,1147,1177,1152
1969,1177,1147,1173
1970,1147,1102,1174
1971,1173,1147,1174
1972,1206,1200,1172
1973,1177,1206,1172
1974,1206,1247,1200
1975,1206,1201,1235
1976,1206,1177,1201
1977,1258,1206,1235
1978,1247,1206,1258
1979,1259,1258,1235
1980,1259,1293,1258
1981,1201,1228,1235
1982,1228,1259,1235
1983,1259,1228,1253
1984,1228,1201,1174
1985,1345,1364,1344
1986,1311,1345,1344
1987,1337,1345,1311
1988,370,378,341
1989,420,370,412
1990,370,420,378
1991,464,395,488
1992,191,232,237
1993,232,191,178
1994,232,178,179
1995,192,232,179
1996,251,232,192
1997,158,172,189
1998,158,129,132
1999,152,158,189
2000,129,158,152
2001,159,146,133
2002,146,159,172
2003,146,158,132
2004,158,146,172
2005,190,231,244
2006,200,231,190
2007,231,200,237
2008,268,231,237
2009,231,268,244
2010,107,126,106
2011,126,128,106
2012,128,126,152
2013,126,129,152
2014,67,87,73
2015,87,107,73
2016,87,67,79
2017,283,284,315
2018,236,314,229
2019,236,283,314
2020,215,198,151
2021,151,198,144
2022,198,187,144
2023,236,198,215
2024,187,198,229
2025,198,236,229
2026,296,263,264
2027,263,296,295
2028,377,331,325
2029,410,377,411
2030,377,325,411
2031,377,410,376
2032,331,377,376
2033,321,374,315
2034,394,374,321
2035,506,542,472
2036,320,359,314
2037,320,283,315
2038,283,320,314
2039,374,320,315
2040,320,374,359
2041,294,293,262
2042,293,294,321
2043,293,284,262
2044,293,321,315
2045,284,293,315
2046,699,709,750
2047,633,699,668
2048,625,658,657
2049,471,431,432
2050,719,658,668
2051,719,736,658
2052,699,719,668
2053,719,699,750
2054,802,719,750
2055,736,719,802
2056,134,147,164
2057,147,118,153
2058,147,178,164
2059,178,147,179
2060,147,153,179
2061,515,487,563
2062,420,487,411
2063,463,487,420
2064,536,596,563
2065,487,536,563
2066,536,487,463
2067,536,463,473
2068,536,473,537
2069,512,459,449
2070,449,459,400
2071,459,496,400
2072,481,471,549
2073,431,481,451
2074,471,481,431
2075,698,749,748
2076,698,656,749
2077,656,698,655
2078,698,748,718
2079,655,698,718
2080,94,95,134
2081,95,147,134
2082,147,95,118
2083,118,95,88
2084,113,134,133
2085,113,94,134
2086,113,74,94
2087,5,9,14
2088,8,5,14
2089,9,5,2
2090,5,8,10
2091,2,5,0
2092,209,245,252
2093,245,209,210
2094,210,209,180
2095,194,209,252
2096,209,194,180
2097,131,114,115
2098,162,131,163
2099,131,140,163
2100,131,115,120
2101,140,131,120
2102,203,260,243
2103,260,261,300
2104,260,203,228
2105,261,260,228
2106,1461,1459,1430
2107,1459,1461,1469
2108,1461,1464,1469
2109,1464,1452,1465
2110,1431,1452,1430
2111,1452,1461,1430
2112,1461,1452,1464
2113,1283,1272,1256
2114,1272,1283,1282
2115,1272,1214,1256
2116,1272,1282,1223
2117,1214,1272,1223
2118,1262,1288,1299
2119,1288,1262,1249
2120,1288,1289,1314
2121,1254,1288,1249
2122,1288,1254,1289
2123,1288,1331,1299
2124,1331,1288,1314
2125,1305,1300,1281
2126,1305,1324,1300
2127,1305,1281,1294
2128,1332,1305,1294
2129,1324,1305,1332
2130,1356,1351,1374
2131,1356,1338,1351
2132,1372,1356,1374
2133,1338,1356,1372
2134,1187,1237,1236
2135,1237,1187,1178
2136,1179,1237,1178
2137,1237,1179,1207
2138,1249,1237,1207
2139,1262,1237,1249
2140,1237,1261,1236
2141,1261,1237,1262
2142,1261,1287,1286
2143,1261,1262,1287
2144,1186,1221,1202
2145,1221,1186,1210
2146,1202,1221,1239
2147,1221,1260,1239
2148,1311,1280,1298
2149,1280,1260,1298
2150,1280,1311,1297
2151,1260,1280,1239
2152,1248,1210,1236
2153,1261,1248,1236
2154,1248,1221,1210
2155,1221,1248,1260
2156,1248,1261,1286
2157,1248,1286,1298
2158,1260,1248,1298
2159,1117,1089,1097
2160,1089,1066,1097
2161,1089,1065,1011
2162,1089,1011,1036
2163,1066,1089,1036
2164,1263,1238,1285
2165,1275,1263,1285
2166,1238,1263,1250
2167,1263,1275,1250
2168,600,583,601
2169,566,583,600
2170,583,566,491
2171,361,334,327
2172,334,361,426
2173,334,344,352
2174,327,334,352
2175,344,334,405
2176,334,426,405
2177,445,434,405
2178,426,445,405
2179,445,426,491
2180,566,445,491
2181,434,445,566
2182,1144,1195,1143
2183,1143,1195,1137
2184,1195,1136,1137
2185,1195,1224,1136
2186,1170,1144,1127
2187,1157,1170,1127
2188,1170,1195,1144
2189,1170,1157,1192
2190,631,697,681
2191,392,382,347
2192,347,382,319
2193,382,448,447
2194,828,827,793
2195,827,828,861
2196,886,827,861
2197,897,896,860
2198,896,943,877
2199,860,896,877
2200,896,1018,943
2201,896,897,985
2202,1018,896,1019
2203,1019,896,985
2204,233,205,273
2205,205,239,273
2206,239,205,206
2207,205,181,206
2208,181,205,195
2209,205,233,195
2210,221,247,204
2211,221,204,195
2212,233,221,195
2213,328,435,335
2214,272,233,273
2215,272,328,247
2216,272,221,233
2217,221,272,247
2218,254,253,220
2219,247,254,220
2220,328,254,247
2221,253,254,335
2222,254,328,335
2223,391,354,364
2224,354,391,390
2225,354,346,309
2226,277,346,304
2227,346,277,309
2228,304,346,363
2229,346,390,363
2230,346,354,390
2231,476,427,477
2232,427,428,477
2233,427,476,446
2234,390,427,363
2235,428,427,390
2236,427,362,363
2237,362,427,446
2238,520,478,532
2239,478,520,477
2240,428,478,477
2241,570,571,615
2242,571,570,532
2243,571,623,615
2244,676,732,731
2245,731,732,769
2246,732,770,769
2247,770,732,696
2248,629,640,675
2249,640,676,675
2250,640,589,554
2251,589,640,629
2252,771,799,838
2253,770,771,838
2254,799,771,761
2255,547,624,602
2256,479,469,435
2257,479,480,521
2258,480,479,435
2259,511,479,521
2260,479,511,469
2261,480,501,547
2262,501,458,502
2263,458,501,480
2264,223,185,224
2265,156,185,161
2266,185,166,161
2267,166,185,223
2268,185,196,224
2269,185,167,196
2270,185,156,167
2271,282,214,243
2272,450,407,461
2273,408,407,372
2274,407,408,461
2275,407,450,419
2276,372,407,349
2277,407,419,349
2278,548,592,496
2279,604,548,558
2280,548,604,592
2281,548,512,558
2282,503,470,430
2283,470,503,522
2284,448,470,522
2285,807,806,714
2286,806,760,714
2287,760,806,826
2288,806,807,869
2289,826,806,869
2290,745,760,783
2291,707,745,744
2292,638,673,707
2293,714,673,674
2294,673,638,674
2295,333,303,317
2296,303,333,343
2297,343,333,381
2298,333,317,360
2299,381,333,360
2300,486,442,452
2301,442,486,441
2302,374,442,441
2303,442,394,452
2304,442,374,394
2305,594,561,526
2306,561,577,543
2307,561,594,627
2308,577,561,627
2309,485,561,543
2310,561,485,526
2311,659,669,608
2312,709,669,737
2313,699,669,709
2314,669,700,737
2315,669,659,700
2316,669,634,608
2317,634,699,633
2318,634,669,699
2319,774,738,775
2320,738,774,737
2321,888,811,832
2322,810,892,864
2323,811,892,810
2324,892,811,888
2325,892,888,953
2326,952,892,953
2327,922,865,880
2328,888,865,922
2329,865,888,832
2330,847,865,832
2331,865,847,880
2332,934,935,989
2333,901,935,934
2334,935,901,864
2335,831,810,864
2336,822,831,864
2337,750,789,830
2338,789,822,830
2339,789,709,737
2340,709,789,750
2341,822,863,830
2342,863,873,830
2343,863,901,873
2344,901,863,864
2345,863,822,864
2346,992,963,993
2347,993,963,936
2348,922,963,962
2349,963,992,962
2350,963,902,936
2351,963,922,902
2352,692,650,703
2353,692,691,650
2354,692,703,740
2355,691,692,740
2356,586,574,538
2357,610,574,586
2358,538,574,537
2359,574,610,596
2360,574,536,537
2361,536,574,596
2362,454,455,507
2363,455,454,410
2364,507,455,515
2365,455,410,411
2366,1103,1084,1043
2367,1043,1084,1026
2368,1084,1053,1026
2369,1053,1084,1087
2370,1061,1027,1062
2371,1062,1027,1033
2372,1027,1032,995
2373,1027,1061,1032
2374,1027,995,1005
2375,1033,1027,1005
2376,955,980,1005
2377,913,980,955
2378,980,913,929
2379,980,1016,1005
2380,980,929,964
2381,1016,980,996
2382,980,964,996
2383,1081,1031,1072
2384,1081,1058,1031
2385,1101,1081,1072
2386,1081,1101,1114
2387,1015,1002,1031
2388,1058,1015,1031
2389,1002,1015,989
2390,1000,1040,1039
2391,1040,1107,1039
2392,1107,1040,1080
2393,1080,1040,1052
2394,978,934,989
2395,910,879,911
2396,879,910,909
2397,968,910,911
2398,910,967,909
2399,967,910,968
2400,1234,1252,1270
2401,1176,1193,1151
2402,1247,1209,1200
2403,1209,1247,1266
2404,1319,1327,1295
2405,1327,1308,1295
2406,1304,1327,1358
2407,1308,1327,1304
2408,1339,1319,1336
2409,1361,1339,1336
2410,1339,1361,1358
2411,1327,1339,1358
2412,1339,1327,1319
2413,1362,1368,1393
2414,1361,1362,1393
2415,1322,1362,1329
2416,1368,1362,1322
2417,1329,1362,1336
2418,1362,1361,1336
2419,1426,1423,1444
2420,1426,1440,1418
2421,1440,1426,1444
2422,1423,1426,1385
2423,1426,1418,1402
2424,1385,1426,1402
2425,1364,1363,1344
2426,1383,1363,1364
2427,1363,1383,1370
2428,1363,1343,1344
2429,1363,1370,1343
2430,1401,1425,1391
2431,1425,1409,1391
2432,1422,1425,1401
2433,1425,1422,1443
2434,1425,1443,1408
2435,1409,1425,1408
2436,1279,1259,1253
2437,1279,1297,1310
2438,1293,1279,1310
2439,1259,1279,1293
2440,1253,1229,1239
2441,1228,1229,1253
2442,1229,1202,1239
2443,1202,1229,1174
2444,1229,1228,1174
2445,1349,1345,1337
2446,1385,1349,1371
2447,1349,1385,1364
2448,1345,1349,1364
2449,1349,1350,1371
2450,1350,1349,1312
2451,1349,1337,1312
2452,326,370,341
2453,421,395,464
2454,421,473,412
2455,473,421,464
2456,370,421,412
2457,489,413,465
2458,413,385,465
2459,413,489,488
2460,395,413,488
2461,193,218,192
2462,218,251,192
2463,251,218,265
2464,218,193,219
2465,266,219,252
2466,287,266,252
2467,266,218,219
2468,218,266,265
2469,286,232,251
2470,87,112,107
2471,126,112,129
2472,112,126,107
2473,129,112,132
2474,132,112,79
2475,112,87,79
2476,249,284,283
2477,236,249,283
2478,249,236,215
2479,249,215,262
2480,284,249,262
2481,263,250,216
2482,199,250,230
2483,216,250,199
2484,250,262,230
2485,294,250,295
2486,250,294,262
2487,250,263,295
2488,403,374,441
2489,374,403,359
2490,402,403,441
2491,593,634,633
2492,593,576,542
2493,593,633,618
2494,576,593,618
2495,577,560,543
2496,560,577,608
2497,484,485,543
2498,359,358,314
2499,656,607,657
2500,607,625,657
2501,607,655,606
2502,607,656,655
2503,625,626,658
2504,668,626,618
2505,658,626,668
2506,626,625,549
2507,626,576,618
2508,576,626,549
2509,471,482,549
2510,482,471,432
2511,576,533,542
2512,533,576,549
2513,482,533,549
2514,542,533,472
2515,533,482,472
2516,71,52,55
2517,71,74,52
2518,74,71,94
2519,71,95,94
2520,95,71,88
2521,71,56,88
2522,71,55,56
2523,108,74,113
2524,108,113,133
2525,146,108,133
2526,108,132,79
2527,108,146,132
2528,338,383,337
2529,338,282,339
2530,338,373,383
2531,373,338,339
2532,1452,1448,1465
2533,1462,1448,1445
2534,1465,1448,1462
2535,1448,1427,1445
2536,1448,1431,1427
2537,1448,1452,1431
2538,1096,1117,1123
2539,1096,1089,1117
2540,1089,1096,1065
2541,1111,1096,1123
2542,492,567,491
2543,567,583,491
2544,567,492,568
2545,567,568,601
2546,583,567,601
2547,1195,1196,1224
2548,1170,1196,1195
2549,1224,1196,1192
2550,1196,1170,1192
2551,584,631,557
2552,584,503,603
2553,522,584,557
2554,503,584,522
2555,630,631,681
2556,592,642,603
2557,642,584,603
2558,642,643,682
2559,642,592,643
2560,642,697,631
2561,584,642,631
2562,747,772,808
2563,747,733,681
2564,697,747,681
2565,793,747,808
2566,733,747,793
2567,772,734,764
2568,747,734,772
2569,734,747,697
2570,436,382,447
2571,436,458,399
2572,458,436,502
2573,556,522,557
2574,328,406,435
2575,406,480,435
2576,406,458,480
2577,458,406,399
2578,366,272,273
2579,366,273,319
2580,382,366,319
2581,366,436,399
2582,436,366,382
2583,478,494,532
2584,494,511,532
2585,511,494,469
2586,623,555,602
2587,571,555,623
2588,555,511,521
2589,555,571,532
2590,511,555,532
2591,547,555,521
2592,555,547,602
2593,732,677,696
2594,677,732,676
2595,771,715,761
2596,715,678,666
2597,678,715,696
2598,688,715,666
2599,715,688,761
2600,715,770,696
2601,715,771,770
2602,624,648,602
2603,282,227,214
2604,202,227,235
2605,214,227,171
2606,171,227,175
2607,227,202,175
2608,282,299,339
2609,299,260,300
2610,260,299,243
2611,299,282,243
2612,275,292,337
2613,292,338,337
2614,338,292,282
2615,292,227,282
2616,292,275,235
2617,227,292,235
2618,459,504,496
2619,504,548,496
2620,504,459,512
2621,548,504,512
2622,470,437,430
2623,437,470,448
2624,437,392,430
2625,437,382,392
2626,437,448,382
2627,723,745,707
2628,673,723,707
2629,723,673,714
2630,760,723,714
2631,745,723,760
2632,935,912,952
2633,912,892,952
2634,892,912,864
2635,912,935,864
2636,795,831,822
2637,789,795,822
2638,795,774,810
2639,831,795,810
2640,774,795,737
2641,795,789,737
2642,462,487,515
2643,455,462,515
2644,487,462,411
2645,462,455,411
2646,1115,1103,1149
2647,1115,1084,1103
2648,1115,1149,1148
2649,1087,1115,1148
2650,1084,1115,1087
2651,1092,1081,1114
2652,1081,1092,1058
2653,1092,1114,1132
2654,1071,1092,1132
2655,1058,1092,1071
2656,1001,1040,1000
2657,1040,1001,1052
2658,977,1001,968
2659,1015,1010,989
2660,1010,978,989
2661,978,1010,977
2662,1010,1058,1071
2663,1010,1015,1058
2664,1252,1278,1270
2665,1278,1291,1270
2666,1278,1308,1291
2667,1278,1252,1265
2668,1278,1265,1295
2669,1308,1278,1295
2670,1227,1234,1198
2671,1227,1252,1234
2672,1193,1227,1198
2673,1252,1227,1265
2674,1176,1227,1193
2675,1146,1171,1151
2676,1171,1176,1151
2677,1176,1171,1199
2678,1171,1146,1132
2679,1199,1220,1246
2680,1246,1220,1266
2681,1220,1209,1266
2682,1279,1276,1297
2683,1276,1279,1253
2684,1276,1253,1239
2685,1280,1276,1239
2686,1276,1280,1297
2687,351,421,370
2688,421,351,395
2689,351,342,395
2690,351,326,316
2691,326,351,370
2692,302,251,265
2693,266,302,265
2694,326,297,316
2695,297,286,316
2696,268,297,341
2697,297,326,341
2698,297,268,237
2699,232,297,237
2700,286,297,232
2701,525,506,483
2702,484,525,483
2703,560,525,543
2704,525,484,543
2705,484,440,402
2706,440,484,483
2707,625,572,549
2708,607,572,625
2709,572,481,549
2710,80,108,79
2711,108,80,74
2712,51,80,79
2713,52,80,51
2714,74,80,52
2715,438,373,472
2716,482,438,472
2717,438,482,432
2718,383,438,432
2719,373,438,383
2720,708,642,682
2721,642,708,697
2722,716,708,682
2723,708,734,697
2724,708,716,764
2725,734,708,764
2726,495,448,522
2727,556,495,522
2728,448,495,447
2729,495,556,502
2730,436,495,502
2731,495,436,447
2732,406,365,399
2733,365,406,328
2734,365,366,399
2735,272,365,328
2736,366,365,272
2737,494,429,469
2738,469,429,364
2739,429,391,364
2740,429,428,390
2741,391,429,390
2742,429,478,428
2743,429,494,478
2744,677,641,696
2745,678,641,615
2746,641,678,696
2747,641,570,615
2748,570,641,554
2749,641,640,554
2750,648,647,602
2751,623,647,666
2752,647,623,602
2753,647,688,666
2754,647,648,688
2755,648,689,688
2756,689,648,624
2757,688,689,761
2758,653,689,624
2759,897,819,885
2760,819,897,818
2761,827,763,793
2762,763,733,793
2763,1001,1024,1052
2764,1024,1001,977
2765,1010,1024,977
2766,1024,1071,1052
2767,1024,1010,1071
2768,1185,1171,1132
2769,1209,1185,1200
2770,1171,1185,1199
2771,1185,1132,1172
2772,1200,1185,1172
2773,1185,1220,1199
2774,1220,1185,1209
2775,306,302,342
2776,286,306,316
2777,306,286,251
2778,302,306,251
2779,306,351,316
2780,351,306,342
2781,302,371,342
2782,413,371,385
2783,342,371,395
2784,371,413,395
2785,307,266,287
2786,307,302,266
2787,379,307,332
2788,307,287,332
2789,385,307,379
2790,371,307,385
2791,307,371,302
2792,525,573,506
2793,506,573,542
2794,573,593,542
2795,573,525,560
2796,573,560,608
2797,634,573,608
2798,593,573,634
2799,373,433,472
2800,433,506,472
2801,506,433,483
2802,340,299,300
2803,572,524,481
2804,524,505,451
2805,481,524,451
2806,505,524,606
2807,524,607,606
2808,524,572,607
2809,590,591,630
2810,591,590,556
2811,591,556,557
2812,631,591,557
2813,630,591,631
2814,501,541,547
2815,541,501,502
2816,556,541,502
2817,590,541,556
2818,786,818,792
2819,786,819,818
2820,819,786,762
2821,616,653,624
2822,616,541,590
2823,616,624,547
2824,541,616,547
2825,819,820,885
2826,820,886,885
2827,820,827,886
2828,820,819,762
2829,820,763,827
2830,763,820,762
2831,725,763,762
2832,763,725,733
2833,439,440,483
2834,433,439,483
2835,369,358,402
2836,369,340,300
2837,369,300,314
2838,358,369,314
2839,350,373,339
2840,299,350,339
2841,340,350,299
2842,653,724,689
2843,724,786,792
2844,761,724,792
2845,689,724,761
2846,679,590,630
2847,679,725,762
2848,679,616,590
2849,616,679,653
2850,679,724,653
2851,440,401,402
2852,401,369,402
2853,439,401,440
2854,401,439,433
2855,680,679,630
2856,679,680,725
2857,680,630,681
2858,733,680,681
2859,725,680,733
2860,746,679,762
2861,679,746,724
2862,786,746,762
2863,724,746,786
2864,369,384,340
2865,401,384,369
2866,384,350,340
2867,384,401,433
2868,384,433,373
2869,350,384,373
2870,780,781,815
2871,815,781,816
2872,1215,1216,1242
2873,1216,1243,1242
2874,43,42,30
2875,43,30,24
2876,256,330,329
2877,330,256,280
2878,580,540,581
2879,540,580,539
2880,955,923,924
2881,923,955,954
2882,1165,1130,1159
2883,1130,1165,1138
2884,1120,1094,1121
2885,1094,1095,1121
2886,397,344,405
2887,344,397,352
2888,510,467,518
2889,518,467,475
2890,1128,1127,1069
2891,1127,1068,1069
2892,784,731,785
2893,731,784,730
2894,856,814,815
2895,857,856,815
2896,1370,1390,1369
2897,1390,1370,1391
2898,323,296,324
2899,296,323,295
2900,323,294,295
2901,294,323,322
2902,749,794,829
2903,749,829,788
2904,35,52,51
2905,52,35,36
2906,1431,1412,1413
2907,1412,1431,1430
2908,362,289,363
2909,289,304,363
2910,1112,1144,1143
2911,1144,1112,1113
2912,1018,1019,1049
2913,1018,1049,1048
2914,632,604,605
2915,605,604,558
2916,1101,1073,1102
2917,1073,1101,1072
2918,217,263,216
2919,263,217,264
2920,114,131,139
2921,131,162,139
2922,745,782,744
2923,782,745,783
2924,755,811,775
2925,811,755,832
2926,811,774,775
2927,774,811,810
2928,935,952,1002
2929,935,1002,989
2930,978,977,933
2931,978,933,934
2932,484,402,441
2933,485,484,441
2934,358,403,402
2935,403,358,359
2936,1096,1111,1047
2937,1065,1096,1047
2938,967,1001,1000
2939,1001,967,968
2940,1227,1176,1199
2941,1265,1227,1246
2942,1227,1199,1246
2943,641,677,676
2944,640,641,676
