no.,vertice_idx1,vertice_idx2,vertice_idx3
0,1985,1242,1787
1,1145,980,1184
2,1242,1685,1787
3,1446,1685,1242
4,1145,1037,980
5,1037,1145,1107
6,1037,996,980
7,980,905,942
8,996,905,980
9,905,881,942
10,1985,2012,1242
11,1730,1625,1184
12,980,1730,1184
13,1730,1869,1841
14,1184,1286,1225
15,1286,1285,1225
16,698,943,1016
17,943,981,1016
18,1967,1985,1787
19,1820,1967,1787
20,1802,1820,1787
21,1802,1793,1820
22,43,146,83
23,43,20,201
24,146,43,201
25,100,38,61
26,322,100,219
27,921,873,922
28,873,921,872
29,2064,2059,2065
30,2065,2055,2060
31,881,850,784
32,905,850,881
33,493,698,1016
34,397,493,1016
35,838,943,698
36,1436,1518,1446
37,1821,1810,1831
38,382,426,452
39,520,531,477
40,1,10,8
41,20,10,0
42,10,1,0
43,10,15,8
44,69,43,83
45,77,100,61
46,100,77,101
47,965,901,966
48,252,251,201
49,251,244,201
50,1078,1061,1175
51,1141,1078,1175
52,1077,1078,1141
53,1078,1077,1018
54,1019,1078,1018
55,1179,1141,1175
56,772,831,748
57,510,491,454
58,491,432,454
59,432,491,473
60,2058,2064,2063
61,2058,2059,2064
62,2058,2063,2062
63,2059,2053,2065
64,2053,2055,2065
65,2056,2061,2054
66,1989,2005,1975
67,2005,1989,1983
68,1968,1991,1985
69,1991,1968,1966
70,1978,1991,1966
71,1999,2000,2012
72,1986,2000,1999
73,2012,2015,2028
74,1286,1360,1285
75,1360,1286,1184
76,1625,1360,1184
77,1407,1360,1625
78,1389,1370,1435
79,1568,1481,1625
80,1481,1407,1625
81,1670,1646,1619
82,667,585,406
83,436,493,397
84,324,298,325
85,324,323,298
86,381,397,322
87,323,381,322
88,493,586,698
89,839,819,769
90,1608,1518,1538
91,1608,1685,1446
92,1518,1608,1446
93,1390,1436,1446
94,1436,1390,1299
95,382,329,339
96,1198,1165,1233
97,1179,1165,1141
98,1266,1233,1289
99,1685,1767,1787
100,1744,1767,1685
101,1696,1657,1680
102,1639,1696,1685
103,1696,1639,1657
104,1955,1942,1967
105,1955,1967,1954
106,1968,1974,1943
107,1942,1974,1967
108,1974,1942,1943
109,1974,1968,1985
110,1967,1974,1985
111,1942,1921,1943
112,1949,1978,1966
113,1927,1948,1943
114,1948,1968,1943
115,1968,1948,1966
116,1948,1949,1966
117,1949,1948,1927
118,1803,1810,1821
119,1793,1803,1820
120,1803,1821,1820
121,1769,1802,1787
122,1061,1166,1175
123,1438,1363,1373
124,1363,1326,1373
125,990,921,922
126,440,403,495
127,403,440,370
128,731,669,657
129,678,649,615
130,567,547,626
131,567,605,540
132,547,636,626
133,503,489,540
134,503,451,452
135,489,503,452
136,488,531,530
137,531,556,565
138,556,531,520
139,17,10,20
140,19,15,10
141,17,19,10
142,16,30,28
143,15,16,8
144,19,31,15
145,31,16,15
146,16,31,30
147,111,105,75
148,76,55,68
149,55,76,60
150,58,51,75
151,56,57,80
152,57,58,80
153,430,409,472
154,146,130,83
155,125,130,142
156,93,69,83
157,69,93,92
158,66,69,92
159,55,66,68
160,69,66,43
161,66,55,43
162,56,88,70
163,96,56,80
164,96,88,56
165,160,178,191
166,38,62,61
167,77,71,101
168,71,72,101
169,71,62,72
170,71,77,61
171,62,71,61
172,31,45,30
173,50,45,31
174,7,2,9
175,3,2,0
176,1,3,0
177,2,3,9
178,7,21,18
179,21,7,9
180,3,6,9
181,6,3,1
182,1022,1082,1081
183,1032,1022,1081
184,1022,965,966
185,244,224,201
186,224,198,201
187,278,252,289
188,278,251,252
189,251,278,244
190,278,305,244
191,348,315,368
192,315,388,368
193,388,315,252
194,388,252,201
195,667,388,201
196,388,667,406
197,560,561,609
198,703,681,659
199,660,703,659
200,1062,1009,1063
201,1062,1166,1061
202,1008,1062,1061
203,1062,1008,1009
204,1217,1179,1175
205,1217,1165,1179
206,1233,1217,1289
207,1165,1217,1233
208,787,700,748
209,859,799,808
210,799,909,858
211,909,799,859
212,776,703,760
213,1021,990,922
214,1021,964,1051
215,496,446,473
216,403,446,495
217,446,496,495
218,543,491,510
219,1705,1704,1621
220,1893,1873,1915
221,1983,2001,2014
222,1730,2025,1869
223,1880,1916,1868
224,1916,1880,1904
225,1752,1724,1753
226,1724,1752,1723
227,1723,1752,1689
228,1873,1874,1915
229,1874,1873,1800
230,1801,1874,1800
231,1826,1874,1801
232,1816,1840,1830
233,1840,1816,1841
234,1775,1729,1785
235,1786,1816,1830
236,2045,2046,2054
237,2046,2056,2054
238,2016,1993,1994
239,1973,1965,1975
240,1992,1991,1978
241,1992,1986,1999
242,1992,1978,1986
243,1987,1986,1969
244,1987,2000,1986
245,2006,2004,2028
246,2015,2006,2028
247,2006,1987,2004
248,1987,2006,2000
249,2000,2006,2012
250,2006,2015,2012
251,1993,2008,1988
252,2016,2008,1993
253,2004,2008,2028
254,1529,1589,1619
255,1730,1695,1625
256,1670,1695,1730
257,1370,1424,1435
258,1424,1481,1435
259,1481,1424,1407
260,1345,1370,1389
261,891,824,892
262,992,968,1066
263,968,891,892
264,891,968,992
265,1065,992,1066
266,1065,1066,1125
267,1082,1065,1125
268,1022,1065,1082
269,1359,1343,1422
270,1359,1342,1315
271,1045,1037,1107
272,1037,1045,996
273,1045,1015,996
274,959,905,996
275,1015,959,996
276,1285,1202,1225
277,323,297,298
278,297,245,298
279,297,323,322
280,297,322,219
281,245,297,219
282,399,442,398
283,361,399,398
284,361,324,325
285,389,381,323
286,756,838,698
287,747,756,698
288,943,927,981
289,1238,1237,1197
290,1326,1327,1373
291,576,531,565
292,531,576,530
293,689,766,765
294,779,767,717
295,1092,1117,1174
296,1608,1635,1685
297,1277,1322,1299
298,1575,1608,1538
299,1408,1390,1446
300,1390,1263,1299
301,1161,1261,1242
302,927,982,981
303,298,299,325
304,338,306,307
305,306,299,268
306,299,306,325
307,329,292,262
308,292,329,328
309,279,292,328
310,329,293,339
311,293,329,262
312,1327,1374,1373
313,1328,1266,1289
314,1266,1328,1300
315,1337,1328,1289
316,1328,1337,1384
317,1198,1239,1244
318,1239,1198,1233
319,1239,1300,1244
320,1239,1266,1300
321,1266,1239,1233
322,1140,1198,1244
323,1238,1140,1244
324,1119,1077,1141
325,1165,1119,1141
326,1119,1165,1118
327,1726,1744,1685
328,1696,1726,1685
329,1803,1780,1810
330,1564,1497,1513
331,1574,1564,1513
332,1525,1574,1513
333,1602,1574,1607
334,1574,1602,1564
335,1607,1574,1621
336,1124,1082,1125
337,1082,1124,1081
338,1900,1921,1890
339,1900,1927,1943
340,1921,1900,1943
341,1920,1921,1942
342,1921,1920,1890
343,1583,1571,1553
344,1507,1583,1553
345,1571,1533,1553
346,1533,1507,1553
347,1769,1736,1746
348,1736,1713,1746
349,1592,1557,1569
350,1657,1649,1680
351,1380,1416,1415
352,1551,1531,1471
353,1531,1438,1471
354,1531,1485,1438
355,1485,1531,1522
356,1531,1557,1522
357,1531,1551,1569
358,1557,1531,1569
359,1447,1363,1438
360,1485,1447,1438
361,1325,1316,1280
362,1414,1413,1378
363,1103,1104,1152
364,605,566,540
365,566,503,540
366,503,566,520
367,635,567,626
368,567,635,605
369,635,691,605
370,728,718,690
371,691,728,690
372,728,691,729
373,782,728,729
374,645,718,717
375,517,559,480
376,559,517,600
377,440,431,370
378,431,369,370
379,819,740,769
380,740,730,769
381,886,954,953
382,1060,954,962
383,962,954,887
384,954,886,887
385,820,839,769
386,731,711,669
387,730,711,769
388,711,636,669
389,636,711,730
390,692,731,657
391,658,678,615
392,700,701,748
393,678,701,649
394,701,772,748
395,701,678,772
396,567,532,547
397,489,532,540
398,532,567,540
399,589,636,547
400,636,589,669
401,505,516,548
402,57,37,58
403,16,14,8
404,13,14,28
405,14,16,28
406,59,56,70
407,59,50,56
408,59,45,50
409,122,111,144
410,122,105,111
411,55,49,43
412,49,55,60
413,51,49,60
414,51,65,75
415,65,51,60
416,65,76,75
417,76,65,60
418,48,57,56
419,50,48,56
420,48,31,35
421,48,50,31
422,296,273,316
423,335,343,316
424,369,335,370
425,343,335,369
426,129,151,159
427,192,151,152
428,196,176,232
429,506,471,472
430,471,430,472
431,430,471,460
432,341,301,333
433,341,365,332
434,283,341,332
435,341,283,301
436,301,302,333
437,168,198,197
438,168,146,201
439,198,168,201
440,130,163,142
441,145,125,142
442,145,124,125
443,85,111,75
444,76,85,75
445,85,76,68
446,175,178,149
447,178,175,199
448,179,161,144
449,109,96,115
450,96,109,88
451,178,148,149
452,160,148,178
453,62,63,72
454,63,47,73
455,63,62,38
456,81,63,73
457,63,81,72
458,220,165,189
459,86,81,73
460,126,156,106
461,156,126,157
462,126,89,120
463,165,126,120
464,126,165,157
465,21,27,18
466,79,78,64
467,11,21,9
468,6,11,9
469,4,6,1
470,842,745,746
471,847,890,811
472,965,912,901
473,912,847,901
474,890,912,936
475,912,890,847
476,561,610,609
477,912,956,936
478,956,912,965
479,1022,956,965
480,956,1022,1032
481,979,1032,1052
482,956,979,936
483,979,956,1032
484,224,223,198
485,198,223,197
486,223,240,197
487,240,223,257
488,337,386,376
489,386,337,351
490,278,313,305
491,313,337,305
492,337,313,351
493,337,288,305
494,474,388,406
495,416,423,379
496,465,423,416
497,348,380,379
498,380,348,368
499,380,416,379
500,348,347,315
501,617,681,592
502,681,617,659
503,617,560,609
504,660,617,609
505,617,660,659
506,497,560,510
507,652,660,609
508,610,652,609
509,652,610,653
510,703,724,760
511,660,724,703
512,535,462,511
513,434,462,456
514,463,462,434
515,462,463,511
516,772,822,831
517,822,857,831
518,857,822,858
519,946,1008,976
520,946,857,858
521,909,946,858
522,946,909,1009
523,1008,946,1009
524,1020,1019,976
525,1008,1020,976
526,1020,1008,1061
527,1078,1020,1061
528,1020,1078,1019
529,1076,1041,1017
530,1060,1041,1094
531,1041,1060,962
532,1077,989,1018
533,1076,989,1077
534,989,1076,1017
535,1041,963,1017
536,963,1041,962
537,963,962,887
538,787,830,856
539,831,830,748
540,830,787,748
541,857,908,831
542,908,898,831
543,908,946,976
544,946,908,857
545,870,944,856
546,830,870,856
547,989,945,1018
548,945,989,944
549,945,870,898
550,870,945,944
551,807,786,856
552,786,787,856
553,786,807,771
554,720,786,771
555,787,786,700
556,786,720,700
557,801,776,760
558,789,801,760
559,801,789,834
560,964,1030,1051
561,1030,1104,1103
562,1030,1031,1104
563,1031,1030,978
564,1030,934,978
565,934,1030,964
566,873,933,922
567,889,933,873
568,933,1021,922
569,933,964,1021
570,491,509,473
571,509,496,473
572,411,446,403
573,560,544,510
574,544,543,510
575,543,544,592
576,723,680,681
577,703,723,681
578,776,723,703
579,1655,1607,1621
580,1704,1655,1621
581,1593,1622,1621
582,1622,1656,1689
583,1656,1622,1623
584,1873,1807,1800
585,1916,1938,1915
586,1938,1916,1952
587,1989,1962,1983
588,1962,1963,1983
589,1962,1989,1975
590,1976,1952,1990
591,1963,1976,1983
592,1976,2001,1983
593,2001,1976,1990
594,1807,1857,1819
595,1982,1973,1975
596,1934,1957,1946
597,1957,1965,1973
598,1965,1957,1934
599,2025,1953,1869
600,1908,1910,1939
601,1813,1786,1830
602,1786,1813,1785
603,1828,1849,1865
604,1952,1979,1990
605,1880,1864,1904
606,1908,1864,1865
607,1864,1908,1904
608,1923,1916,1904
609,1916,1923,1952
610,1752,1751,1689
611,1751,1704,1705
612,1864,1844,1827
613,1826,1858,1874
614,1858,1844,1868
615,1844,1858,1826
616,1808,1826,1801
617,1808,1844,1826
618,1882,1860,1869
619,1869,1860,1841
620,1860,1840,1841
621,1638,1679,1664
622,1729,1754,1785
623,1754,1786,1785
624,1792,1786,1766
625,1786,1792,1816
626,1792,1730,1841
627,1816,1792,1841
628,2018,1983,2014
629,2018,2005,1983
630,2050,2033,2042
631,2058,2050,2059
632,2053,2050,2042
633,2050,2053,2059
634,2046,2035,2032
635,2035,2046,2045
636,2061,2038,2054
637,2038,2012,2028
638,2012,2038,1242
639,2003,1999,2012
640,2003,1992,1999
641,1992,2003,1991
642,2003,2012,1985
643,1991,2003,1985
644,1509,1481,1568
645,1481,1509,1435
646,1461,1389,1435
647,1468,1461,1435
648,1634,1670,1619
649,1589,1634,1619
650,1718,1646,1670
651,1646,1718,1694
652,1587,1528,1594
653,1516,1537,1467
654,1528,1567,1594
655,1567,1528,1537
656,1461,1381,1389
657,1381,1461,1388
658,1343,1387,1422
659,1566,1536,1586
660,967,1022,966
661,967,1065,1022
662,1065,967,992
663,967,891,992
664,585,555,406
665,1342,1308,1315
666,727,667,784
667,1359,1406,1342
668,1045,1068,1015
669,1068,1089,1015
670,1068,1045,1107
671,959,865,905
672,865,850,905
673,850,865,784
674,667,674,585
675,674,673,585
676,1068,1160,1089
677,1160,1145,1184
678,1173,1160,1202
679,1145,1160,1107
680,1160,1068,1107
681,1160,1184,1225
682,1202,1160,1225
683,1345,1332,1370
684,1360,1297,1285
685,1332,1276,1296
686,1276,1345,1310
687,1276,1332,1345
688,576,613,530
689,613,576,625
690,668,613,625
691,353,361,398
692,361,353,324
693,389,353,398
694,324,353,323
695,353,389,323
696,739,738,687
697,656,738,747
698,738,656,687
699,747,738,828
700,846,883,838
701,756,846,838
702,846,747,828
703,846,756,747
704,436,466,493
705,466,527,493
706,546,586,493
707,527,546,493
708,587,656,586
709,546,587,586
710,587,546,527
711,739,688,757
712,688,699,757
713,688,739,687
714,883,882,838
715,927,882,883
716,838,882,943
717,882,927,943
718,1000,897,953
719,897,886,953
720,1001,1000,953
721,954,1001,953
722,1001,954,1060
723,1288,1327,1326
724,1288,1238,1244
725,1300,1288,1244
726,1327,1288,1300
727,1336,1327,1300
728,1328,1336,1300
729,1336,1328,1375
730,1374,1336,1375
731,1336,1374,1327
732,1231,1232,1280
733,1232,1231,1189
734,1237,1232,1197
735,1232,1189,1197
736,675,766,689
737,675,613,668
738,779,815,767
739,815,766,767
740,815,852,766
741,780,779,717
742,1117,1178,1174
743,1178,1117,1147
744,1101,999,1000
745,1074,1101,1000
746,1001,1074,1000
747,1231,1137,1189
748,1074,1137,1101
749,1117,1073,1147
750,869,930,868
751,782,869,868
752,1372,1455,1419
753,1635,1647,1685
754,1264,1278,1346
755,1227,1264,1277
756,1205,1277,1299
757,1205,1227,1277
758,1186,1205,1299
759,1323,1322,1277
760,1323,1264,1346
761,1264,1323,1277
762,1596,1635,1608
763,1596,1647,1635
764,1530,1539,1501
765,1436,1482,1518
766,1518,1482,1538
767,1204,1186,1299
768,1263,1204,1299
769,1204,1263,1226
770,1408,1371,1390
771,1371,1263,1390
772,1038,1071,1116
773,1038,982,1071
774,1185,1204,1226
775,758,884,757
776,699,758,757
777,766,867,765
778,852,867,766
779,867,758,765
780,758,867,884
781,917,867,852
782,906,846,828
783,846,906,883
784,906,927,883
785,906,982,927
786,173,156,157
787,165,173,157
788,173,165,220
789,306,269,307
790,269,306,268
791,236,195,218
792,195,173,218
793,173,195,156
794,153,209,219
795,234,245,219
796,209,234,219
797,401,417,451
798,417,382,452
799,451,417,452
800,438,401,451
801,438,520,477
802,503,438,451
803,438,503,520
804,531,459,477
805,488,459,531
806,459,488,450
807,425,459,450
808,261,236,218
809,225,261,218
810,261,225,279
811,173,225,218
812,225,173,220
813,225,292,279
814,225,220,292
815,242,237,191
816,292,226,262
817,220,226,292
818,226,237,262
819,237,226,212
820,226,220,189
821,212,226,189
822,1411,1374,1375
823,1438,1411,1471
824,1411,1438,1373
825,1374,1411,1373
826,1328,1391,1375
827,1426,1391,1384
828,1391,1328,1384
829,1139,1060,1094
830,1140,1139,1094
831,1139,1238,1197
832,1139,1140,1238
833,1713,1697,1746
834,1745,1767,1744
835,1745,1736,1767
836,1736,1745,1713
837,1899,1883,1877
838,1883,1845,1877
839,1870,1883,1899
840,1883,1870,1845
841,1810,1822,1831
842,1845,1822,1804
843,1870,1822,1845
844,1763,1803,1793
845,1763,1780,1803
846,1918,1926,1954
847,1505,1486,1544
848,1486,1439,1476
849,1512,1486,1476
850,1535,1497,1564
851,1535,1563,1524
852,1201,1171,1193
853,1250,1201,1193
854,1514,1574,1525
855,1584,1642,1663
856,1642,1584,1573
857,1465,1488,1430
858,1488,1465,1495
859,1584,1548,1573
860,1122,1032,1081
861,1066,1142,1125
862,1955,1933,1942
863,1933,1920,1942
864,1933,1955,1954
865,1920,1889,1890
866,1867,1851,1890
867,1889,1867,1890
868,1842,1867,1866
869,1867,1889,1866
870,1823,1842,1866
871,1748,1733,1722
872,1733,1748,1782
873,1709,1673,1668
874,1673,1640,1668
875,1736,1768,1767
876,1768,1736,1769
877,1767,1768,1787
878,1768,1769,1787
879,1458,1487,1507
880,1269,1270,1311
881,1416,1457,1415
882,1533,1457,1507
883,1457,1450,1507
884,1450,1457,1416
885,1363,1437,1401
886,1447,1437,1363
887,1437,1455,1401
888,1363,1317,1326
889,1317,1288,1326
890,1288,1317,1238
891,1301,1338,1377
892,1413,1364,1378
893,1439,1449,1476
894,1449,1439,1413
895,1449,1413,1414
896,1427,1426,1384
897,1426,1427,1473
898,1427,1504,1473
899,1504,1427,1428
900,1112,1031,1052
901,1031,1112,1104
902,1104,1112,1152
903,909,947,1009
904,947,909,859
905,588,556,520
906,566,588,520
907,634,691,690
908,691,634,605
909,634,566,605
910,634,588,566
911,781,728,782
912,728,781,718
913,644,645,717
914,668,644,717
915,644,668,625
916,576,644,625
917,644,576,565
918,645,644,565
919,718,676,690
920,645,676,718
921,676,634,690
922,634,676,588
923,509,534,496
924,496,534,495
925,534,550,495
926,490,453,480
927,453,490,508
928,833,889,873
929,833,776,889
930,570,651,600
931,431,445,369
932,453,445,480
933,481,517,480
934,445,481,480
935,481,445,431
936,549,506,472
937,302,334,333
938,334,302,296
939,334,296,316
940,343,334,316
941,334,360,333
942,360,343,369
943,360,334,343
944,461,453,508
945,409,461,472
946,768,782,729
947,768,740,819
948,886,821,887
949,771,821,770
950,821,807,887
951,807,821,771
952,821,785,770
953,785,731,770
954,785,711,731
955,785,820,769
956,711,785,769
957,614,646,657
958,646,692,657
959,692,732,731
960,732,771,770
961,731,732,770
962,599,559,600
963,599,658,615
964,577,599,615
965,599,577,559
966,557,614,548
967,516,557,548
968,557,516,569
969,557,646,614
970,646,557,569
971,549,542,506
972,478,479,547
973,532,478,547
974,478,532,489
975,479,478,426
976,426,478,452
977,478,489,452
978,614,568,548
979,479,541,547
980,541,589,547
981,25,19,17
982,37,25,17
983,31,25,35
984,25,31,19
985,24,17,20
986,24,37,17
987,46,51,58
988,59,54,45
989,140,175,149
990,175,140,161
991,58,82,80
992,82,103,80
993,103,82,104
994,82,58,75
995,273,238,248
996,238,221,248
997,221,238,192
998,303,273,248
999,273,303,316
1000,303,335,316
1001,116,151,129
1002,116,129,92
1003,93,116,92
1004,128,171,144
1005,141,129,159
1006,158,141,159
1007,176,158,159
1008,182,158,196
1009,158,176,196
1010,182,207,181
1011,207,182,196
1012,176,214,232
1013,238,214,192
1014,183,151,192
1015,151,183,159
1016,183,176,159
1017,214,183,192
1018,183,214,176
1019,194,168,197
1020,240,194,197
1021,286,240,257
1022,185,216,215
1023,163,177,142
1024,177,145,142
1025,145,177,200
1026,185,177,163
1027,200,177,215
1028,177,185,215
1029,143,130,146
1030,143,163,130
1031,184,192,152
1032,184,221,192
1033,90,85,68
1034,246,242,191
1035,247,246,191
1036,393,418,384
1037,175,203,199
1038,203,175,161
1039,179,203,161
1040,392,382,339
1041,392,426,382
1042,280,203,229
1043,280,281,331
1044,281,280,229
1045,418,428,384
1046,133,109,115
1047,134,148,160
1048,134,133,115
1049,133,134,160
1050,95,86,106
1051,86,95,81
1052,84,78,89
1053,78,84,74
1054,74,84,73
1055,84,86,73
1056,89,102,120
1057,78,102,89
1058,102,78,79
1059,34,27,21
1060,53,54,64
1061,47,52,73
1062,52,74,73
1063,53,52,39
1064,52,53,64
1065,78,52,64
1066,52,78,74
1067,12,6,13
1068,12,11,6
1069,5,14,13
1070,6,5,13
1071,4,5,6
1072,14,5,8
1073,5,1,8
1074,5,4,1
1075,745,753,712
1076,753,745,842
1077,835,753,842
1078,841,847,811
1079,847,841,901
1080,967,876,891
1081,841,876,901
1082,891,876,824
1083,876,792,824
1084,901,876,966
1085,876,967,966
1086,735,790,743
1087,618,735,653
1088,979,911,936
1089,500,465,416
1090,485,423,465
1091,435,485,464
1092,485,435,423
1093,313,342,351
1094,318,342,289
1095,342,278,289
1096,342,313,278
1097,318,314,352
1098,347,314,315
1099,314,347,352
1100,314,318,289
1101,252,314,289
1102,315,314,252
1103,305,271,244
1104,288,271,305
1105,271,224,244
1106,223,258,257
1107,258,223,224
1108,258,288,287
1109,258,287,257
1110,271,258,224
1111,258,271,288
1112,346,288,337
1113,288,346,287
1114,346,337,376
1115,396,346,376
1116,745,683,746
1117,683,745,712
1118,641,630,582
1119,582,630,553
1120,596,641,582
1121,352,415,414
1122,423,378,379
1123,378,348,379
1124,378,347,348
1125,492,447,456
1126,560,498,561
1127,497,498,560
1128,447,498,497
1129,498,447,492
1130,695,652,653
1131,695,735,743
1132,735,695,653
1133,742,789,760
1134,724,742,760
1135,789,742,743
1136,742,695,743
1137,742,724,660
1138,652,742,660
1139,695,742,652
1140,524,535,561
1141,498,524,561
1142,524,498,492
1143,524,462,535
1144,375,434,456
1145,375,396,434
1146,932,871,872
1147,921,932,872
1148,990,932,921
1149,977,932,990
1150,702,658,693
1151,658,702,678
1152,773,822,772
1153,773,702,774
1154,678,773,772
1155,702,773,678
1156,822,823,858
1157,823,799,858
1158,823,774,799
1159,1132,1076,1118
1160,1132,1041,1076
1161,1165,1132,1118
1162,1132,1165,1198
1163,975,989,1017
1164,963,975,1017
1165,989,975,944
1166,908,955,898
1167,955,945,898
1168,955,908,976
1169,1019,955,976
1170,955,1019,1018
1171,945,955,1018
1172,874,801,834
1173,900,934,964
1174,900,933,889
1175,933,900,964
1176,900,874,934
1177,874,900,801
1178,776,900,889
1179,801,900,776
1180,441,432,473
1181,446,441,473
1182,411,441,446
1183,617,580,560
1184,580,544,560
1185,580,617,592
1186,544,580,592
1187,640,627,680
1188,681,627,592
1189,680,627,681
1190,1656,1683,1689
1191,1683,1656,1643
1192,1683,1723,1689
1193,1724,1706,1753
1194,1706,1677,1678
1195,1677,1706,1724
1196,1633,1638,1664
1197,1567,1633,1594
1198,1633,1567,1638
1199,1563,1523,1524
1200,1563,1601,1600
1201,1602,1601,1564
1202,1601,1535,1564
1203,1535,1601,1563
1204,1600,1601,1632
1205,1601,1602,1632
1206,1965,1958,1975
1207,1958,1962,1975
1208,1962,1958,1936
1209,1959,1976,1963
1210,1959,1938,1952
1211,1976,1959,1952
1212,1914,1919,1903
1213,1919,1914,1936
1214,1922,1914,1893
1215,1914,1922,1936
1216,1922,1962,1936
1217,1962,1922,1963
1218,1922,1893,1915
1219,1893,1872,1873
1220,1872,1807,1873
1221,1872,1857,1807
1222,1970,1987,1969
1223,1950,1970,1969
1224,1970,1950,1951
1225,1972,1982,1994
1226,1993,1972,1994
1227,1982,1972,1973
1228,1972,1993,1988
1229,1971,1972,1988
1230,1957,1972,1946
1231,1972,1957,1973
1232,1631,1642,1573
1233,1563,1631,1573
1234,1631,1563,1600
1235,1631,1600,1632
1236,1688,1655,1704
1237,1717,1688,1704
1238,1913,1934,1946
1239,1929,1913,1946
1240,1919,1913,1903
1241,1913,1919,1934
1242,1913,1929,1907
1243,1945,1971,1951
1244,1945,1972,1971
1245,1945,1929,1946
1246,1972,1945,1946
1247,1910,1940,1939
1248,1917,1910,1897
1249,1917,1940,1910
1250,2055,2052,2060
1251,2053,2043,2055
1252,2043,2044,2055
1253,2043,2053,2042
1254,1941,1925,1939
1255,1925,1908,1939
1256,1908,1925,1904
1257,1876,1875,1849
1258,1849,1875,1865
1259,1875,1908,1865
1260,1828,1829,1849
1261,1813,1829,1785
1262,1829,1876,1849
1263,1829,1813,1830
1264,1809,1775,1785
1265,1829,1809,1785
1266,1809,1829,1828
1267,1809,1828,1827
1268,1998,1979,1977
1269,1964,1979,1952
1270,1979,1964,1977
1271,1977,1964,1939
1272,1964,1941,1939
1273,1923,1947,1952
1274,1947,1964,1952
1275,1964,1947,1941
1276,1751,1693,1689
1277,1693,1751,1705
1278,1693,1622,1689
1279,1693,1705,1621
1280,1622,1693,1621
1281,1774,1751,1752
1282,1774,1808,1801
1283,1808,1774,1752
1284,1774,1801,1800
1285,1751,1773,1704
1286,1807,1773,1800
1287,1773,1774,1800
1288,1774,1773,1751
1289,1916,1879,1868
1290,1879,1858,1868
1291,1874,1879,1915
1292,1879,1916,1915
1293,1858,1879,1874
1294,1784,1752,1753
1295,1784,1808,1752
1296,1775,1784,1753
1297,1809,1784,1775
1298,1784,1809,1827
1299,1844,1784,1827
1300,1808,1784,1844
1301,1859,1860,1882
1302,1859,1829,1830
1303,1829,1859,1876
1304,1840,1859,1830
1305,1860,1859,1840
1306,1679,1707,1664
1307,1645,1679,1638
1308,1646,1645,1619
1309,1645,1646,1694
1310,1679,1645,1694
1311,1786,1755,1766
1312,1754,1755,1786
1313,1755,1743,1766
1314,1755,1718,1743
1315,2024,2018,2014
1316,2018,2024,2033
1317,2018,2013,2005
1318,2013,2009,2005
1319,2046,2047,2056
1320,2047,2046,2032
1321,2017,1996,2009
1322,1982,1996,1994
1323,1996,1982,1975
1324,2005,1996,1975
1325,2009,1996,2005
1326,2022,2016,1994
1327,2035,2022,2032
1328,2022,2017,2032
1329,1996,2022,1994
1330,2022,1996,2017
1331,2008,2021,2028
1332,2021,2008,2016
1333,2022,2031,2016
1334,2031,2022,2035
1335,2031,2035,2045
1336,1461,1423,1388
1337,1422,1423,1467
1338,1387,1423,1422
1339,1508,1461,1468
1340,1665,1695,1670
1341,1634,1665,1670
1342,1695,1665,1625
1343,1595,1634,1589
1344,1595,1568,1625
1345,1735,1670,1730
1346,1735,1718,1670
1347,1718,1735,1743
1348,1743,1735,1766
1349,1792,1735,1730
1350,1735,1792,1766
1351,1515,1587,1586
1352,1536,1515,1586
1353,1460,1515,1536
1354,1537,1479,1467
1355,1528,1479,1537
1356,1479,1422,1467
1357,1480,1516,1467
1358,1516,1480,1529
1359,1423,1480,1467
1360,1588,1529,1619
1361,1645,1588,1619
1362,1567,1588,1638
1363,1588,1645,1638
1364,1350,1381,1388
1365,1350,1275,1310
1366,1466,1536,1491
1367,1466,1460,1536
1368,1368,1308,1342
1369,1406,1368,1342
1370,1616,1656,1623
1371,1656,1616,1643
1372,1536,1527,1491
1373,1566,1527,1536
1374,631,596,572
1375,596,631,641
1376,631,683,641
1377,620,562,597
1378,793,844,849
1379,1527,1474,1491
1380,1474,1527,1526
1381,1474,1526,1498
1382,1443,1474,1498
1383,1417,1433,1367
1384,1171,1126,1193
1385,1083,1126,1171
1386,1011,1085,1004
1387,1011,993,1033
1388,1069,1011,1033
1389,1011,1069,1085
1390,948,968,892
1391,835,948,892
1392,948,835,842
1393,913,948,842
1394,1085,1084,1004
1395,1126,1084,1085
1396,1084,1126,1083
1397,914,913,842
1398,914,842,746
1399,1220,1274,1284
1400,798,727,784
1401,865,798,784
1402,798,865,837
1403,812,793,849
1404,1182,1105,1196
1405,1105,1182,1096
1406,1309,1294,1343
1407,1309,1359,1315
1408,1359,1309,1343
1409,1105,1143,1196
1410,1222,1157,1211
1411,1089,1014,1015
1412,1014,959,1015
1413,1013,1088,1012
1414,1014,1013,973
1415,1013,1014,1088
1416,949,1014,973
1417,1014,949,959
1418,904,865,959
1419,949,904,959
1420,904,949,903
1421,865,904,837
1422,904,903,837
1423,1070,1036,1087
1424,844,894,849
1425,894,844,863
1426,708,674,667
1427,1130,1014,1089
1428,1014,1130,1088
1429,1160,1130,1089
1430,1130,1160,1173
1431,1216,1297,1296
1432,1216,1173,1202
1433,1216,1202,1285
1434,1297,1216,1285
1435,1332,1333,1370
1436,1333,1332,1296
1437,1297,1333,1296
1438,1424,1333,1407
1439,1333,1424,1370
1440,1333,1360,1407
1441,1333,1297,1360
1442,1036,1024,1087
1443,995,1036,940
1444,995,1024,1036
1445,1024,970,1006
1446,995,970,1024
1447,450,467,408
1448,467,443,408
1449,467,488,530
1450,488,467,450
1451,361,362,399
1452,362,361,325
1453,363,362,338
1454,306,362,325
1455,362,306,338
1456,389,424,381
1457,424,389,398
1458,437,436,397
1459,437,466,436
1460,381,437,397
1461,424,437,381
1462,437,424,466
1463,656,632,687
1464,587,632,656
1465,632,688,687
1466,897,840,886
1467,840,897,820
1468,785,840,820
1469,840,821,886
1470,840,785,821
1471,766,709,767
1472,675,709,766
1473,767,709,717
1474,709,668,717
1475,709,675,668
1476,917,960,974
1477,960,1026,974
1478,1187,1178,1147
1479,1188,1187,1147
1480,1187,1188,1230
1481,1236,1188,1243
1482,1188,1236,1230
1483,1287,1236,1243
1484,1236,1265,1230
1485,1236,1287,1265
1486,1148,1188,1147
1487,930,988,987
1488,885,897,1000
1489,820,885,839
1490,897,885,820
1491,885,920,839
1492,999,920,1000
1493,920,885,1000
1494,1075,1001,1060
1495,1075,1074,1001
1496,1139,1075,1060
1497,1026,984,974
1498,984,917,974
1499,984,867,917
1500,1108,1026,1092
1501,919,930,987
1502,930,919,868
1503,951,986,1027
1504,1028,986,987
1505,986,1028,1027
1506,986,919,987
1507,919,986,951
1508,1040,951,1027
1509,1073,1040,1027
1510,1455,1352,1401
1511,1352,1455,1372
1512,1325,1352,1316
1513,1352,1372,1316
1514,1372,1279,1316
1515,1279,1287,1243
1516,1279,1231,1280
1517,1316,1279,1280
1518,1455,1462,1419
1519,1462,1455,1492
1520,1455,1520,1492
1521,1557,1521,1522
1522,1521,1485,1522
1523,1521,1447,1485
1524,1521,1437,1447
1525,1437,1521,1455
1526,1521,1520,1455
1527,1520,1521,1541
1528,1521,1590,1541
1529,1228,1227,1174
1530,1228,1264,1227
1531,1323,1409,1322
1532,1409,1436,1299
1533,1322,1409,1299
1534,1510,1539,1575
1535,1510,1575,1538
1536,1510,1469,1501
1537,1539,1510,1501
1538,1482,1510,1538
1539,1510,1482,1469
1540,1559,1539,1530
1541,1559,1530,1519
1542,1596,1559,1519
1543,1462,1454,1419
1544,1502,1454,1492
1545,1454,1462,1492
1546,1469,1470,1501
1547,1530,1483,1519
1548,1483,1530,1501
1549,1470,1483,1501
1550,1278,1361,1346
1551,1361,1278,1265
1552,1383,1372,1419
1553,1454,1383,1419
1554,1383,1454,1410
1555,1161,1025,1116
1556,1025,1038,1116
1557,1025,1242,1016
1558,1025,1161,1242
1559,981,1025,1016
1560,982,1025,981
1561,1038,1025,982
1562,1298,1334,1261
1563,1334,1298,1351
1564,1408,1334,1351
1565,1261,1334,1242
1566,1334,1446,1242
1567,1334,1408,1446
1568,1162,1161,1116
1569,1162,1203,1161
1570,1203,1251,1161
1571,1161,1251,1261
1572,1251,1298,1261
1573,1371,1335,1263
1574,1335,1408,1351
1575,1335,1371,1408
1576,851,928,950
1577,928,851,884
1578,1185,1164,1204
1579,1204,1164,1186
1580,998,997,950
1581,928,998,950
1582,299,267,268
1583,241,234,209
1584,267,241,268
1585,241,267,234
1586,329,356,328
1587,356,364,328
1588,356,329,382
1589,364,356,401
1590,417,356,382
1591,356,417,401
1592,354,338,307
1593,363,354,408
1594,354,363,338
1595,319,279,328
1596,190,212,189
1597,165,166,189
1598,166,190,189
1599,190,166,167
1600,167,166,147
1601,147,166,120
1602,166,165,120
1603,263,293,262
1604,237,263,262
1605,263,237,242
1606,1560,1511,1579
1607,1511,1542,1579
1608,1511,1551,1471
1609,1511,1560,1551
1610,1420,1391,1426
1611,1411,1420,1471
1612,1420,1411,1375
1613,1391,1420,1375
1614,1659,1697,1713
1615,1712,1745,1744
1616,1712,1696,1680
1617,1745,1712,1713
1618,1726,1712,1744
1619,1712,1726,1696
1620,1861,1870,1899
1621,1918,1861,1899
1622,1821,1861,1820
1623,1861,1918,1954
1624,1861,1821,1831
1625,1861,1967,1820
1626,1967,1861,1954
1627,1822,1861,1831
1628,1861,1822,1870
1629,1822,1779,1804
1630,1697,1731,1746
1631,1731,1697,1698
1632,1731,1698,1699
1633,1762,1763,1793
1634,1802,1762,1793
1635,1769,1762,1802
1636,1762,1769,1746
1637,1731,1762,1746
1638,1762,1731,1763
1639,1698,1666,1699
1640,1439,1448,1377
1641,1486,1448,1439
1642,1448,1486,1505
1643,1504,1448,1505
1644,1448,1504,1428
1645,1597,1552,1561
1646,1486,1552,1544
1647,1552,1512,1561
1648,1512,1552,1486
1649,1514,1558,1574
1650,1526,1558,1498
1651,1558,1514,1498
1652,1558,1593,1621
1653,1574,1558,1621
1654,1477,1459,1497
1655,1477,1535,1524
1656,1535,1477,1497
1657,1534,1488,1495
1658,1548,1534,1495
1659,1534,1548,1584
1660,1496,1548,1495
1661,1465,1496,1495
1662,1496,1440,1489
1663,1440,1496,1465
1664,1192,1201,1250
1665,1142,1192,1125
1666,1932,1933,1954
1667,1845,1832,1877
1668,1832,1862,1877
1669,1832,1845,1804
1670,1850,1823,1866
1671,1823,1850,1834
1672,1834,1850,1838
1673,1884,1862,1838
1674,1850,1884,1838
1675,1781,1739,1760
1676,1779,1764,1804
1677,1739,1764,1738
1678,1823,1794,1805
1679,1794,1823,1834
1680,1794,1781,1760
1681,1824,1867,1842
1682,1851,1824,1835
1683,1867,1824,1851
1684,1823,1812,1842
1685,1812,1824,1842
1686,1824,1812,1782
1687,1812,1823,1805
1688,1900,1901,1927
1689,1909,1886,1871
1690,1901,1909,1927
1691,1909,1901,1886
1692,1855,1856,1907
1693,1749,1748,1722
1694,1770,1733,1782
1695,1770,1812,1805
1696,1812,1770,1782
1697,1583,1615,1571
1698,1572,1583,1507
1699,1572,1487,1547
1700,1487,1572,1507
1701,1637,1661,1690
1702,1546,1533,1571
1703,1582,1546,1571
1704,1463,1449,1414
1705,1449,1463,1476
1706,1464,1487,1458
1707,1488,1464,1430
1708,1209,1199,1154
1709,1209,1254,1199
1710,1304,1254,1255
1711,1254,1209,1255
1712,1270,1303,1311
1713,1464,1393,1430
1714,1429,1450,1416
1715,1429,1458,1507
1716,1450,1429,1507
1717,1457,1456,1415
1718,1463,1456,1506
1719,1456,1463,1414
1720,1281,1317,1325
1721,1281,1325,1280
1722,1238,1281,1237
1723,1317,1281,1238
1724,1281,1232,1237
1725,1232,1281,1280
1726,1267,1337,1289
1727,1217,1267,1289
1728,1439,1402,1413
1729,1402,1364,1413
1730,1402,1439,1377
1731,1338,1402,1377
1732,1364,1402,1338
1733,1504,1503,1473
1734,1503,1504,1542
1735,1511,1503,1542
1736,1427,1392,1428
1737,1392,1267,1301
1738,1113,1112,1052
1739,1032,1113,1052
1740,1122,1113,1032
1741,1113,1122,1154
1742,1199,1153,1154
1743,1153,1199,1152
1744,1112,1153,1152
1745,1009,1050,1063
1746,899,947,859
1747,1150,1062,1063
1748,1062,1150,1166
1749,1166,1150,1218
1750,1030,1121,1051
1751,1121,1030,1103
1752,1379,1414,1378
1753,1245,1302,1240
1754,1191,1245,1240
1755,588,598,556
1756,556,598,565
1757,598,645,565
1758,598,676,645
1759,676,598,588
1760,780,759,806
1761,781,759,718
1762,759,781,806
1763,718,759,717
1764,759,780,717
1765,534,579,578
1766,579,534,509
1767,579,627,640
1768,577,521,559
1769,559,521,480
1770,521,490,480
1771,490,521,508
1772,521,577,508
1773,649,608,615
1774,608,577,615
1775,832,859,808
1776,775,832,808
1777,832,899,859
1778,899,832,871
1779,871,832,872
1780,775,749,734
1781,749,651,734
1782,651,749,694
1783,749,775,808
1784,799,749,808
1785,774,733,799
1786,733,749,799
1787,749,733,694
1788,694,733,693
1789,733,702,693
1790,702,733,774
1791,651,650,600
1792,650,651,694
1793,650,694,693
1794,650,599,600
1795,658,650,693
1796,599,650,658
1797,517,522,600
1798,522,570,600
1799,550,522,495
1800,570,522,550
1801,651,670,734
1802,577,558,508
1803,608,558,577
1804,549,558,591
1805,639,647,591
1806,647,639,700
1807,720,647,700
1808,461,410,453
1809,677,635,626
1810,636,677,626
1811,677,636,730
1812,740,677,730
1813,818,869,782
1814,768,818,782
1815,818,768,819
1816,646,637,692
1817,637,569,638
1818,637,646,569
1819,719,732,692
1820,719,637,638
1821,637,719,692
1822,647,719,638
1823,719,647,720
1824,719,720,771
1825,732,719,771
1826,590,549,591
1827,590,542,549
1828,590,647,638
1829,647,590,591
1830,569,590,638
1831,542,590,569
1832,494,542,569
1833,516,494,569
1834,542,494,506
1835,471,494,460
1836,494,471,506
1837,606,568,614
1838,669,606,657
1839,606,614,657
1840,589,606,669
1841,568,606,589
1842,504,479,468
1843,504,541,479
1844,505,504,468
1845,25,36,35
1846,36,25,37
1847,36,48,35
1848,36,37,57
1849,48,36,57
1850,37,41,58
1851,41,46,58
1852,24,41,37
1853,41,24,20
1854,46,32,51
1855,32,41,20
1856,41,32,46
1857,67,79,64
1858,54,67,64
1859,79,67,70
1860,67,59,70
1861,67,54,59
1862,110,96,80
1863,103,110,80
1864,96,110,115
1865,110,134,115
1866,134,110,148
1867,161,138,144
1868,140,138,161
1869,138,122,144
1870,138,140,104
1871,82,97,104
1872,97,138,104
1873,105,97,75
1874,97,82,75
1875,122,97,105
1876,138,97,122
1877,243,238,273
1878,243,273,296
1879,214,243,232
1880,243,214,238
1881,94,93,83
1882,151,139,152
1883,85,112,111
1884,111,112,144
1885,112,128,144
1886,171,150,181
1887,128,150,171
1888,150,128,127
1889,150,182,181
1890,150,158,182
1891,141,150,127
1892,158,150,141
1893,180,206,205
1894,206,180,171
1895,179,180,205
1896,171,180,144
1897,180,179,144
1898,213,171,181
1899,213,206,171
1900,206,213,254
1901,207,213,181
1902,253,206,254
1903,255,283,254
1904,283,255,301
1905,213,255,254
1906,255,213,207
1907,282,283,332
1908,253,282,281
1909,283,282,254
1910,282,253,254
1911,287,304,257
1912,304,286,257
1913,304,287,336
1914,286,304,336
1915,373,312,374
1916,185,193,216
1917,193,185,163
1918,143,193,163
1919,162,184,152
1920,124,162,152
1921,145,162,124
1922,208,184,200
1923,184,208,221
1924,221,256,248
1925,208,256,221
1926,256,208,249
1927,366,403,370
1928,366,317,371
1929,216,250,215
1930,317,350,371
1931,66,91,68
1932,91,90,68
1933,91,66,92
1934,90,91,127
1935,91,141,127
1936,129,91,92
1937,141,91,129
1938,470,418,460
1939,494,470,460
1940,470,494,516
1941,470,428,418
1942,394,409,430
1943,394,365,409
1944,393,429,418
1945,429,430,460
1946,418,429,460
1947,204,179,205
1948,204,203,179
1949,229,204,205
1950,203,204,229
1951,340,392,339
1952,340,308,330
1953,308,272,330
1954,272,246,247
1955,272,308,246
1956,295,280,331
1957,203,228,199
1958,280,228,203
1959,295,228,280
1960,392,427,426
1961,479,427,468
1962,427,479,426
1963,384,383,331
1964,428,383,384
1965,383,295,331
1966,295,383,330
1967,133,132,109
1968,132,147,120
1969,132,133,147
1970,126,107,89
1971,107,84,89
1972,107,126,106
1973,86,107,106
1974,84,107,86
1975,87,102,79
1976,109,87,88
1977,88,87,70
1978,87,79,70
1979,29,34,21
1980,34,33,27
1981,33,34,47
1982,33,63,38
1983,63,33,47
1984,54,40,45
1985,53,40,54
1986,30,40,28
1987,45,40,30
1988,40,53,39
1989,762,843,746
1990,843,914,746
1991,914,843,893
1992,713,620,725
1993,620,713,672
1994,843,938,893
1995,682,619,628
1996,682,618,619
1997,618,682,735
1998,783,744,750
1999,744,783,811
2000,783,841,811
2001,876,791,792
2002,791,876,841
2003,783,791,841
2004,791,783,750
2005,802,753,835
2006,824,802,892
2007,802,835,892
2008,789,809,834
2009,809,789,743
2010,790,809,743
2011,890,810,811
2012,610,611,653
2013,611,618,653
2014,611,610,561
2015,875,890,936
2016,911,875,936
2017,875,810,890
2018,991,911,979
2019,991,979,1052
2020,991,1031,978
2021,1031,991,1052
2022,500,499,465
2023,499,485,465
2024,499,582,553
2025,485,499,553
2026,474,458,388
2027,458,500,416
2028,483,513,525
2029,377,386,351
2030,377,422,386
2031,342,377,351
2032,377,352,414
2033,377,318,352
2034,377,342,318
2035,422,421,386
2036,386,421,376
2037,463,421,457
2038,421,422,457
2039,421,463,434
2040,421,396,376
2041,396,421,434
2042,683,671,641
2043,671,630,641
2044,671,683,712
2045,696,671,712
2046,671,696,630
2047,502,475,406
2048,475,474,406
2049,387,415,352
2050,415,387,435
2051,347,387,352
2052,378,387,347
2053,435,387,423
2054,387,378,423
2055,449,435,464
2056,449,415,435
2057,484,449,464
2058,415,449,414
2059,447,404,456
2060,404,375,456
2061,345,346,396
2062,375,345,396
2063,345,375,336
2064,287,345,336
2065,346,345,287
2066,455,510,454
2067,420,455,454
2068,455,497,510
2069,433,447,497
2070,433,420,373
2071,455,433,497
2072,433,455,420
2073,932,931,871
2074,931,899,871
2075,899,931,947
2076,947,931,977
2077,931,932,977
2078,1041,1131,1094
2079,1132,1131,1041
2080,1131,1140,1094
2081,1140,1131,1198
2082,1131,1132,1198
2083,888,963,887
2084,888,975,963
2085,975,888,944
2086,944,888,856
2087,807,888,887
2088,888,807,856
2089,991,910,911
2090,679,640,680
2091,788,723,776
2092,833,788,776
2093,1684,1677,1724
2094,1684,1724,1723
2095,1683,1684,1723
2096,1684,1683,1643
2097,1644,1684,1643
2098,1684,1644,1677
2099,1711,1707,1729
2100,1711,1706,1678
2101,1711,1678,1664
2102,1707,1711,1664
2103,1523,1549,1489
2104,1549,1496,1489
2105,1496,1549,1548
2106,1548,1549,1573
2107,1549,1563,1573
2108,1549,1523,1563
2109,1935,1919,1936
2110,1919,1935,1934
2111,1958,1935,1936
2112,1935,1965,1934
2113,1935,1958,1965
2114,1937,1959,1963
2115,1922,1937,1963
2116,1959,1937,1938
2117,1938,1937,1915
2118,1937,1922,1915
2119,1857,1892,1903
2120,1872,1892,1857
2121,1892,1914,1903
2122,1914,1892,1893
2123,1892,1872,1893
2124,1981,1971,1988
2125,2008,1981,1988
2126,1981,2008,2004
2127,1987,1981,2004
2128,1970,1981,1987
2129,1716,1653,1663
2130,1653,1682,1652
2131,1682,1653,1716
2132,1757,1716,1750
2133,1806,1783,1814
2134,1758,1783,1750
2135,1799,1807,1819
2136,1791,1799,1819
2137,1799,1773,1807
2138,1703,1688,1717
2139,1856,1891,1907
2140,1891,1913,1907
2141,1913,1891,1903
2142,1847,1891,1856
2143,1929,1912,1907
2144,1945,1912,1929
2145,1857,1848,1819
2146,1848,1847,1819
2147,1848,1857,1903
2148,1891,1848,1903
2149,1848,1891,1847
2150,1917,1898,1953
2151,1898,1882,1869
2152,1953,1898,1869
2153,1898,1917,1897
2154,2002,1953,2025
2155,2002,1984,1953
2156,1984,1961,1953
2157,1961,1917,1953
2158,1917,1961,1940
2159,2052,2041,2025
2160,1924,1925,1941
2161,1947,1924,1941
2162,1924,1947,1923
2163,1924,1923,1904
2164,1925,1924,1904
2165,1894,1876,1897
2166,1894,1875,1876
2167,1910,1894,1897
2168,1908,1894,1910
2169,1875,1894,1908
2170,1980,1998,1977
2171,2002,1980,1984
2172,1980,2002,1998
2173,1979,1995,1990
2174,1998,1995,1979
2175,1881,1859,1882
2176,1859,1881,1876
2177,1898,1881,1882
2178,1876,1881,1897
2179,1881,1898,1897
2180,1725,1707,1679
2181,1725,1679,1694
2182,1725,1754,1729
2183,1707,1725,1729
2184,1725,1755,1754
2185,1718,1725,1694
2186,1755,1725,1718
2187,2017,2026,2032
2188,2026,2017,2009
2189,2013,2026,2009
2190,2051,2050,2058
2191,2049,2051,2058
2192,2050,2051,2033
2193,2051,2049,2033
2194,2049,2057,2048
2195,2061,2057,2062
2196,2057,2058,2062
2197,2057,2049,2058
2198,2057,2061,2056
2199,2047,2057,2056
2200,2057,2047,2048
2201,2036,2018,2033
2202,2049,2036,2033
2203,2036,2013,2018
2204,2036,2026,2013
2205,2036,2049,2048
2206,2029,2038,2028
2207,2021,2029,2028
2208,2030,2021,2016
2209,2031,2030,2016
2210,2029,2030,2038
2211,2030,2029,2021
2212,2039,2031,2045
2213,2039,2045,2054
2214,2038,2039,2054
2215,2030,2039,2038
2216,2039,2030,2031
2217,1500,1508,1468
2218,1500,1468,1435
2219,1509,1500,1435
2220,1517,1423,1461
2221,1508,1517,1461
2222,1480,1517,1529
2223,1517,1480,1423
2224,1517,1589,1529
2225,1555,1595,1589
2226,1517,1555,1589
2227,1555,1517,1508
2228,1499,1528,1587
2229,1515,1499,1587
2230,1499,1479,1528
2231,1479,1445,1422
2232,1445,1359,1422
2233,1445,1406,1359
2234,1406,1445,1444
2235,1445,1499,1444
2236,1499,1445,1479
2237,1554,1567,1537
2238,1554,1588,1567
2239,1516,1554,1537
2240,1554,1516,1529
2241,1588,1554,1529
2242,1344,1350,1310
2243,1350,1344,1381
2244,1345,1344,1310
2245,1344,1345,1389
2246,1381,1344,1389
2247,1350,1331,1275
2248,1331,1387,1343
2249,1294,1331,1343
2250,1466,1434,1460
2251,1434,1474,1443
2252,1434,1466,1491
2253,1474,1434,1491
2254,1274,1321,1284
2255,1321,1274,1308
2256,1622,1565,1623
2257,1565,1622,1593
2258,1527,1565,1526
2259,1558,1565,1593
2260,1565,1558,1526
2261,683,684,746
2262,631,684,683
2263,684,631,672
2264,684,762,746
2265,713,684,672
2266,684,713,762
2267,620,663,725
2268,697,663,654
2269,663,620,597
2270,620,602,562
2271,631,602,672
2272,602,620,672
2273,673,624,585
2274,796,755,803
2275,755,796,714
2276,836,877,863
2277,796,754,714
2278,836,754,796
2279,685,697,654
2280,793,685,706
2281,697,685,793
2282,664,665,714
2283,1274,1259,1308
2284,1308,1259,1315
2285,1259,1241,1315
2286,1442,1443,1498
2287,1478,1525,1513
2288,1478,1459,1433
2289,1497,1478,1513
2290,1459,1478,1497
2291,1283,1220,1284
2292,948,1010,968
2293,968,1010,1066
2294,1010,1083,1066
2295,1003,1010,948
2296,1084,1003,1004
2297,1003,1084,1083
2298,1010,1003,1083
2299,914,957,913
2300,1003,957,1004
2301,957,1011,1004
2302,957,948,913
2303,957,1003,948
2304,1181,1156,1128
2305,1220,1156,1181
2306,797,798,837
2307,798,797,727
2308,848,812,849
2309,812,763,793
2310,1053,1105,1096
2311,1034,1053,1096
2312,1182,1129,1096
2313,1129,1181,1128
2314,1129,1182,1181
2315,1260,1241,1222
2316,1260,1222,1211
2317,1241,1260,1315
2318,1260,1309,1315
2319,1294,1260,1211
2320,1309,1260,1294
2321,1241,1183,1222
2322,1183,1157,1222
2323,1157,1183,1143
2324,1143,1183,1196
2325,1183,1259,1196
2326,1259,1183,1241
2327,1115,1070,1087
2328,1157,1115,1087
2329,1115,1143,1070
2330,1115,1157,1143
2331,1144,1097,1088
2332,1036,939,940
2333,939,894,940
2334,894,939,849
2335,939,848,849
2336,1130,1133,1088
2337,1144,1133,1177
2338,1133,1144,1088
2339,1133,1130,1173
2340,1133,1216,1177
2341,1216,1133,1173
2342,1214,1144,1177
2343,1276,1215,1296
2344,1215,1216,1296
2345,1214,1215,1276
2346,1216,1215,1177
2347,1215,1214,1177
2348,674,715,673
2349,708,715,674
2350,755,715,826
2351,715,827,826
2352,1013,972,973
2353,972,1013,1012
2354,971,972,1012
2355,879,826,880
2356,879,845,826
2357,923,894,863
2358,894,923,940
2359,877,923,863
2360,923,995,940
2361,923,970,995
2362,407,362,363
2363,443,407,408
2364,407,363,408
2365,362,407,399
2366,407,442,399
2367,407,443,442
2368,688,642,699
2369,632,642,688
2370,1092,985,1039
2371,1026,985,1092
2372,960,985,1026
2373,896,917,852
2374,896,960,917
2375,896,985,960
2376,815,896,852
2377,1093,1028,1100
2378,1073,1093,1147
2379,1093,1073,1027
2380,1028,1093,1027
2381,1093,1148,1147
2382,1148,1093,1100
2383,1137,1136,1101
2384,1136,1137,1231
2385,1136,1279,1243
2386,1279,1136,1231
2387,1136,1109,1101
2388,869,855,930
2389,855,818,819
2390,818,855,869
2391,839,855,819
2392,920,855,839
2393,1138,1139,1197
2394,1138,1075,1139
2395,1189,1138,1197
2396,1075,1138,1074
2397,1137,1138,1189
2398,1138,1137,1074
2399,984,1058,1057
2400,1058,984,1026
2401,1108,1058,1026
2402,983,984,1057
2403,983,998,928
2404,1146,1205,1186
2405,1108,1146,1186
2406,781,817,806
2407,817,781,782
2408,817,782,868
2409,854,817,868
2410,1072,1073,1117
2411,1072,1040,1073
2412,1040,1072,1039
2413,1072,1092,1039
2414,1072,1117,1092
2415,1352,1362,1401
2416,1362,1352,1325
2417,1362,1363,1401
2418,1362,1317,1363
2419,1317,1362,1325
2420,1639,1626,1657
2421,1626,1649,1657
2422,1626,1590,1649
2423,1649,1591,1592
2424,1590,1591,1649
2425,1591,1557,1592
2426,1591,1521,1557
2427,1591,1590,1521
2428,1550,1502,1492
2429,1520,1550,1492
2430,1264,1229,1278
2431,1228,1229,1264
2432,1178,1229,1174
2433,1229,1228,1174
2434,1265,1229,1230
2435,1278,1229,1265
2436,1229,1187,1230
2437,1187,1229,1178
2438,1452,1482,1436
2439,1409,1452,1436
2440,1482,1452,1469
2441,1382,1323,1346
2442,1382,1409,1323
2443,1452,1382,1469
2444,1382,1452,1409
2445,1361,1382,1346
2446,1559,1576,1539
2447,1575,1576,1608
2448,1539,1576,1575
2449,1576,1596,1608
2450,1576,1559,1596
2451,1484,1454,1502
2452,1484,1502,1519
2453,1483,1484,1519
2454,1425,1361,1410
2455,1425,1382,1361
2456,1425,1470,1469
2457,1382,1425,1469
2458,1324,1279,1372
2459,1383,1324,1372
2460,1279,1324,1287
2461,1287,1324,1265
2462,1324,1361,1265
2463,1361,1324,1410
2464,1324,1383,1410
2465,1162,1163,1203
2466,1203,1163,1226
2467,1262,1251,1203
2468,1335,1262,1263
2469,1251,1262,1298
2470,1263,1262,1226
2471,1262,1203,1226
2472,1298,1262,1351
2473,1262,1335,1351
2474,866,851,950
2475,906,866,950
2476,866,906,828
2477,1058,1099,1057
2478,1099,1058,1108
2479,1099,1108,1186
2480,1164,1099,1186
2481,235,269,268
2482,241,235,268
2483,235,241,210
2484,153,169,209
2485,131,118,100
2486,118,131,153
2487,100,118,219
2488,118,153,219
2489,266,299,298
2490,266,267,299
2491,267,266,234
2492,245,266,298
2493,234,266,245
2494,202,241,209
2495,241,202,210
2496,169,202,209
2497,444,438,477
2498,459,444,477
2499,444,459,425
2500,391,444,425
2501,364,349,328
2502,349,319,328
2503,319,349,327
2504,349,355,327
2505,355,349,391
2506,290,291,327
2507,291,290,261
2508,291,319,327
2509,291,261,279
2510,319,291,279
2511,269,259,307
2512,259,290,307
2513,259,235,236
2514,235,259,269
2515,174,190,167
2516,174,167,147
2517,190,174,212
2518,174,160,191
2519,237,174,191
2520,174,237,212
2521,133,174,147
2522,174,133,160
2523,1472,1426,1473
2524,1503,1472,1473
2525,1472,1503,1511
2526,1472,1511,1471
2527,1420,1472,1471
2528,1472,1420,1426
2529,1627,1592,1569
2530,1551,1627,1569
2531,1560,1627,1551
2532,1666,1636,1611
2533,1636,1560,1579
2534,1611,1636,1579
2535,1686,1659,1713
2536,1686,1712,1680
2537,1712,1686,1713
2538,1756,1720,1779
2539,1504,1543,1542
2540,1581,1543,1544
2541,1543,1505,1544
2542,1543,1504,1505
2543,1612,1611,1579
2544,1612,1666,1611
2545,1672,1612,1660
2546,1612,1672,1666
2547,1672,1719,1699
2548,1666,1672,1699
2549,1448,1412,1377
2550,1412,1448,1428
2551,1392,1412,1428
2552,1412,1301,1377
2553,1412,1392,1301
2554,1667,1637,1690
2555,1612,1629,1660
2556,1629,1667,1660
2557,1667,1629,1637
2558,1459,1397,1433
2559,1433,1397,1367
2560,1477,1432,1459
2561,1432,1404,1395
2562,1393,1394,1430
2563,1122,1169,1154
2564,1169,1209,1154
2565,1124,1123,1081
2566,1123,1122,1081
2567,1170,1123,1124
2568,1123,1170,1180
2569,1123,1169,1122
2570,1169,1123,1180
2571,1248,1249,1312
2572,1248,1170,1249
2573,1170,1248,1180
2574,1201,1155,1171
2575,1192,1155,1201
2576,1155,1192,1142
2577,1155,1083,1171
2578,1083,1155,1066
2579,1155,1142,1066
2580,1192,1200,1125
2581,1170,1200,1249
2582,1200,1124,1125
2583,1200,1170,1124
2584,1862,1833,1838
2585,1832,1833,1862
2586,1833,1832,1804
2587,1887,1899,1877
2588,1887,1918,1899
2589,1862,1887,1877
2590,1884,1887,1862
2591,1932,1906,1933
2592,1933,1906,1920
2593,1906,1889,1920
2594,1905,1887,1884
2595,1905,1906,1932
2596,1918,1905,1926
2597,1887,1905,1918
2598,1764,1737,1738
2599,1737,1764,1779
2600,1720,1737,1779
2601,1737,1720,1690
2602,1886,1885,1851
2603,1901,1885,1886
2604,1885,1901,1900
2605,1851,1885,1890
2606,1885,1900,1890
2607,1886,1863,1871
2608,1863,1846,1871
2609,1825,1806,1814
2610,1806,1825,1796
2611,1846,1852,1871
2612,1852,1825,1814
2613,1825,1852,1846
2614,1771,1749,1740
2615,1749,1771,1748
2616,1748,1771,1782
2617,1770,1721,1733
2618,1794,1761,1805
2619,1761,1770,1805
2620,1761,1721,1770
2621,1761,1794,1760
2622,1614,1615,1641
2623,1669,1614,1641
2624,1614,1582,1571
2625,1615,1614,1571
2626,1614,1669,1668
2627,1733,1710,1722
2628,1651,1615,1583
2629,1615,1651,1641
2630,1630,1661,1637
2631,1640,1662,1605
2632,1662,1640,1673
2633,1546,1493,1533
2634,1493,1546,1506
2635,1456,1493,1506
2636,1493,1457,1533
2637,1493,1456,1457
2638,1545,1546,1582
2639,1546,1545,1506
2640,1487,1494,1547
2641,1464,1494,1487
2642,1494,1464,1488
2643,1494,1534,1547
2644,1534,1494,1488
2645,1303,1366,1311
2646,1366,1303,1386
2647,1247,1303,1270
2648,1247,1270,1152
2649,1199,1247,1152
2650,1254,1247,1199
2651,1394,1330,1304
2652,1330,1394,1393
2653,1303,1330,1386
2654,1330,1393,1386
2655,1267,1252,1301
2656,1166,1252,1175
2657,1252,1166,1218
2658,1252,1217,1175
2659,1252,1267,1217
2660,1376,1427,1384
2661,1376,1392,1427
2662,1337,1376,1384
2663,1267,1376,1337
2664,1392,1376,1267
2665,947,1002,1009
2666,1002,1050,1009
2667,1002,947,977
2668,1050,1120,1063
2669,1120,1150,1063
2670,1150,1120,1176
2671,1150,1190,1218
2672,1190,1150,1176
2673,1302,1319,1240
2674,1319,1379,1378
2675,1319,1282,1240
2676,1120,1206,1176
2677,1206,1120,1191
2678,1206,1282,1268
2679,1206,1191,1240
2680,1282,1206,1240
2681,1064,1021,1051
2682,1245,1167,1207
2683,1270,1235,1152
2684,1269,1235,1270
2685,1291,1208,1269
2686,1208,1235,1269
2687,1121,1111,1051
2688,1111,1064,1051
2689,1064,1111,1110
2690,1111,1208,1207
2691,1167,1111,1207
2692,1111,1167,1110
2693,1340,1269,1311
2694,1340,1291,1269
2695,1347,1319,1302
2696,1319,1347,1379
2697,1379,1385,1414
2698,1456,1385,1415
2699,1385,1456,1414
2700,1347,1385,1379
2701,1385,1380,1415
2702,1385,1347,1380
2703,1246,1245,1207
2704,1208,1246,1207
2705,1246,1208,1291
2706,579,523,627
2707,523,543,592
2708,627,523,592
2709,523,579,509
2710,543,523,491
2711,523,509,491
2712,701,648,649
2713,648,701,700
2714,639,648,700
2715,481,482,517
2716,482,522,517
2717,482,431,440
2718,482,481,431
2719,482,440,495
2720,522,482,495
2721,570,601,651
2722,601,670,651
2723,601,570,550
2724,601,534,578
2725,534,601,550
2726,507,549,472
2727,507,558,549
2728,461,507,472
2729,507,461,508
2730,558,507,508
2731,419,445,453
2732,410,419,453
2733,445,419,369
2734,419,360,369
2735,419,410,360
2736,402,461,409
2737,402,410,461
2738,768,710,740
2739,710,677,740
2740,710,768,729
2741,691,710,729
2742,710,691,635
2743,677,710,635
2744,541,533,589
2745,533,568,589
2746,504,533,541
2747,533,504,505
2748,533,505,548
2749,568,533,548
2750,42,49,51
2751,32,42,51
2752,49,42,43
2753,43,42,20
2754,42,32,20
2755,148,121,149
2756,110,121,148
2757,121,110,103
2758,121,140,149
2759,121,103,104
2760,140,121,104
2761,124,99,125
2762,130,99,83
2763,125,99,130
2764,116,123,151
2765,123,139,151
2766,123,116,93
2767,94,123,93
2768,112,113,128
2769,128,113,127
2770,113,90,127
2771,90,113,85
2772,113,112,85
2773,230,281,229
2774,230,253,281
2775,230,229,205
2776,206,230,205
2777,253,230,206
2778,270,302,301
2779,255,270,301
2780,194,239,217
2781,239,194,240
2782,286,277,240
2783,312,277,286
2784,277,239,240
2785,239,277,312
2786,344,312,373
2787,344,239,312
2788,193,172,217
2789,168,172,146
2790,172,143,146
2791,172,193,143
2792,172,194,217
2793,194,172,168
2794,317,309,285
2795,366,309,317
2796,233,275,285
2797,233,250,275
2798,249,233,285
2799,233,208,200
2800,208,233,249
2801,233,200,215
2802,250,233,215
2803,310,350,317
2804,310,317,285
2805,275,310,285
2806,350,385,371
2807,385,411,371
2808,385,441,411
2809,293,300,339
2810,300,340,339
2811,340,300,308
2812,300,263,242
2813,263,300,293
2814,246,300,242
2815,308,300,246
2816,470,469,428
2817,469,516,505
2818,469,470,516
2819,358,394,393
2820,358,384,331
2821,358,393,384
2822,272,294,330
2823,294,295,330
2824,264,228,295
2825,294,264,295
2826,264,272,247
2827,264,294,272
2828,227,178,199
2829,228,227,199
2830,178,227,191
2831,227,247,191
2832,227,264,247
2833,264,227,228
2834,383,357,330
2835,357,427,392
2836,357,340,330
2837,340,357,392
2838,439,383,428
2839,427,439,468
2840,357,439,427
2841,439,357,383
2842,439,505,468
2843,439,469,505
2844,469,439,428
2845,132,108,109
2846,108,87,109
2847,87,108,102
2848,102,108,120
2849,108,132,120
2850,34,44,47
2851,29,44,34
2852,44,52,47
2853,52,44,39
2854,44,29,39
2855,12,22,11
2856,11,22,21
2857,22,29,21
2858,29,22,39
2859,27,26,18
2860,33,26,27
2861,26,38,18
2862,26,33,38
2863,938,862,915
2864,862,938,843
2865,862,848,915
2866,958,938,915
2867,938,994,993
2868,958,994,938
2869,736,682,744
2870,682,736,735
2871,736,744,811
2872,751,752,792
2873,792,752,824
2874,752,802,824
2875,594,551,525
2876,513,594,525
2877,704,751,750
2878,704,661,705
2879,704,682,628
2880,744,704,750
2881,682,704,744
2882,696,662,630
2883,662,696,705
2884,661,662,705
2885,535,571,561
2886,571,611,561
2887,810,861,790
2888,875,861,810
2889,861,809,790
2890,861,875,911
2891,475,519,474
2892,519,475,502
2893,536,499,500
2894,536,537,572
2895,537,536,500
2896,596,536,572
2897,536,596,582
2898,499,536,582
2899,501,458,474
2900,501,537,500
2901,458,501,500
2902,388,405,368
2903,458,405,388
2904,405,458,416
2905,380,405,416
2906,405,380,368
2907,448,483,457
2908,422,448,457
2909,448,377,414
2910,377,448,422
2911,483,448,513
2912,449,448,414
2913,448,484,513
2914,448,449,484
2915,551,512,525
2916,512,483,525
2917,483,512,457
2918,512,551,545
2919,512,545,511
2920,463,512,511
2921,512,463,457
2922,367,404,374
2923,404,367,375
2924,375,367,336
2925,367,286,336
2926,312,367,374
2927,367,312,286
2928,413,404,447
2929,433,413,447
2930,404,413,374
2931,413,373,374
2932,413,433,373
2933,935,991,978
2934,935,910,991
2935,934,935,978
2936,874,935,934
2937,910,935,874
2938,679,722,721
2939,722,788,721
2940,788,722,723
2941,723,722,680
2942,722,679,680
2943,800,788,833
2944,800,873,872
2945,800,833,873
2946,832,800,872
2947,788,800,721
2948,800,832,775
2949,1624,1587,1594
2950,1633,1624,1594
2951,1678,1624,1664
2952,1624,1633,1664
2953,1617,1566,1586
2954,1617,1616,1566
2955,1616,1617,1643
2956,1617,1644,1643
2957,1677,1618,1678
2958,1644,1618,1677
2959,1618,1624,1678
2960,1617,1618,1644
2961,1624,1618,1587
2962,1587,1618,1586
2963,1618,1617,1586
2964,1742,1729,1775
2965,1742,1711,1729
2966,1742,1775,1753
2967,1706,1742,1753
2968,1711,1742,1706
2969,1606,1653,1652
2970,1715,1682,1716
2971,1715,1757,1740
2972,1757,1715,1716
2973,1682,1715,1681
2974,1749,1715,1740
2975,1715,1749,1722
2976,1681,1715,1722
2977,1777,1757,1750
2978,1783,1777,1750
2979,1777,1783,1806
2980,1777,1806,1796
2981,1757,1777,1740
2982,1777,1771,1740
2983,1771,1777,1796
2984,1728,1702,1734
2985,1702,1703,1734
2986,1702,1631,1632
2987,1716,1701,1750
2988,1855,1836,1856
2989,1799,1741,1773
2990,1741,1717,1704
2991,1773,1741,1704
2992,1741,1799,1791
2993,1772,1741,1791
2994,1741,1703,1717
2995,1703,1741,1734
2996,1703,1654,1688
2997,1688,1654,1655
2998,1654,1702,1632
2999,1702,1654,1703
3000,1602,1654,1632
3001,1654,1602,1607
3002,1655,1654,1607
3003,1931,1945,1951
3004,1931,1912,1945
3005,1912,1931,1902
3006,1950,1931,1951
3007,1911,1931,1950
3008,1931,1911,1902
3009,1878,1855,1907
3010,2041,2034,2025
3011,2043,2034,2044
3012,1961,1960,1940
3013,1940,1960,1939
3014,1960,1961,1984
3015,1980,1960,1984
3016,1960,1977,1939
3017,1960,1980,1977
3018,2037,2036,2048
3019,2036,2037,2026
3020,2047,2037,2048
3021,2037,2047,2032
3022,2026,2037,2032
3023,1555,1556,1595
3024,1595,1556,1568
3025,1500,1556,1508
3026,1556,1555,1508
3027,1556,1509,1568
3028,1556,1500,1509
3029,1499,1475,1444
3030,1475,1499,1515
3031,1475,1515,1460
3032,1331,1295,1275
3033,1295,1331,1294
3034,1369,1331,1350
3035,1423,1369,1388
3036,1369,1350,1388
3037,1369,1423,1387
3038,1331,1369,1387
3039,1434,1418,1460
3040,1475,1418,1444
3041,1418,1475,1460
3042,1418,1406,1444
3043,1418,1368,1406
3044,1434,1399,1400
3045,1399,1434,1443
3046,1399,1357,1400
3047,1585,1527,1566
3048,1585,1565,1527
3049,1616,1585,1566
3050,1585,1616,1623
3051,1565,1585,1623
3052,584,621,597
3053,621,663,597
3054,663,621,654
3055,583,602,631
3056,583,631,572
3057,537,583,572
3058,665,707,714
3059,707,755,714
3060,715,707,673
3061,707,715,755
3062,755,804,803
3063,804,755,826
3064,804,845,803
3065,845,804,826
3066,878,836,796
3067,836,878,877
3068,878,796,803
3069,845,878,803
3070,941,878,924
3071,878,941,877
3072,970,941,1006
3073,923,941,970
3074,941,923,877
3075,794,793,706
3076,794,844,793
3077,844,794,863
3078,685,655,706
3079,664,686,622
3080,686,655,622
3081,754,686,714
3082,686,664,714
3083,686,754,706
3084,655,686,706
3085,623,624,665
3086,664,623,665
3087,624,623,585
3088,623,664,622
3089,539,538,502
3090,538,519,502
3091,519,538,562
3092,562,538,597
3093,538,584,597
3094,622,554,555
3095,1259,1221,1196
3096,1221,1259,1274
3097,1221,1182,1196
3098,1182,1221,1181
3099,1221,1220,1181
3100,1220,1221,1274
3101,1514,1451,1498
3102,1451,1442,1498
3103,1442,1451,1417
3104,1451,1514,1525
3105,1478,1451,1525
3106,1417,1451,1433
3107,1451,1478,1433
3108,1283,1273,1220
3109,1442,1405,1443
3110,1405,1442,1417
3111,1011,937,993
3112,957,937,1011
3113,938,937,893
3114,937,938,993
3115,937,914,893
3116,937,957,914
3117,1126,1194,1193
3118,1114,1069,1128
3119,1156,1114,1128
3120,1069,1114,1085
3121,797,778,727
3122,726,663,697
3123,663,726,725
3124,726,763,725
3125,1053,1067,1105
3126,1143,1067,1070
3127,1067,1143,1105
3128,1086,1034,1096
3129,1129,1086,1096
3130,1086,1129,1128
3131,1034,1086,1033
3132,1086,1069,1033
3133,1069,1086,1128
3134,826,864,880
3135,827,864,826
3136,902,971,924
3137,971,902,925
3138,902,879,925
3139,878,902,924
3140,879,902,845
3141,902,878,845
3142,699,643,689
3143,642,643,699
3144,961,1040,1039
3145,985,961,1039
3146,1040,961,951
3147,1149,1109,1136
3148,1149,1136,1243
3149,1149,1148,1100
3150,1109,1149,1100
3151,1188,1149,1243
3152,1148,1149,1188
3153,1059,988,999
3154,1059,999,1101
3155,1109,1059,1101
3156,855,952,930
3157,952,855,920
3158,952,988,930
3159,988,952,999
3160,952,920,999
3161,984,929,867
3162,983,929,984
3163,867,929,884
3164,929,928,884
3165,929,983,928
3166,1048,983,1057
3167,1099,1048,1057
3168,1048,1099,1164
3169,1135,1108,1092
3170,1135,1146,1108
3171,1135,1092,1174
3172,1227,1135,1174
3173,1205,1135,1227
3174,1146,1135,1205
3175,1550,1540,1502
3176,1540,1550,1577
3177,1502,1540,1519
3178,1540,1596,1519
3179,1596,1540,1647
3180,1540,1609,1647
3181,1609,1540,1577
3182,1578,1520,1541
3183,1578,1550,1520
3184,1550,1578,1577
3185,1590,1578,1541
3186,1578,1609,1577
3187,1648,1609,1639
3188,1609,1648,1647
3189,1648,1639,1685
3190,1647,1648,1685
3191,1453,1484,1483
3192,1453,1425,1410
3193,1454,1453,1410
3194,1484,1453,1454
3195,1453,1483,1470
3196,1425,1453,1470
3197,998,1056,997
3198,866,829,851
3199,738,829,828
3200,829,866,828
3201,235,211,236
3202,211,235,210
3203,119,100,101
3204,119,131,100
3205,95,114,81
3206,114,119,101
3207,119,114,136
3208,72,114,101
3209,81,114,72
3210,202,170,210
3211,170,202,169
3212,444,400,438
3213,400,444,391
3214,438,400,401
3215,400,364,401
3216,400,349,364
3217,349,400,391
3218,326,355,354
3219,326,354,307
3220,290,326,307
3221,326,290,327
3222,355,326,327
3223,390,391,425
3224,390,355,391
3225,355,390,354
3226,390,425,450
3227,390,450,408
3228,354,390,408
3229,290,260,261
3230,259,260,290
3231,261,260,236
3232,260,259,236
3233,1659,1671,1697
3234,1697,1671,1698
3235,1671,1666,1698
3236,1671,1636,1666
3237,1649,1658,1680
3238,1658,1686,1680
3239,1686,1658,1659
3240,1658,1627,1659
3241,1658,1649,1592
3242,1627,1658,1592
3243,1756,1747,1719
3244,1763,1747,1780
3245,1731,1747,1763
3246,1719,1747,1699
3247,1747,1731,1699
3248,1780,1776,1810
3249,1776,1756,1779
3250,1747,1776,1780
3251,1776,1747,1756
3252,1776,1822,1810
3253,1776,1779,1822
3254,1708,1756,1719
3255,1708,1720,1756
3256,1708,1672,1660
3257,1672,1708,1719
3258,1667,1708,1660
3259,1720,1708,1690
3260,1708,1667,1690
3261,1543,1580,1542
3262,1580,1543,1581
3263,1542,1580,1579
3264,1580,1612,1579
3265,1629,1580,1581
3266,1580,1629,1612
3267,1603,1581,1544
3268,1629,1603,1637
3269,1603,1629,1581
3270,1552,1603,1544
3271,1603,1552,1597
3272,1630,1603,1597
3273,1603,1630,1637
3274,1200,1257,1249
3275,1271,1257,1192
3276,1257,1200,1192
3277,1272,1192,1250
3278,1272,1271,1192
3279,1272,1313,1271
3280,1313,1348,1271
3281,1348,1257,1271
3282,1355,1313,1367
3283,1397,1355,1367
3284,1355,1348,1313
3285,1348,1355,1397
3286,1396,1432,1395
3287,1348,1396,1395
3288,1396,1348,1397
3289,1396,1397,1459
3290,1432,1396,1459
3291,1490,1432,1477
3292,1490,1523,1489
3293,1523,1490,1524
3294,1490,1477,1524
3295,1440,1441,1489
3296,1441,1490,1489
3297,1441,1404,1432
3298,1490,1441,1432
3299,1431,1440,1465
3300,1431,1465,1430
3301,1394,1431,1430
3302,1209,1210,1255
3303,1169,1210,1209
3304,1210,1169,1180
3305,1788,1833,1804
3306,1764,1788,1804
3307,1905,1930,1926
3308,1930,1905,1932
3309,1926,1930,1954
3310,1930,1932,1954
3311,1905,1888,1906
3312,1889,1888,1866
3313,1906,1888,1889
3314,1888,1905,1884
3315,1888,1850,1866
3316,1888,1884,1850
3317,1895,1909,1871
3318,1895,1911,1909
3319,1852,1895,1871
3320,1911,1895,1902
3321,1956,1911,1950
3322,1956,1950,1969
3323,1986,1956,1969
3324,1978,1956,1986
3325,1863,1843,1846
3326,1825,1843,1796
3327,1843,1825,1846
3328,1843,1851,1835
3329,1843,1886,1851
3330,1843,1863,1886
3331,1783,1815,1814
3332,1817,1843,1835
3333,1843,1817,1796
3334,1669,1691,1668
3335,1691,1709,1668
3336,1761,1732,1721
3337,1691,1732,1709
3338,1732,1691,1721
3339,1732,1761,1760
3340,1640,1613,1668
3341,1613,1614,1668
3342,1614,1613,1582
3343,1613,1640,1605
3344,1692,1691,1669
3345,1691,1692,1721
3346,1721,1692,1733
3347,1692,1710,1733
3348,1674,1651,1681
3349,1651,1674,1641
3350,1674,1669,1641
3351,1674,1692,1669
3352,1692,1674,1710
3353,1572,1620,1583
3354,1620,1651,1583
3355,1606,1620,1572
3356,1651,1620,1652
3357,1620,1606,1652
3358,1630,1650,1661
3359,1570,1545,1582
3360,1570,1613,1605
3361,1613,1570,1582
3362,1532,1463,1506
3363,1545,1532,1506
3364,1532,1512,1476
3365,1463,1532,1476
3366,1570,1532,1545
3367,1512,1532,1561
3368,1532,1570,1561
3369,1429,1421,1458
3370,1366,1421,1429
3371,1421,1366,1386
3372,1421,1464,1458
3373,1393,1421,1386
3374,1421,1393,1464
3375,1292,1330,1303
3376,1292,1247,1254
3377,1247,1292,1303
3378,1292,1254,1304
3379,1330,1292,1304
3380,1253,1268,1338
3381,1301,1253,1338
3382,1252,1253,1301
3383,1253,1252,1218
3384,1043,1002,977
3385,1318,1282,1319
3386,1364,1318,1378
3387,1318,1319,1378
3388,1282,1318,1268
3389,1318,1364,1338
3390,1268,1318,1338
3391,1234,1206,1268
3392,1190,1234,1218
3393,1234,1190,1176
3394,1206,1234,1176
3395,1234,1253,1218
3396,1253,1234,1268
3397,1168,1111,1121
3398,1111,1168,1208
3399,1208,1168,1235
3400,1235,1168,1152
3401,1168,1103,1152
3402,1168,1121,1103
3403,1366,1365,1311
3404,1365,1340,1311
3405,1365,1366,1429
3406,1365,1429,1416
3407,1340,1365,1416
3408,1340,1329,1291
3409,1380,1329,1416
3410,1329,1340,1416
3411,1245,1290,1302
3412,1246,1290,1245
3413,1290,1246,1291
3414,1329,1290,1291
3415,607,558,608
3416,607,648,639
3417,607,639,591
3418,558,607,591
3419,616,601,578
3420,601,616,670
3421,579,616,578
3422,616,579,640
3423,670,616,721
3424,679,616,640
3425,616,679,721
3426,410,359,360
3427,402,359,410
3428,360,359,333
3429,359,341,333
3430,341,359,365
3431,365,359,409
3432,359,402,409
3433,123,117,139
3434,117,124,152
3435,139,117,152
3436,117,99,124
3437,302,265,296
3438,270,265,302
3439,243,265,232
3440,265,243,296
3441,231,255,207
3442,231,270,255
3443,231,265,270
3444,265,231,232
3445,231,196,232
3446,231,207,196
3447,420,372,373
3448,372,344,373
3449,311,310,275
3450,311,344,350
3451,310,311,350
3452,284,303,248
3453,256,284,248
3454,394,320,365
3455,358,320,394
3456,365,320,332
3457,320,282,332
3458,282,320,281
3459,281,320,331
3460,320,358,331
3461,23,13,28
3462,23,40,39
3463,40,23,28
3464,22,23,39
3465,23,12,13
3466,23,22,12
3467,848,825,812
3468,862,825,848
3469,825,763,812
3470,825,862,843
3471,1005,1053,1034
3472,994,1005,1034
3473,1005,994,958
3474,761,736,811
3475,736,761,735
3476,810,761,811
3477,761,790,735
3478,761,810,790
3479,752,737,802
3480,802,737,753
3481,737,752,705
3482,696,737,705
3483,753,737,712
3484,737,696,712
3485,594,629,628
3486,629,704,628
3487,704,629,661
3488,593,594,628
3489,594,593,551
3490,619,593,628
3491,545,593,619
3492,551,593,545
3493,581,545,619
3494,618,581,619
3495,581,571,535
3496,581,535,511
3497,545,581,511
3498,861,860,809
3499,809,860,834
3500,860,874,834
3501,860,910,874
3502,519,518,474
3503,518,501,474
3504,501,518,537
3505,518,583,537
3506,583,518,602
3507,602,518,562
3508,518,519,562
3509,741,775,734
3510,741,800,775
3511,800,741,721
3512,670,741,734
3513,741,670,721
3514,1606,1598,1653
3515,1702,1676,1631
3516,1676,1702,1728
3517,1701,1676,1728
3518,1631,1676,1642
3519,1642,1675,1663
3520,1675,1716,1663
3521,1675,1701,1716
3522,1676,1675,1642
3523,1675,1676,1701
3524,1727,1701,1728
3525,1727,1758,1750
3526,1701,1727,1750
3527,1778,1765,1789
3528,1741,1765,1734
3529,1765,1741,1772
3530,1765,1798,1789
3531,1798,1765,1772
3532,1836,1797,1789
3533,1797,1778,1789
3534,1797,1815,1783
3535,1797,1783,1758
3536,1778,1797,1758
3537,1896,1912,1902
3538,1912,1896,1907
3539,1896,1878,1907
3540,2034,2040,2044
3541,2040,2034,2041
3542,2040,2041,2052
3543,2044,2040,2055
3544,2040,2052,2055
3545,2007,1995,1998
3546,1418,1358,1368
3547,1357,1358,1400
3548,1358,1434,1400
3549,1358,1418,1434
3550,1358,1357,1321
3551,1368,1358,1308
3552,1358,1321,1308
3553,1320,1399,1356
3554,1320,1357,1399
3555,1320,1356,1314
3556,1320,1283,1284
3557,1273,1320,1314
3558,1320,1273,1283
3559,1321,1320,1284
3560,1357,1320,1321
3561,707,666,673
3562,666,707,665
3563,666,624,673
3564,624,666,665
3565,795,754,836
3566,795,836,863
3567,794,795,863
3568,754,795,706
3569,795,794,706
3570,575,555,585
3571,623,575,585
3572,575,622,555
3573,575,623,622
3574,526,539,502
3575,555,526,406
3576,526,502,406
3577,554,526,555
3578,1405,1349,1356
3579,1356,1349,1314
3580,1349,1293,1314
3581,1349,1417,1367
3582,1349,1405,1417
3583,1399,1398,1356
3584,1398,1399,1443
3585,1398,1405,1356
3586,1405,1398,1443
3587,1194,1258,1193
3588,1258,1250,1193
3589,1258,1293,1250
3590,1293,1258,1314
3591,1258,1273,1314
3592,1273,1195,1220
3593,1195,1156,1220
3594,1258,1195,1273
3595,1195,1258,1194
3596,1127,1126,1085
3597,1114,1127,1085
3598,1127,1114,1156
3599,1195,1127,1156
3600,1127,1194,1126
3601,1127,1195,1194
3602,778,716,727
3603,716,778,708
3604,727,716,667
3605,716,708,667
3606,764,715,708
3607,778,764,708
3608,764,827,715
3609,813,797,837
3610,813,778,797
3611,903,813,837
3612,1035,1036,1070
3613,1067,1035,1070
3614,1035,939,1036
3615,1055,1054,1012
3616,1054,1055,1097
3617,1088,1055,1012
3618,1097,1055,1088
3619,1007,941,924
3620,941,1007,1006
3621,971,1007,924
3622,1007,971,1012
3623,1054,1007,1012
3624,1106,1054,1097
3625,926,916,972
3626,972,916,973
3627,916,926,880
3628,864,916,880
3629,643,633,689
3630,633,675,689
3631,675,633,613
3632,896,918,985
3633,918,961,985
3634,961,918,951
3635,1049,1109,1100
3636,1049,1059,1109
3637,1028,1049,1100
3638,1059,1049,988
3639,1049,1028,987
3640,988,1049,987
3641,1626,1610,1590
3642,1610,1578,1590
3643,1610,1626,1639
3644,1609,1610,1639
3645,1578,1610,1609
3646,1056,1046,997
3647,997,1046,982
3648,982,1046,1071
3649,1047,1056,998
3650,983,1047,998
3651,1048,1047,983
3652,1134,1185,1226
3653,1163,1134,1226
3654,814,738,739
3655,814,829,738
3656,829,814,851
3657,814,739,757
3658,884,814,757
3659,851,814,884
3660,188,195,236
3661,211,188,236
3662,195,188,156
3663,119,135,131
3664,135,119,136
3665,137,95,106
3666,137,114,95
3667,156,137,106
3668,114,137,136
3669,186,211,210
3670,170,186,210
3671,1628,1671,1659
3672,1671,1628,1636
3673,1627,1628,1659
3674,1628,1627,1560
3675,1636,1628,1560
3676,1354,1348,1395
3677,1348,1354,1257
3678,1249,1354,1312
3679,1257,1354,1249
3680,1305,1394,1304
3681,1305,1341,1394
3682,1305,1304,1255
3683,1403,1441,1440
3684,1441,1403,1404
3685,1341,1403,1394
3686,1431,1403,1440
3687,1403,1431,1394
3688,1248,1219,1180
3689,1219,1210,1180
3690,1210,1219,1255
3691,1811,1788,1781
3692,1788,1811,1833
3693,1833,1811,1838
3694,1811,1834,1838
3695,1811,1794,1834
3696,1794,1811,1781
3697,1928,1949,1927
3698,1909,1928,1927
3699,1911,1928,1909
3700,1818,1836,1855
3701,1818,1797,1836
3702,1797,1818,1815
3703,1853,1896,1902
3704,1896,1853,1878
3705,1795,1817,1835
3706,1824,1795,1835
3707,1795,1824,1782
3708,1771,1795,1782
3709,1687,1650,1662
3710,1687,1662,1673
3711,1662,1604,1605
3712,1650,1604,1662
3713,1604,1597,1561
3714,1604,1630,1597
3715,1604,1650,1630
3716,1604,1570,1605
3717,1570,1604,1561
3718,1079,1120,1050
3719,1080,1064,1110
3720,1167,1080,1110
3721,1064,1080,1021
3722,1339,1329,1380
3723,1339,1290,1329
3724,1347,1339,1380
3725,1339,1347,1302
3726,1290,1339,1302
3727,98,123,94
3728,98,117,123
3729,99,98,83
3730,98,94,83
3731,117,98,99
3732,432,412,454
3733,412,420,454
3734,412,372,420
3735,441,395,432
3736,385,395,441
3737,395,412,432
3738,412,395,372
3739,395,385,350
3740,344,395,350
3741,372,395,344
3742,311,276,344
3743,250,276,275
3744,276,311,275
3745,303,321,335
3746,284,321,303
3747,321,284,309
3748,335,321,370
3749,321,366,370
3750,321,309,366
3751,274,256,249
3752,274,284,256
3753,284,274,309
3754,274,249,285
3755,309,274,285
3756,777,713,725
3757,713,777,762
3758,763,777,725
3759,825,777,763
3760,777,843,762
3761,777,825,843
3762,969,1005,958
3763,969,958,915
3764,1035,969,939
3765,848,969,915
3766,939,969,848
3767,552,594,513
3768,552,629,594
3769,552,484,553
3770,484,552,513
3771,1599,1534,1584
3772,1598,1599,1653
3773,1599,1584,1663
3774,1653,1599,1663
3775,1759,1727,1728
3776,1759,1728,1734
3777,1759,1778,1758
3778,1727,1759,1758
3779,1765,1759,1734
3780,1759,1765,1778
3781,1837,1847,1856
3782,1837,1798,1847
3783,1837,1836,1789
3784,1836,1837,1856
3785,1798,1837,1789
3786,1790,1772,1791
3787,1790,1798,1772
3788,1790,1791,1819
3789,1847,1790,1819
3790,1798,1790,1847
3791,2010,2007,1998
3792,2010,2002,2025
3793,2002,2010,1998
3794,2001,2011,2014
3795,612,685,654
3796,612,655,685
3797,655,612,622
3798,1313,1307,1367
3799,1307,1349,1367
3800,1272,1307,1313
3801,1307,1272,1250
3802,1293,1307,1250
3803,1349,1307,1293
3804,895,813,903
3805,895,916,864
3806,916,895,973
3807,895,949,973
3808,949,895,903
3809,805,764,778
3810,813,805,778
3811,764,805,827
3812,895,805,813
3813,805,864,827
3814,805,895,864
3815,1007,1044,1006
3816,1044,1007,1054
3817,1106,1044,1054
3818,1044,1024,1006
3819,1044,1106,1024
3820,1172,1157,1087
3821,1157,1172,1211
3822,1275,1224,1310
3823,1224,1276,1310
3824,1224,1214,1276
3825,466,528,527
3826,528,587,527
3827,563,528,529
3828,442,487,398
3829,853,918,896
3830,918,907,951
3831,907,919,951
3832,919,907,868
3833,907,854,868
3834,1046,1090,1071
3835,1071,1090,1116
3836,1090,1162,1116
3837,1090,1163,1162
3838,1090,1046,1056
3839,1091,1048,1164
3840,1091,1047,1048
3841,1091,1164,1185
3842,1134,1091,1185
3843,1047,1091,1056
3844,131,154,153
3845,135,154,131
3846,154,135,170
3847,154,169,153
3848,154,170,169
3849,188,155,156
3850,155,137,156
3851,137,155,136
3852,187,188,211
3853,186,187,211
3854,164,186,170
3855,155,164,136
3856,164,187,186
3857,164,155,188
3858,187,164,188
3859,1354,1353,1312
3860,1353,1341,1312
3861,1404,1353,1395
3862,1353,1354,1395
3863,1403,1353,1404
3864,1353,1403,1341
3865,1256,1219,1248
3866,1256,1305,1255
3867,1219,1256,1255
3868,1928,1944,1949
3869,1949,1944,1978
3870,1944,1956,1978
3871,1956,1944,1911
3872,1944,1928,1911
3873,1839,1853,1852
3874,1839,1852,1814
3875,1815,1839,1814
3876,1818,1839,1815
3877,1878,1854,1855
3878,1853,1854,1878
3879,1839,1854,1853
3880,1854,1818,1855
3881,1854,1839,1818
3882,1687,1714,1739
3883,1739,1714,1760
3884,1709,1714,1673
3885,1714,1687,1673
3886,1714,1732,1760
3887,1732,1714,1709
3888,1650,1700,1661
3889,1687,1700,1650
3890,1661,1700,1690
3891,1700,1739,1738
3892,1700,1687,1739
3893,1700,1737,1690
3894,1737,1700,1738
3895,1002,1042,1050
3896,1042,1079,1050
3897,1043,1042,1002
3898,1079,1042,1043
3899,1029,977,990
3900,1029,1043,977
3901,1021,1029,990
3902,1080,1029,1021
3903,1079,1102,1120
3904,1102,1079,1043
3905,239,222,217
3906,222,193,217
3907,193,222,216
3908,969,1023,1005
3909,1023,1067,1053
3910,1005,1023,1053
3911,1023,1035,1067
3912,1023,969,1035
3913,595,552,553
3914,630,595,553
3915,662,595,630
3916,595,662,661
3917,629,595,661
3918,552,595,629
3919,1599,1562,1534
3920,1562,1599,1598
3921,1534,1562,1547
3922,1562,1572,1547
3923,1562,1606,1572
3924,1562,1598,1606
3925,2007,1997,1995
3926,2011,1997,2007
3927,1995,1997,1990
3928,1997,2001,1990
3929,1997,2011,2001
3930,2023,2024,2014
3931,2011,2023,2014
3932,2024,2023,2033
3933,2019,2011,2007
3934,526,574,539
3935,574,526,554
3936,574,554,622
3937,612,574,622
3938,1172,1212,1211
3939,1295,1212,1275
3940,1212,1294,1211
3941,1212,1295,1294
3942,1214,1159,1144
3943,1224,1159,1214
3944,1159,1097,1144
3945,1159,1106,1097
3946,1158,1172,1106
3947,1159,1158,1106
3948,604,643,642
3949,604,633,643
3950,486,528,466
3951,424,486,466
3952,528,486,529
3953,486,487,529
3954,486,424,398
3955,487,486,398
3956,853,816,806
3957,816,780,806
3958,780,816,779
3959,816,853,896
3960,816,815,779
3961,816,896,815
3962,1098,1134,1163
3963,1090,1098,1163
3964,1098,1090,1056
3965,1091,1098,1056
3966,1098,1091,1134
3967,1341,1306,1312
3968,1306,1248,1312
3969,1306,1256,1248
3970,1305,1306,1341
3971,1256,1306,1305
3972,1120,1151,1191
3973,1102,1151,1120
3974,1151,1245,1191
3975,1151,1167,1245
3976,1095,1029,1080
3977,1095,1151,1102
3978,1029,1095,1043
3979,1095,1102,1043
3980,1095,1080,1167
3981,1151,1095,1167
3982,2019,2020,2034
3983,2020,2019,2007
3984,2010,2020,2007
3985,2034,2020,2025
3986,2020,2010,2025
3987,2027,2023,2011
3988,2019,2027,2011
3989,2027,2043,2042
3990,2027,2034,2043
3991,2027,2019,2034
3992,2033,2027,2042
3993,2023,2027,2033
3994,574,573,539
3995,538,573,584
3996,573,538,539
3997,573,574,612
3998,573,612,654
3999,621,573,654
4000,573,621,584
4001,1213,1159,1224
4002,1213,1158,1159
4003,1213,1224,1275
4004,1223,1212,1172
4005,1158,1223,1172
4006,1213,1223,1158
4007,1212,1223,1275
4008,1223,1213,1275
4009,603,604,642
4010,604,603,563
4011,603,642,632
4012,603,528,563
4013,603,632,587
4014,528,603,587
4015,633,564,613
4016,604,564,633
4017,564,604,563
4018,515,467,530
4019,613,515,530
4020,564,515,613
4021,467,476,443
4022,515,476,467
4023,443,476,442
4024,476,487,442
4025,487,514,529
4026,476,514,487
4027,514,515,564
4028,514,476,515
4029,514,563,529
4030,514,564,563
4031,586,656,698
4032,656,747,698
4033,1119,1076,1077
4034,1076,1119,1118
4035,870,830,831
4036,898,870,831
4037,1828,1864,1827
4038,1864,1828,1865
4039,1844,1864,1880
4040,1844,1880,1868
4041,758,699,689
4042,758,689,765
4043,906,997,982
4044,997,906,950
4045,524,492,456
4046,462,524,456
4047,773,823,822
4048,823,773,774
4049,1595,1665,1634
4050,1665,1595,1625
4051,1113,1153,1112
4052,1153,1113,1154
4053,184,162,200
4054,162,145,200
4055,366,411,403
4056,411,366,371
4057,394,429,393
4058,429,394,430
4059,791,751,792
4060,751,791,750
4061,485,484,464
4062,484,485,553
4063,1981,1970,1951
4064,1971,1981,1951
4065,1651,1682,1681
4066,1682,1651,1652
4067,994,1034,1033
4068,993,994,1033
4069,704,752,751
4070,752,704,705
4071,763,726,793
4072,726,697,793
4073,879,926,925
4074,926,879,880
4075,926,971,925
4076,926,972,971
4077,1788,1764,1739
4078,1788,1739,1781
4079,1710,1674,1722
4080,1674,1681,1722
4081,648,607,649
4082,607,608,649
4083,571,581,611
4084,611,581,618
4085,860,861,911
4086,910,860,911
4087,1853,1895,1852
4088,1895,1853,1902
4089,1817,1795,1796
4090,1795,1771,1796
4091,1106,1172,1024
4092,1024,1172,1087
4093,853,817,854
4094,817,853,806
4095,907,853,854
4096,853,907,918
4097,135,164,170
4098,164,135,136
4099,222,276,250
4100,222,250,216
4101,344,222,239
4102,276,222,344
