no.,vertice_idx1,vertice_idx2,vertice_idx3
0,251,315,317
1,251,301,315
2,324,319,212
3,319,102,212
4,102,319,330
5,93,81,96
6,81,51,96
7,107,93,96
8,108,137,212
9,102,87,212
10,14,31,4
11,31,14,32
12,59,31,32
13,901,906,896
14,198,498,295
15,834,841,810
16,841,834,861
17,232,251,212
18,868,861,881
19,726,794,749
20,93,105,81
21,81,105,80
22,105,101,80
23,40,28,96
24,51,40,96
25,221,198,295
26,274,221,295
27,221,274,224
28,101,91,80
29,91,79,80
30,79,71,80
31,71,81,80
32,71,51,81
33,71,60,51
34,87,88,212
35,82,87,102
36,5,14,4
37,1,5,4
38,5,1,0
39,2,5,0
40,5,2,14
41,53,45,57
42,45,51,57
43,45,40,51
44,913,865,881
45,865,913,858
46,835,913,916
47,913,835,858
48,893,901,896
49,860,883,874
50,883,860,880
51,860,870,880
52,870,860,845
53,861,869,881
54,869,913,881
55,913,869,895
56,232,236,251
57,325,324,212
58,326,325,212
59,251,320,212
60,320,326,212
61,320,251,317
62,878,868,881
63,835,849,858
64,829,849,835
65,688,726,749
66,102,688,749
67,385,688,102
68,551,555,573
69,555,551,534
70,452,497,529
71,109,105,93
72,105,109,118
73,107,109,93
74,118,109,128
75,109,134,128
76,109,107,134
77,279,288,290
78,211,221,224
79,227,211,224
80,100,91,101
81,66,71,79
82,66,60,71
83,78,66,79
84,51,66,57
85,60,66,51
86,65,53,57
87,66,65,57
88,91,90,79
89,90,78,79
90,100,90,91
91,211,214,207
92,124,137,108
93,110,124,108
94,124,110,111
95,106,110,108
96,106,59,111
97,110,106,111
98,89,108,212
99,88,89,212
100,10,2,0
101,48,88,87
102,3,8,47
103,1,3,0
104,911,910,906
105,912,907,917
106,912,917,916
107,911,912,916
108,901,909,906
109,907,909,901
110,912,909,907
111,909,911,906
112,909,912,911
113,498,848,698
114,848,870,845
115,886,883,880
116,886,893,883
117,870,886,880
118,753,721,774
119,721,754,774
120,694,754,721
121,860,844,845
122,844,860,874
123,444,371,295
124,681,647,700
125,647,671,700
126,663,671,636
127,315,337,317
128,883,882,874
129,842,827,895
130,787,834,810
131,834,787,830
132,862,869,861
133,834,862,861
134,862,834,830
135,856,842,895
136,869,856,895
137,253,301,251
138,253,262,301
139,262,253,240
140,262,283,301
141,326,327,342
142,320,327,326
143,311,332,328
144,307,311,301
145,332,307,333
146,307,332,311
147,305,306,316
148,816,835,794
149,800,816,794
150,688,727,726
151,866,871,865
152,865,871,881
153,871,878,881
154,745,750,700
155,854,841,861
156,868,854,861
157,640,594,612
158,555,594,573
159,501,533,500
160,551,512,534
161,487,512,502
162,512,487,491
163,542,501,502
164,501,542,533
165,512,542,502
166,542,512,551
167,542,551,573
168,604,542,573
169,532,530,511
170,497,530,529
171,530,497,511
172,341,319,324
173,341,357,319
174,473,503,491
175,503,512,491
176,512,503,534
177,671,632,636
178,632,671,647
179,497,485,511
180,468,485,452
181,485,497,452
182,287,274,295
183,306,294,295
184,294,287,295
185,287,294,288
186,235,268,255
187,268,235,274
188,274,235,224
189,235,227,224
190,202,211,207
191,193,202,187
192,221,193,198
193,211,193,221
194,202,193,211
195,75,66,78
196,75,65,66
197,147,150,139
198,123,130,120
199,125,99,104
200,83,98,120
201,98,123,120
202,98,125,123
203,98,99,125
204,220,235,231
205,235,220,227
206,220,211,227
207,220,214,211
208,180,158,164
209,125,136,140
210,136,125,104
211,136,154,140
212,154,136,151
213,252,259,248
214,217,225,213
215,204,217,213
216,225,222,213
217,229,217,223
218,217,229,225
219,229,241,240
220,225,229,240
221,194,213,170
222,194,204,213
223,89,97,108
224,97,106,108
225,106,97,59
226,59,62,31
227,97,62,59
228,49,13,31
229,62,49,31
230,92,82,102
231,92,102,47
232,68,92,47
233,82,73,87
234,2,15,14
235,54,58,56
236,54,48,87
237,58,54,87
238,910,905,906
239,904,908,913
240,908,914,913
241,914,908,910
242,908,905,910
243,848,734,698
244,734,703,698
245,893,894,901
246,886,894,893
247,894,886,870
248,894,907,901
249,907,894,870
250,792,824,783
251,824,792,825
252,651,703,695
253,644,637,667
254,826,805,845
255,805,748,763
256,748,805,754
257,828,844,825
258,828,826,845
259,844,828,845
260,356,318,308
261,283,297,301
262,308,297,298
263,318,297,308
264,356,322,363
265,322,356,308
266,495,456,457
267,495,522,509
268,495,509,490
269,456,495,490
270,475,495,457
271,314,313,303
272,302,313,329
273,313,302,303
274,393,369,401
275,369,393,368
276,402,429,401
277,369,402,401
278,402,369,370
279,408,402,370
280,335,314,316
281,370,335,371
282,429,458,475
283,484,479,498
284,498,479,295
285,479,444,295
286,444,465,438
287,465,479,484
288,479,465,444
289,682,655,683
290,674,655,682
291,723,672,673
292,750,714,700
293,714,681,700
294,681,657,647
295,647,657,612
296,657,640,612
297,672,709,663
298,709,671,663
299,671,709,700
300,723,709,672
301,709,745,700
302,745,709,758
303,321,311,328
304,301,321,315
305,311,321,301
306,337,336,317
307,337,339,359
308,339,337,315
309,321,339,315
310,339,321,344
311,549,571,570
312,464,456,490
313,456,464,433
314,893,888,883
315,888,882,883
316,888,893,896
317,882,888,885
318,892,888,896
319,891,884,876
320,884,875,876
321,897,884,891
322,884,879,875
323,844,847,825
324,847,824,825
325,889,898,891
326,889,892,898
327,889,877,885
328,888,889,885
329,889,888,892
330,889,891,876
331,877,889,876
332,855,856,869
333,855,862,830
334,862,855,869
335,327,343,342
336,343,327,320
337,332,366,328
338,312,318,333
339,307,312,333
340,312,297,318
341,312,307,301
342,297,312,301
343,305,293,306
344,293,294,306
345,294,293,288
346,288,293,290
347,852,865,858
348,625,666,661
349,625,688,385
350,688,625,661
351,809,816,800
352,727,755,726
353,704,688,661
354,704,727,688
355,666,704,661
356,704,728,727
357,859,866,851
358,859,871,866
359,745,786,750
360,786,787,810
361,787,786,758
362,786,745,758
363,639,594,640
364,430,468,452
365,430,439,468
366,416,451,425
367,403,416,425
368,416,403,394
369,453,450,425
370,451,453,425
371,533,541,500
372,360,340,377
373,340,360,330
374,360,102,330
375,360,385,102
376,377,372,394
377,372,397,394
378,340,372,377
379,451,445,487
380,487,445,491
381,445,473,491
382,503,535,534
383,579,583,543
384,513,503,473
385,513,535,503
386,480,499,468
387,499,485,468
388,499,480,500
389,485,499,511
390,541,499,500
391,499,541,540
392,499,532,511
393,499,540,532
394,279,282,288
395,282,287,288
396,287,282,274
397,282,268,274
398,268,282,279
399,268,271,255
400,271,268,279
401,242,235,255
402,235,242,231
403,244,254,261
404,254,244,245
405,127,118,128
406,141,149,157
407,127,149,141
408,105,113,101
409,113,105,118
410,181,193,187
411,98,86,99
412,90,95,78
413,95,75,78
414,95,84,75
415,95,90,103
416,166,163,150
417,158,166,150
418,166,158,167
419,147,155,150
420,158,155,164
421,155,158,150
422,155,154,164
423,155,147,140
424,154,155,140
425,163,138,150
426,130,119,120
427,119,130,139
428,119,138,115
429,150,119,139
430,138,119,150
431,147,135,140
432,125,135,123
433,135,125,140
434,135,147,139
435,130,135,139
436,135,130,123
437,206,201,214
438,201,206,195
439,205,206,210
440,206,205,195
441,228,220,231
442,220,228,214
443,206,228,210
444,228,206,214
445,175,180,164
446,191,201,195
447,180,191,195
448,191,175,184
449,175,191,180
450,142,141,157
451,168,142,157
452,136,145,151
453,146,145,131
454,121,136,104
455,103,121,104
456,145,121,131
457,121,145,136
458,276,283,262
459,263,262,240
460,258,263,240
461,263,258,265
462,241,247,240
463,247,258,240
464,247,241,248
465,259,256,248
466,256,247,248
467,247,256,258
468,209,205,210
469,217,216,223
470,216,217,204
471,222,215,213
472,215,222,236
473,213,215,170
474,215,232,212
475,215,236,232
476,233,225,240
477,233,222,225
478,238,233,240
479,222,233,236
480,233,238,236
481,234,229,223
482,229,234,241
483,163,178,170
484,166,178,163
485,158,179,167
486,180,179,158
487,183,178,166
488,183,166,167
489,179,183,167
490,31,6,4
491,6,1,4
492,70,89,88
493,70,49,62
494,70,97,89
495,70,62,97
496,48,46,88
497,46,70,88
498,70,46,49
499,49,12,13
500,13,12,3
501,55,68,47
502,56,55,47
503,14,23,32
504,15,23,14
505,10,18,2
506,18,15,2
507,59,35,111
508,77,119,115
509,77,83,120
510,119,77,120
511,35,77,111
512,58,61,56
513,73,61,87
514,61,58,87
515,905,903,906
516,906,903,896
517,903,892,896
518,892,903,898
519,913,915,916
520,914,915,913
521,915,911,916
522,915,910,911
523,915,914,910
524,899,897,904
525,899,913,895
526,899,904,913
527,778,753,774
528,668,651,695
529,637,668,667
530,694,668,695
531,668,694,667
532,629,668,637
533,668,629,651
534,703,665,698
535,651,665,703
536,748,733,763
537,733,734,763
538,734,733,703
539,519,484,498
540,539,519,498
541,528,475,496
542,495,528,522
543,528,495,475
544,561,610,598
545,761,762,783
546,753,725,721
547,732,725,753
548,716,740,687
549,740,716,761
550,720,715,752
551,648,656,687
552,656,648,618
553,619,656,618
554,619,642,656
555,815,848,845
556,805,815,845
557,754,793,774
558,805,793,754
559,793,805,826
560,375,366,332
561,304,314,303
562,292,304,303
563,314,304,316
564,304,305,316
565,280,291,298
566,297,280,298
567,280,297,283
568,276,280,283
569,280,276,265
570,299,308,298
571,291,299,298
572,300,302,310
573,300,299,291
574,300,291,286
575,323,322,310
576,323,302,329
577,302,323,310
578,436,475,457
579,436,429,475
580,436,393,401
581,429,436,401
582,522,538,509
583,334,313,314
584,335,334,314
585,334,335,370
586,313,334,329
587,384,370,371
588,384,408,370
589,409,444,438
590,408,409,438
591,384,409,408
592,444,409,371
593,409,384,371
594,349,335,316
595,335,349,371
596,306,349,316
597,371,349,295
598,349,306,295
599,402,437,429
600,437,458,429
601,437,408,438
602,408,437,402
603,465,459,438
604,459,465,484
605,601,579,607
606,634,601,607
607,634,655,674
608,601,634,674
609,719,720,752
610,709,746,758
611,746,709,723
612,674,701,673
613,701,723,673
614,701,674,682
615,719,701,682
616,714,693,681
617,693,639,640
618,657,693,640
619,693,657,681
620,579,557,607
621,571,589,570
622,575,571,549
623,575,619,618
624,471,526,488
625,526,525,488
626,515,525,547
627,526,516,549
628,516,575,549
629,575,516,517
630,517,516,494
631,516,442,494
632,516,471,442
633,471,516,526
634,536,549,570
635,536,526,549
636,536,525,526
637,507,517,494
638,803,808,827
639,808,803,760
640,879,808,857
641,739,808,760
642,827,808,895
643,808,879,895
644,803,771,760
645,771,803,752
646,771,715,760
647,715,771,752
648,887,884,897
649,879,887,895
650,884,887,879
651,824,814,783
652,875,863,876
653,863,879,857
654,879,863,875
655,847,843,824
656,814,843,833
657,843,814,824
658,877,873,885
659,873,844,874
660,873,847,844
661,882,873,874
662,873,882,885
663,253,246,240
664,246,238,240
665,246,253,251
666,236,246,251
667,238,246,236
668,343,364,382
669,338,320,317
670,338,343,320
671,336,338,317
672,338,364,343
673,345,321,328
674,321,345,344
675,345,399,344
676,399,345,366
677,852,850,865
678,850,820,851
679,562,572,529
680,530,562,529
681,779,809,800
682,779,755,809
683,779,800,794
684,726,779,794
685,755,779,726
686,756,755,727
687,728,756,727
688,809,756,764
689,755,756,809
690,871,872,878
691,639,593,594
692,593,604,573
693,594,593,573
694,410,430,452
695,410,625,385
696,440,412,450
697,450,412,425
698,412,403,425
699,460,440,450
700,460,480,468
701,439,460,468
702,440,460,439
703,453,472,450
704,472,460,450
705,460,472,480
706,472,501,500
707,480,472,500
708,541,563,540
709,563,541,533
710,542,563,533
711,563,542,604
712,350,340,330
713,350,372,340
714,446,447,470
715,447,446,413
716,397,419,394
717,419,416,394
718,416,419,451
719,419,445,451
720,372,378,397
721,350,378,372
722,378,350,351
723,319,331,330
724,351,331,319
725,331,350,330
726,350,331,351
727,387,362,357
728,357,362,319
729,341,373,357
730,422,404,449
731,343,381,342
732,381,343,382
733,405,381,382
734,381,405,404
735,513,567,535
736,447,466,470
737,257,249,250
738,252,257,259
739,249,257,252
740,257,273,259
741,273,257,267
742,292,285,290
743,285,279,290
744,254,264,261
745,271,264,255
746,264,254,255
747,201,203,214
748,214,203,207
749,203,196,197
750,203,202,207
751,202,203,197
752,196,185,197
753,186,176,187
754,202,186,187
755,186,202,197
756,185,186,197
757,186,185,176
758,176,172,187
759,172,181,187
760,181,172,168
761,168,172,160
762,172,176,160
763,162,161,153
764,149,161,157
765,161,149,153
766,143,127,128
767,143,149,127
768,149,143,153
769,134,143,128
770,162,143,134
771,143,162,153
772,133,127,141
773,127,133,118
774,133,113,118
775,90,112,103
776,112,90,100
777,85,98,83
778,85,86,98
779,94,103,104
780,94,95,103
781,99,94,104
782,95,94,84
783,86,94,99
784,84,94,86
785,137,156,212
786,156,163,170
787,215,156,170
788,156,215,212
789,138,114,115
790,77,114,111
791,114,77,115
792,124,129,137
793,129,124,111
794,114,129,111
795,129,114,138
796,243,242,255
797,242,243,231
798,243,228,231
799,254,243,255
800,243,254,245
801,244,237,245
802,237,243,245
803,243,237,228
804,237,244,250
805,249,237,250
806,228,218,210
807,218,209,210
808,209,218,219
809,191,190,201
810,190,203,201
811,203,190,196
812,190,191,184
813,190,185,196
814,132,146,131
815,132,142,146
816,112,132,131
817,142,152,146
818,152,168,160
819,152,142,168
820,241,239,248
821,234,239,241
822,239,252,248
823,239,249,252
824,276,269,265
825,269,263,265
826,269,276,262
827,263,269,262
828,208,216,204
829,205,208,204
830,209,208,205
831,216,208,223
832,208,209,219
833,188,194,170
834,178,188,170
835,183,188,178
836,189,180,195
837,189,179,180
838,189,183,179
839,192,188,183
840,189,192,183
841,7,13,3
842,7,3,1
843,6,7,1
844,13,7,31
845,7,6,31
846,54,30,48
847,30,54,56
848,8,30,47
849,30,56,47
850,3,9,8
851,12,9,3
852,64,55,56
853,61,64,56
854,64,61,73
855,39,45,53
856,43,39,53
857,39,43,26
858,40,39,28
859,45,39,40
860,33,23,15
861,23,33,32
862,33,59,32
863,33,35,59
864,35,21,34
865,18,21,15
866,21,33,15
867,33,21,35
868,11,24,10
869,11,10,0
870,17,11,0
871,21,37,34
872,37,21,18
873,37,35,34
874,37,77,35
875,902,903,905
876,902,908,904
877,908,902,905
878,903,902,898
879,799,828,825
880,792,799,825
881,778,799,792
882,828,799,826
883,799,793,826
884,799,778,774
885,793,799,774
886,629,624,651
887,703,717,695
888,717,733,748
889,733,717,703
890,717,748,754
891,717,694,695
892,694,717,754
893,561,578,610
894,578,561,539
895,560,561,598
896,523,528,496
897,523,560,528
898,560,523,561
899,609,644,643
900,620,609,643
901,554,591,576
902,585,591,554
903,609,591,585
904,591,609,620
905,577,560,598
906,739,731,772
907,731,740,772
908,778,773,753
909,773,732,753
910,773,762,732
911,773,778,792
912,773,792,783
913,762,773,783
914,730,739,760
915,715,730,760
916,697,715,720
917,730,685,739
918,634,635,655
919,602,635,607
920,635,634,607
921,547,569,568
922,603,580,576
923,580,603,623
924,591,603,576
925,603,591,620
926,608,580,623
927,642,608,623
928,619,608,642
929,603,628,623
930,628,620,643
931,628,603,620
932,628,650,623
933,650,628,643
934,694,678,667
935,678,694,721
936,725,678,721
937,789,805,763
938,789,815,805
939,734,789,763
940,789,734,848
941,815,789,848
942,354,332,333
943,354,375,332
944,464,418,433
945,379,356,363
946,414,418,432
947,418,414,396
948,296,292,290
949,296,304,292
950,293,296,290
951,296,293,305
952,304,296,305
953,270,256,259
954,273,270,259
955,299,309,308
956,309,322,308
957,322,309,310
958,309,300,310
959,300,309,299
960,323,347,322
961,434,456,433
962,393,383,368
963,407,383,393
964,559,585,554
965,538,559,554
966,369,348,370
967,348,334,370
968,334,348,329
969,348,323,329
970,348,347,323
971,348,369,368
972,347,348,368
973,459,476,458
974,476,459,484
975,476,484,496
976,475,476,496
977,458,476,475
978,606,583,579
979,601,606,579
980,606,674,673
981,606,601,674
982,710,682,683
983,710,719,682
984,719,710,720
985,697,710,683
986,710,697,720
987,803,788,752
988,788,803,827
989,693,680,639
990,680,693,713
991,546,579,543
992,546,557,579
993,544,557,505
994,515,544,505
995,544,547,568
996,544,515,547
997,589,596,570
998,596,569,570
999,590,589,571
1000,575,590,571
1001,506,515,488
1002,525,506,488
1003,506,525,515
1004,455,477,489
1005,375,395,366
1006,507,537,517
1007,575,537,550
1008,537,575,517
1009,580,558,576
1010,418,463,432
1011,463,418,464
1012,463,455,432
1013,455,463,477
1014,478,464,490
1015,478,463,464
1016,463,478,477
1017,899,890,897
1018,890,887,897
1019,890,899,895
1020,887,890,895
1021,839,813,833
1022,839,863,857
1023,804,739,772
1024,804,808,739
1025,782,814,833
1026,782,761,783
1027,814,782,783
1028,843,846,833
1029,846,839,833
1030,839,846,863
1031,863,846,876
1032,864,843,847
1033,864,873,877
1034,873,864,847
1035,864,877,876
1036,846,864,876
1037,864,846,843
1038,390,358,359
1039,358,338,336
1040,338,358,364
1041,462,471,488
1042,431,462,427
1043,462,431,471
1044,461,483,449
1045,483,515,505
1046,462,483,461
1047,515,483,488
1048,483,462,488
1049,462,423,427
1050,423,462,461
1051,423,405,382
1052,399,391,344
1053,391,399,442
1054,398,423,382
1055,423,398,427
1056,364,398,382
1057,398,431,427
1058,431,398,390
1059,358,398,364
1060,398,358,390
1061,366,346,328
1062,346,345,328
1063,345,346,366
1064,795,780,765
1065,795,829,835
1066,780,801,764
1067,801,809,764
1068,809,801,816
1069,795,801,780
1070,849,818,858
1071,757,766,784
1072,744,757,765
1073,652,630,592
1074,806,786,810
1075,841,806,810
1076,854,806,841
1077,638,652,592
1078,821,859,851
1079,820,821,851
1080,768,821,820
1081,785,821,768
1082,376,360,403
1083,412,376,403
1084,376,412,386
1085,376,386,385
1086,360,376,385
1087,411,440,439
1088,411,412,440
1089,412,411,386
1090,386,411,385
1091,411,410,385
1092,486,453,451
1093,486,472,453
1094,486,451,487
1095,486,487,502
1096,501,486,502
1097,472,486,501
1098,627,563,604
1099,469,446,470
1100,514,469,470
1101,445,469,473
1102,446,469,445
1103,469,513,473
1104,469,514,513
1105,420,446,445
1106,419,420,445
1107,420,419,397
1108,387,420,397
1109,420,387,413
1110,446,420,413
1111,361,362,387
1112,361,387,397
1113,378,361,397
1114,361,378,351
1115,361,351,319
1116,362,361,319
1117,388,387,357
1118,373,388,357
1119,388,373,389
1120,387,388,413
1121,381,374,342
1122,422,374,404
1123,374,381,404
1124,567,556,535
1125,556,594,555
1126,467,492,482
1127,466,467,482
1128,481,514,470
1129,466,481,470
1130,481,466,482
1131,583,553,543
1132,553,521,543
1133,552,567,513
1134,514,552,513
1135,267,260,261
1136,257,260,267
1137,260,257,250
1138,244,260,250
1139,260,244,261
1140,278,273,267
1141,275,271,279
1142,285,275,279
1143,275,264,271
1144,185,165,176
1145,176,165,160
1146,165,145,146
1147,165,152,160
1148,152,165,146
1149,177,174,198
1150,198,174,134
1151,174,162,134
1152,174,161,162
1153,161,174,177
1154,181,182,193
1155,193,182,198
1156,182,177,198
1157,121,122,131
1158,122,112,131
1159,122,121,103
1160,112,122,103
1161,74,84,86
1162,67,74,86
1163,84,74,75
1164,75,74,65
1165,65,74,53
1166,74,67,53
1167,41,52,50
1168,52,41,43
1169,52,43,53
1170,67,52,53
1171,85,76,86
1172,76,67,86
1173,76,85,83
1174,144,156,137
1175,129,144,137
1176,144,129,138
1177,218,226,219
1178,226,218,228
1179,237,226,228
1180,226,237,249
1181,132,126,142
1182,142,126,141
1183,126,133,141
1184,208,230,223
1185,230,208,219
1186,230,234,223
1187,230,239,234
1188,226,230,219
1189,239,230,249
1190,230,226,249
1191,188,199,194
1192,192,199,188
1193,194,199,204
1194,199,205,204
1195,205,200,195
1196,200,189,195
1197,200,192,189
1198,199,200,205
1199,200,199,192
1200,42,46,48
1201,30,42,48
1202,42,36,46
1203,36,42,30
1204,46,44,49
1205,36,44,46
1206,9,44,36
1207,44,12,49
1208,44,9,12
1209,25,30,8
1210,25,36,30
1211,9,25,8
1212,25,9,36
1213,55,72,68
1214,64,72,55
1215,72,64,73
1216,72,73,82
1217,92,72,82
1218,72,92,68
1219,39,27,28
1220,27,39,26
1221,27,17,28
1222,17,27,22
1223,27,26,22
1224,11,16,24
1225,16,17,22
1226,16,11,17
1227,41,29,43
1228,26,29,22
1229,43,29,26
1230,29,16,22
1231,29,41,24
1232,16,29,24
1233,19,37,18
1234,19,18,10
1235,898,900,891
1236,902,900,898
1237,900,897,891
1238,897,900,904
1239,900,902,904
1240,645,665,651
1241,624,645,651
1242,665,645,698
1243,610,645,598
1244,645,624,598
1245,645,498,698
1246,645,539,498
1247,578,645,610
1248,645,578,539
1249,518,523,496
1250,484,518,496
1251,519,518,484
1252,518,519,539
1253,561,518,539
1254,523,518,561
1255,559,565,585
1256,597,624,629
1257,624,597,598
1258,597,577,598
1259,675,697,683
1260,590,616,589
1261,686,731,739
1262,685,686,739
1263,686,648,687
1264,684,730,715
1265,684,685,730
1266,685,684,659
1267,614,635,602
1268,635,614,641
1269,614,596,641
1270,614,602,568
1271,569,614,568
1272,596,614,569
1273,548,536,570
1274,569,548,570
1275,536,548,525
1276,525,548,547
1277,548,569,547
1278,608,584,580
1279,558,584,550
1280,584,558,580
1281,584,575,550
1282,575,584,619
1283,584,608,619
1284,712,725,732
1285,712,702,676
1286,712,678,725
1287,762,724,732
1288,724,712,732
1289,712,724,702
1290,702,724,716
1291,724,762,761
1292,716,724,761
1293,702,664,676
1294,664,702,716
1295,664,716,687
1296,656,664,687
1297,642,664,656
1298,678,677,643
1299,677,650,643
1300,650,677,676
1301,677,712,676
1302,712,677,678
1303,354,355,375
1304,355,379,396
1305,379,355,356
1306,356,355,318
1307,318,355,333
1308,355,354,333
1309,406,418,396
1310,379,406,396
1311,418,406,433
1312,414,392,396
1313,355,392,375
1314,392,355,396
1315,392,395,375
1316,395,392,414
1317,266,280,265
1318,270,266,256
1319,258,266,265
1320,256,266,258
1321,281,270,273
1322,278,281,273
1323,435,434,407
1324,435,407,393
1325,436,435,393
1326,435,436,457
1327,415,434,433
1328,434,415,407
1329,406,415,433
1330,633,663,636
1331,633,672,663
1332,672,633,673
1333,633,606,673
1334,759,719,752
1335,788,759,752
1336,807,788,827
1337,680,631,639
1338,593,631,604
1339,631,593,639
1340,631,627,604
1341,627,631,654
1342,557,524,505
1343,546,524,557
1344,524,521,492
1345,524,546,543
1346,521,524,543
1347,564,544,568
1348,544,564,557
1349,602,564,568
1350,564,602,607
1351,557,564,607
1352,471,441,442
1353,431,441,471
1354,441,391,442
1355,441,431,390
1356,391,441,390
1357,474,455,489
1358,455,474,454
1359,454,474,494
1360,474,507,494
1361,507,474,489
1362,442,443,494
1363,443,454,494
1364,537,527,550
1365,527,537,507
1366,531,554,576
1367,558,531,576
1368,531,558,550
1369,527,531,550
1370,509,510,490
1371,510,478,490
1372,531,510,554
1373,478,510,477
1374,538,510,509
1375,510,538,554
1376,838,839,857
1377,839,838,813
1378,808,838,857
1379,838,804,813
1380,804,838,808
1381,740,777,772
1382,777,740,761
1383,782,777,761
1384,423,426,405
1385,404,426,449
1386,405,426,404
1387,426,461,449
1388,426,423,461
1389,365,339,344
1390,391,365,344
1391,365,391,390
1392,339,365,359
1393,365,390,359
1394,796,795,765
1395,757,796,765
1396,796,757,784
1397,816,817,835
1398,801,817,816
1399,817,795,835
1400,817,801,795
1401,767,768,820
1402,766,819,784
1403,819,818,784
1404,819,767,820
1405,767,819,766
1406,850,819,820
1407,819,850,852
1408,819,852,858
1409,818,819,858
1410,735,767,766
1411,744,722,757
1412,735,722,707
1413,625,626,666
1414,592,599,572
1415,630,599,592
1416,626,599,630
1417,599,626,625
1418,572,599,529
1419,599,452,529
1420,599,410,452
1421,410,599,625
1422,736,785,768
1423,738,714,750
1424,699,680,713
1425,736,699,713
1426,691,670,707
1427,722,669,707
1428,669,691,707
1429,821,836,859
1430,806,823,802
1431,373,352,389
1432,352,373,341
1433,325,352,324
1434,352,341,324
1435,556,588,594
1436,588,556,567
1437,594,588,612
1438,588,595,612
1439,595,588,567
1440,595,622,612
1441,622,647,612
1442,622,632,647
1443,622,605,632
1444,605,622,595
1445,467,448,492
1446,448,422,449
1447,374,421,389
1448,421,374,422
1449,448,421,422
1450,421,448,467
1451,417,467,466
1452,417,447,413
1453,417,466,447
1454,417,421,467
1455,421,417,389
1456,388,417,413
1457,417,388,389
1458,481,520,514
1459,553,520,521
1460,520,552,514
1461,552,520,553
1462,574,595,567
1463,552,574,567
1464,574,605,595
1465,574,552,553
1466,574,553,583
1467,272,278,267
1468,272,267,261
1469,264,272,261
1470,275,272,264
1471,190,173,185
1472,173,165,185
1473,169,181,168
1474,169,182,181
1475,169,168,157
1476,182,169,177
1477,161,169,157
1478,169,161,177
1479,77,69,83
1480,69,76,83
1481,37,69,77
1482,63,52,67
1483,76,63,67
1484,52,63,50
1485,63,69,50
1486,69,63,76
1487,148,144,138
1488,144,148,156
1489,148,138,163
1490,156,148,163
1491,133,117,113
1492,126,117,133
1493,117,100,101
1494,113,117,101
1495,19,38,37
1496,41,38,24
1497,38,41,50
1498,69,38,50
1499,38,69,37
1500,545,538,522
1501,545,559,538
1502,545,565,559
1503,621,597,629
1504,621,629,637
1505,621,609,585
1506,565,621,585
1507,644,621,637
1508,609,621,644
1509,597,566,577
1510,545,566,565
1511,566,621,565
1512,621,566,597
1513,566,545,522
1514,528,566,522
1515,560,566,528
1516,577,566,560
1517,658,635,641
1518,675,658,641
1519,658,675,683
1520,655,658,683
1521,635,658,655
1522,617,616,590
1523,617,575,618
1524,617,590,575
1525,648,617,618
1526,615,596,589
1527,616,615,589
1528,711,686,687
1529,686,711,731
1530,740,711,687
1531,731,711,740
1532,686,660,648
1533,660,686,685
1534,660,617,648
1535,617,660,616
1536,660,615,616
1537,615,660,659
1538,660,685,659
1539,697,692,715
1540,692,684,715
1541,675,692,697
1542,684,692,659
1543,692,641,659
1544,692,675,641
1545,649,650,676
1546,664,649,676
1547,649,664,642
1548,649,642,623
1549,650,649,623
1550,266,277,280
1551,277,266,270
1552,291,277,286
1553,280,277,291
1554,277,281,286
1555,281,277,270
1556,289,300,286
1557,300,289,302
1558,289,292,303
1559,302,289,303
1560,415,380,407
1561,380,415,406
1562,380,379,363
1563,380,406,379
1564,747,701,719
1565,759,747,719
1566,701,747,723
1567,856,832,842
1568,832,827,842
1569,832,807,827
1570,781,759,788
1571,807,781,788
1572,631,679,654
1573,679,631,680
1574,699,679,680
1575,679,699,708
1576,524,493,505
1577,493,524,492
1578,493,483,505
1579,483,493,449
1580,493,448,449
1581,448,493,492
1582,400,399,366
1583,395,400,366
1584,443,424,454
1585,424,395,414
1586,424,400,395
1587,400,424,443
1588,424,455,454
1589,424,414,432
1590,455,424,432
1591,399,428,442
1592,428,443,442
1593,400,428,399
1594,428,400,443
1595,510,508,477
1596,508,510,531
1597,508,507,489
1598,477,508,489
1599,508,527,507
1600,508,531,527
1601,798,777,782
1602,777,798,772
1603,798,804,772
1604,804,798,813
1605,818,812,784
1606,812,796,784
1607,812,849,829
1608,812,818,849
1609,795,812,829
1610,796,812,795
1611,767,729,768
1612,735,729,767
1613,729,735,708
1614,729,736,768
1615,699,729,708
1616,729,699,736
1617,706,722,744
1618,662,630,652
1619,626,662,666
1620,662,626,630
1621,756,741,764
1622,741,756,728
1623,780,743,765
1624,743,744,765
1625,743,706,744
1626,706,743,718
1627,776,738,750
1628,776,806,802
1629,786,776,750
1630,806,776,786
1631,736,737,785
1632,737,736,713
1633,738,737,714
1634,670,653,654
1635,653,627,654
1636,653,611,627
1637,581,638,592
1638,581,600,638
1639,581,562,530
1640,653,646,611
1641,646,669,638
1642,600,646,638
1643,669,646,691
1644,691,646,670
1645,646,653,670
1646,586,530,532
1647,586,581,530
1648,581,586,600
1649,646,586,611
1650,586,646,600
1651,853,872,871
1652,859,853,871
1653,836,853,859
1654,822,836,821
1655,822,821,785
1656,822,785,802
1657,823,822,802
1658,353,374,389
1659,352,353,389
1660,374,353,342
1661,353,352,325
1662,353,326,342
1663,353,325,326
1664,632,613,636
1665,605,613,632
1666,613,633,636
1667,606,613,583
1668,633,613,606
1669,613,574,583
1670,574,613,605
1671,504,481,482
1672,504,520,481
1673,520,504,521
1674,492,504,482
1675,521,504,492
1676,171,190,184
1677,171,173,190
1678,175,171,184
1679,154,171,164
1680,171,175,164
1681,173,159,165
1682,145,159,151
1683,165,159,145
1684,171,159,173
1685,159,154,151
1686,159,171,154
1687,116,112,100
1688,117,116,100
1689,116,132,112
1690,116,126,132
1691,116,117,126
1692,38,20,24
1693,20,38,19
1694,24,20,10
1695,20,19,10
1696,284,281,278
1697,289,284,292
1698,281,284,286
1699,284,289,286
1700,284,278,285
1701,284,285,292
1702,367,383,407
1703,380,367,407
1704,383,367,368
1705,367,380,363
1706,367,347,368
1707,322,367,363
1708,347,367,322
1709,855,837,856
1710,837,832,856
1711,832,837,807
1712,770,747,759
1713,781,770,759
1714,690,669,722
1715,706,690,722
1716,669,690,638
1717,638,690,652
1718,662,705,666
1719,705,704,666
1720,704,705,728
1721,705,741,728
1722,741,705,718
1723,689,662,652
1724,690,689,652
1725,689,690,706
1726,742,780,764
1727,742,743,780
1728,741,742,764
1729,742,741,718
1730,743,742,718
1731,785,775,802
1732,737,775,785
1733,775,737,738
1734,775,776,802
1735,776,775,738
1736,540,587,532
1737,587,586,532
1738,586,587,611
1739,853,867,872
1740,878,867,868
1741,872,867,878
1742,867,854,868
1743,769,787,758
1744,746,769,758
1745,797,781,807
1746,797,770,781
1747,837,797,807
1748,696,706,718
1749,696,689,706
1750,705,696,718
1751,696,705,662
1752,689,696,662
1753,563,582,540
1754,582,587,540
1755,587,582,611
1756,627,582,563
1757,611,582,627
1758,840,853,836
1759,840,867,853
1760,822,840,836
1761,840,822,823
1762,867,840,854
1763,747,751,723
1764,770,751,747
1765,751,746,723
1766,751,769,746
1767,831,855,830
1768,831,837,855
1769,811,797,837
1770,831,811,837
1771,811,831,830
1772,811,791,797
1773,751,791,769
1774,797,791,770
1775,791,751,770
1776,790,791,811
1777,787,790,830
1778,790,811,830
1779,769,790,787
1780,791,790,769
1781,403,360,394
1782,360,377,394
1783,437,459,458
1784,459,437,438
1785,866,850,851
1786,850,866,865
1787,678,644,667
1788,644,678,643
1789,358,336,337
1790,358,337,359
1791,410,411,430
1792,430,411,439
1793,535,556,534
1794,556,555,534
1795,434,435,456
1796,456,435,457
1797,708,735,670
1798,670,735,707
1799,722,735,766
1800,722,766,757
1801,272,275,285
1802,278,272,285
1803,596,615,641
1804,641,615,659
1805,679,708,670
1806,679,670,654
1807,798,782,833
1808,813,798,833
1809,737,693,714
1810,693,737,713
1811,562,581,572
1812,581,592,572
1813,840,823,806
1814,840,806,854
