no.,vertice_idx1,vertice_idx2,vertice_idx3
0,1311,1507,1186
1,44,3,0
2,1311,1411,1507
3,1587,1600,1507
4,994,1123,1186
5,105,502,722
6,502,410,448
7,410,502,105
8,1380,1411,1311
9,1345,1095,437
10,745,1095,951
11,1123,1159,1186
12,1276,1268,1311
13,257,410,105
14,3,2,0
15,2,7,0
16,92,44,93
17,92,91,44
18,91,74,44
19,728,766,727
20,1347,1380,1346
21,1329,1380,1311
22,1380,1329,1346
23,273,227,282
24,1095,510,437
25,745,510,1095
26,1525,1587,1507
27,1268,1253,1311
28,977,1029,994
29,1060,1123,994
30,1029,1060,994
31,410,438,448
32,44,6,3
33,21,6,44
34,502,602,722
35,213,257,105
36,31,20,36
37,20,31,13
38,21,30,40
39,30,53,40
40,109,92,93
41,109,142,108
42,74,90,89
43,90,91,108
44,90,74,91
45,77,74,89
46,65,77,99
47,74,77,44
48,77,65,44
49,142,136,108
50,1055,1001,1064
51,907,802,852
52,1454,1475,1411
53,1417,1454,1411
54,1352,1320,1381
55,1380,1360,1411
56,1217,1145,1172
57,1095,1028,951
58,1067,1028,1095
59,1067,1109,1108
60,1109,1067,1095
61,181,205,151
62,205,145,151
63,151,145,93
64,311,273,282
65,1040,1022,1071
66,1022,1001,1055
67,1261,1262,1298
68,1236,1297,1287
69,1261,1297,1236
70,1297,1261,1298
71,1525,1562,1587
72,1562,1525,1540
73,1495,1546,1506
74,1391,1366,1367
75,1290,1304,1367
76,1120,1099,1065
77,1141,1194,1155
78,1154,1192,1215
79,1128,1163,1127
80,1599,1598,1609
81,1251,1284,1283
82,1202,1253,1268
83,1210,1252,1201
84,1201,1252,1186
85,1252,1311,1186
86,1252,1276,1311
87,1060,1096,1123
88,593,638,670
89,1030,967,1043
90,477,524,476
91,355,314,315
92,314,275,315
93,275,314,274
94,356,389,412
95,356,355,315
96,355,356,412
97,427,478,411
98,427,355,412
99,490,427,412
100,427,490,478
101,490,512,478
102,543,602,502
103,602,668,722
104,522,523,573
105,522,543,502
106,543,522,573
107,124,172,152
108,238,172,207
109,354,427,411
110,427,354,355
111,478,440,411
112,440,478,477
113,138,213,105
114,124,138,105
115,138,124,152
116,182,138,152
117,138,182,213
118,172,182,152
119,182,228,213
120,4,1,0
121,12,4,13
122,1,12,35
123,12,1,4
124,8,20,13
125,4,8,13
126,7,8,0
127,8,4,0
128,61,94,67
129,48,67,35
130,48,61,67
131,47,1,35
132,1,47,0
133,47,105,722
134,47,60,105
135,60,78,105
136,82,63,69
137,87,82,69
138,19,34,24
139,63,43,69
140,43,49,69
141,94,85,67
142,85,124,105
143,78,85,105
144,112,116,157
145,112,94,116
146,112,85,94
147,120,102,153
148,159,120,153
149,208,172,157
150,172,208,207
151,61,62,94
152,119,68,79
153,2,9,7
154,5,2,3
155,5,9,2
156,9,5,18
157,483,492,529
158,450,458,517
159,549,517,562
160,605,516,585
161,516,605,570
162,192,253,212
163,253,278,212
164,671,582,652
165,253,342,278
166,30,37,50
167,37,21,44
168,37,30,21
169,177,192,212
170,318,300,345
171,111,110,93
172,110,109,93
173,280,231,263
174,77,100,99
175,100,77,89
176,136,179,141
177,680,672,728
178,584,636,596
179,672,597,660
180,833,902,901
181,832,779,827
182,779,747,827
183,635,679,678
184,455,466,428
185,554,555,594
186,554,526,479
187,555,613,594
188,613,658,594
189,658,613,640
190,504,505,546
191,871,802,907
192,878,871,907
193,832,872,765
194,879,872,832
195,921,872,922
196,872,879,922
197,1437,1436,1409
198,1400,1411,1381
199,1400,1417,1411
200,1331,1297,1298
201,1297,1331,1320
202,1320,1331,1381
203,1321,1331,1298
204,1417,1435,1454
205,1455,1475,1454
206,1435,1455,1454
207,1455,1435,1401
208,1347,1309,1296
209,1309,1347,1346
210,1294,1329,1311
211,1253,1294,1311
212,1254,1294,1253
213,1352,1319,1320
214,1297,1319,1287
215,1319,1297,1320
216,1337,1310,1287
217,1310,1337,1336
218,1319,1337,1287
219,1337,1319,1352
220,1411,1361,1381
221,1360,1361,1411
222,1361,1352,1381
223,1361,1337,1352
224,1310,1330,1296
225,1330,1310,1336
226,1330,1347,1296
227,1347,1330,1380
228,1360,1330,1336
229,1330,1360,1380
230,1180,1130,1108
231,1200,1217,1232
232,1217,1200,1145
233,1109,1173,1108
234,1173,1095,1345
235,1246,1173,1345
236,798,745,951
237,433,424,384
238,575,550,599
239,137,143,167
240,143,137,111
241,137,110,111
242,144,123,150
243,168,151,171
244,168,181,151
245,123,130,150
246,130,123,93
247,145,130,93
248,363,433,384
249,1158,1143,1168
250,1164,1195,1157
251,1164,1121,1158
252,1121,1164,1157
253,645,644,599
254,587,615,562
255,1101,1121,1157
256,960,891,986
257,960,959,882
258,891,960,882
259,272,227,273
260,311,272,273
261,453,418,462
262,536,445,494
263,445,536,535
264,616,572,607
265,572,616,571
266,536,577,535
267,577,536,571
268,616,577,571
269,426,401,437
270,352,337,282
271,998,999,1040
272,879,898,922
273,898,832,827
274,898,879,832
275,1113,1055,1064
276,1247,1236,1287
277,1247,1218,1236
278,1218,1203,1236
279,1191,1203,1218
280,1203,1204,1236
281,1176,1191,1218
282,1137,1176,1150
283,1176,1137,1191
284,1588,1600,1587
285,1588,1591,1600
286,1580,1588,1587
287,1410,1437,1409
288,1384,1410,1409
289,1427,1418,1443
290,1418,1427,1398
291,1427,1410,1398
292,1410,1427,1437
293,1487,1495,1506
294,1487,1466,1495
295,1494,1487,1506
296,1419,1418,1391
297,767,842,805
298,766,767,805
299,767,766,728
300,1073,1120,1065
301,1265,1289,1303
302,1290,1289,1256
303,1289,1265,1256
304,1366,1324,1367
305,1289,1324,1303
306,1324,1290,1367
307,1324,1289,1290
308,1291,1282,1266
309,1364,1350,1340
310,1364,1384,1350
311,1365,1364,1340
312,1364,1365,1398
313,1410,1364,1398
314,1364,1410,1384
315,1194,1193,1155
316,1193,1192,1155
317,1280,1302,1340
318,1192,1132,1155
319,1156,1195,1198
320,1163,1156,1198
321,1156,1163,1128
322,1195,1156,1157
323,1156,1101,1157
324,1101,1156,1128
325,1195,1228,1198
326,1240,1265,1303
327,1163,1142,1127
328,1142,1114,1127
329,1194,1142,1216
330,1142,1194,1141
331,1114,1142,1141
332,1100,1141,1155
333,1132,1100,1155
334,1610,1608,1609
335,1516,1498,1529
336,1441,1474,1461
337,1498,1474,1529
338,1474,1598,1529
339,1604,1599,1609
340,1608,1604,1609
341,1604,1608,1603
342,1604,1603,1592
343,1599,1604,1592
344,1590,1603,1595
345,1603,1590,1592
346,1368,1392,1406
347,1358,1386,1351
348,1524,1503,1497
349,1432,1446,1468
350,1446,1472,1468
351,1516,1490,1498
352,1464,1503,1482
353,1202,1226,1253
354,1226,1254,1253
355,1226,1160,1167
356,1160,1226,1202
357,1160,1202,1187
358,1202,1233,1187
359,1252,1233,1276
360,1276,1233,1268
361,1233,1202,1268
362,1131,1159,1123
363,1096,1131,1123
364,763,861,722
365,786,763,722
366,763,786,861
367,861,906,994
368,906,977,994
369,977,978,1029
370,1233,1175,1187
371,1175,1160,1187
372,1175,1252,1210
373,1175,1233,1252
374,638,711,670
375,523,603,573
376,920,893,967
377,1031,989,941
378,967,989,1043
379,257,312,410
380,388,438,410
381,324,292,338
382,292,312,257
383,312,292,324
384,511,524,477
385,478,511,477
386,512,511,478
387,524,511,551
388,511,512,551
389,638,552,609
390,552,638,593
391,490,552,512
392,552,593,551
393,512,552,551
394,465,490,412
395,389,465,412
396,466,465,428
397,465,389,428
398,34,23,24
399,221,210,262
400,278,211,212
401,522,489,523
402,523,489,476
403,438,489,448
404,489,502,448
405,489,522,502
406,239,238,207
407,239,208,274
408,208,239,207
409,238,284,251
410,228,217,251
411,217,228,182
412,217,238,251
413,238,217,172
414,217,182,172
415,31,22,13
416,22,12,13
417,12,22,35
418,22,48,35
419,48,22,31
420,10,8,7
421,8,10,20
422,38,31,36
423,38,48,31
424,48,38,61
425,62,38,36
426,38,62,61
427,47,66,60
428,85,66,67
429,67,66,35
430,66,47,35
431,66,78,60
432,66,85,78
433,49,70,69
434,70,87,69
435,102,121,153
436,121,147,153
437,82,121,102
438,121,82,87
439,25,19,21
440,25,21,40
441,49,25,40
442,15,6,21
443,19,15,21
444,15,11,6
445,11,15,24
446,15,19,24
447,85,131,124
448,112,131,85
449,131,172,124
450,172,131,157
451,131,112,157
452,120,80,102
453,80,82,102
454,82,80,63
455,117,106,95
456,94,106,116
457,106,62,95
458,62,106,94
459,118,117,95
460,118,68,119
461,389,357,428
462,356,357,389
463,244,275,274
464,208,244,274
465,68,55,79
466,55,68,41
467,68,58,41
468,17,18,32
469,17,9,18
470,458,374,459
471,374,361,336
472,319,347,288
473,346,395,345
474,300,346,345
475,431,394,345
476,395,444,485
477,444,395,383
478,450,444,383
479,549,586,585
480,615,586,562
481,586,549,562
482,531,516,485
483,531,549,585
484,516,531,585
485,530,516,570
486,516,472,485
487,472,395,485
488,431,472,484
489,395,472,345
490,472,431,345
491,472,530,484
492,530,472,516
493,287,317,330
494,393,317,343
495,317,393,330
496,305,280,263
497,287,279,317
498,305,279,280
499,317,279,343
500,279,305,343
501,248,247,195
502,231,248,195
503,248,231,280
504,248,279,247
505,279,248,280
506,407,441,391
507,624,582,671
508,624,679,635
509,679,624,671
510,505,547,546
511,547,624,546
512,624,547,582
513,370,407,391
514,342,370,391
515,370,342,330
516,46,37,44
517,127,154,126
518,97,127,126
519,53,73,40
520,72,73,53
521,73,72,88
522,175,122,148
523,122,140,148
524,255,300,318
525,299,255,318
526,255,263,225
527,255,299,263
528,109,149,142
529,110,149,109
530,154,164,126
531,194,164,154
532,165,135,128
533,100,135,99
534,135,100,128
535,135,127,99
536,127,135,154
537,129,100,89
538,100,129,128
539,90,129,89
540,156,114,141
541,114,90,108
542,136,114,108
543,114,136,141
544,178,156,141
545,179,178,141
546,178,179,225
547,641,636,584
548,597,641,584
549,641,597,672
550,641,672,680
551,636,641,680
552,597,625,660
553,605,625,570
554,625,597,570
555,840,833,901
556,833,840,781
557,759,689,738
558,715,671,652
559,689,715,652
560,692,636,680
561,689,690,738
562,726,690,691
563,690,726,738
564,691,690,653
565,819,725,828
566,788,725,678
567,621,677,640
568,803,788,839
569,803,873,828
570,873,803,839
571,725,803,828
572,803,725,788
573,880,873,839
574,880,840,901
575,840,880,839
576,714,788,678
577,679,714,678
578,714,679,671
579,715,714,671
580,467,491,513
581,491,526,513
582,526,491,479
583,497,467,513
584,497,455,467
585,455,497,466
586,466,497,553
587,554,514,555
588,468,514,479
589,514,554,479
590,285,262,252
591,285,335,262
592,545,504,546
593,504,457,505
594,441,457,391
595,457,441,505
596,469,457,504
597,897,944,929
598,944,897,921
599,871,831,802
600,831,816,778
601,816,831,878
602,831,871,878
603,698,650,639
604,650,610,639
605,610,650,609
606,526,568,513
607,604,610,553
608,610,604,639
609,621,557,540
610,480,499,449
611,456,380,449
612,380,456,335
613,403,456,468
614,456,403,335
615,335,403,328
616,403,468,479
617,872,818,765
618,818,756,765
619,818,872,921
620,818,897,864
621,897,818,921
622,1479,1436,1437
623,1479,1494,1508
624,1425,1451,1477
625,1525,1526,1540
626,1476,1491,1475
627,1411,1491,1507
628,1475,1491,1411
629,1408,1435,1417
630,1435,1408,1401
631,1321,1397,1331
632,1400,1397,1417
633,1397,1408,1417
634,1397,1400,1381
635,1331,1397,1381
636,1447,1455,1401
637,1476,1447,1442
638,1447,1476,1475
639,1455,1447,1475
640,1104,1188,1167
641,1161,1234,1189
642,929,983,907
643,983,982,907
644,1209,1166,1180
645,1166,1130,1180
646,1208,1217,1172
647,1166,1208,1172
648,1208,1166,1209
649,1165,1200,1179
650,1145,1165,1085
651,1200,1165,1145
652,1200,1231,1179
653,1231,1200,1232
654,1050,1051,1085
655,1051,1009,1085
656,1009,1051,1008
657,1048,1084,1103
658,1129,1050,1085
659,1050,1129,1075
660,1181,1173,1246
661,1209,1181,1246
662,1181,1209,1180
663,1181,1180,1108
664,1173,1181,1108
665,1122,1109,1095
666,1173,1122,1095
667,1122,1173,1109
668,743,703,664
669,744,743,664
670,768,730,769
671,730,719,769
672,730,742,696
673,730,768,742
674,661,730,696
675,730,661,719
676,807,768,769
677,868,927,860
678,868,928,927
679,928,868,934
680,868,916,934
681,1009,1038,1085
682,1038,1145,1085
683,1094,1038,1039
684,1038,1094,1145
685,928,964,927
686,811,868,810
687,868,811,916
688,965,916,976
689,916,965,934
690,1028,988,951
691,988,1028,1067
692,848,811,812
693,825,848,812
694,811,885,916
695,848,885,811
696,564,501,565
697,501,564,495
698,630,648,664
699,630,601,648
700,607,630,664
701,684,649,618
702,720,666,649
703,500,460,473
704,460,500,459
705,461,424,433
706,460,432,473
707,432,461,473
708,461,432,424
709,424,432,384
710,115,144,143
711,144,115,123
712,115,143,111
713,115,111,93
714,123,115,93
715,181,200,205
716,200,264,205
717,200,168,171
718,168,200,181
719,250,256,205
720,264,250,205
721,445,451,417
722,451,534,488
723,451,445,535
724,534,451,535
725,227,271,216
726,236,271,291
727,349,363,384
728,363,349,307
729,1133,1143,1103
730,1084,1133,1103
731,1196,1164,1158
732,1196,1158,1168
733,1241,1196,1168
734,1102,1143,1158
735,1121,1102,1158
736,1326,1291,1351
737,1282,1326,1314
738,1326,1282,1291
739,598,563,575
740,563,598,642
741,587,563,642
742,587,654,615
743,654,642,695
744,654,587,642
745,845,891,882
746,598,643,642
747,645,706,644
748,706,718,644
749,980,959,1057
750,1006,980,1057
751,1101,1081,1057
752,1081,1006,1057
753,1081,1101,1128
754,1018,1005,1036
755,1005,1018,937
756,272,267,227
757,435,463,425
758,463,434,425
759,434,463,501
760,537,536,494
761,536,537,571
762,537,572,571
763,589,534,535
764,577,589,535
765,673,709,632
766,709,673,745
767,709,797,708
768,798,709,745
769,797,709,798
770,496,509,539
771,509,619,539
772,619,509,510
773,619,510,745
774,673,619,745
775,510,447,437
776,447,426,437
777,509,447,510
778,447,509,426
779,709,631,632
780,631,709,708
781,378,372,352
782,401,378,437
783,322,333,425
784,333,435,425
785,323,333,282
786,333,322,282
787,351,377,311
788,351,311,282
789,322,351,282
790,334,323,282
791,337,334,282
792,421,337,352
793,372,421,352
794,969,999,998
795,1022,956,1001
796,819,865,827
797,865,819,828
798,873,865,828
799,1022,1106,1071
800,1183,1204,1151
801,1124,1113,1064
802,1447,1412,1442
803,1412,1448,1442
804,1261,1237,1262
805,1237,1183,1262
806,1183,1237,1204
807,1237,1261,1236
808,1204,1237,1236
809,1310,1269,1287
810,1269,1247,1287
811,1112,1137,1150
812,1137,1138,1191
813,1138,1203,1191
814,1203,1138,1204
815,1204,1138,1151
816,1491,1469,1507
817,1469,1491,1476
818,1469,1476,1442
819,1448,1469,1442
820,1394,1418,1398
821,1365,1394,1398
822,1394,1365,1366
823,1394,1366,1391
824,1418,1394,1391
825,1518,1494,1506
826,1535,1518,1506
827,1480,1427,1443
828,1479,1480,1494
829,1427,1480,1437
830,1480,1479,1437
831,1487,1465,1466
832,1465,1480,1443
833,1465,1487,1494
834,1480,1465,1494
835,1444,1419,1466
836,1444,1465,1443
837,1465,1444,1466
838,1418,1444,1443
839,1419,1444,1418
840,1304,1385,1367
841,1586,1564,1581
842,672,749,728
843,749,767,728
844,957,924,925
845,843,881,842
846,1080,1018,1036
847,1080,1114,1141
848,1100,1080,1141
849,1018,1080,1024
850,1080,1100,1024
851,1126,1073,1107
852,1132,1126,1107
853,1120,1126,1154
854,1073,1126,1120
855,1126,1192,1154
856,1126,1132,1192
857,1100,1079,1024
858,1079,1132,1107
859,1079,1100,1132
860,1012,1041,1003
861,1041,1073,1065
862,1073,1074,1107
863,1074,1079,1107
864,1041,1074,1073
865,1074,1041,1012
866,1079,1074,1024
867,1241,1275,1274
868,1275,1306,1274
869,1223,1241,1168
870,1306,1335,1274
871,1220,1193,1194
872,1220,1194,1216
873,1193,1219,1192
874,1219,1220,1249
875,1220,1219,1193
876,1302,1334,1340
877,1334,1365,1340
878,1365,1334,1366
879,1334,1324,1366
880,1324,1334,1303
881,1334,1302,1303
882,1264,1302,1280
883,1264,1220,1216
884,1240,1264,1216
885,1264,1280,1249
886,1220,1264,1249
887,1302,1264,1303
888,1264,1240,1303
889,1280,1279,1249
890,1279,1219,1249
891,1279,1280,1340
892,1350,1279,1340
893,1286,1279,1350
894,1313,1286,1350
895,1286,1313,1278
896,1229,1228,1195
897,1221,1163,1198
898,1240,1221,1265
899,1228,1221,1198
900,1265,1221,1256
901,1221,1228,1256
902,1142,1206,1216
903,1206,1142,1163
904,1206,1240,1216
905,1221,1206,1163
906,1206,1221,1240
907,1608,1605,1603
908,1603,1605,1595
909,1605,1608,1610
910,1606,1601,1602
911,1601,1606,1600
912,1521,1524,1497
913,1490,1521,1497
914,1521,1490,1516
915,1521,1516,1529
916,1590,1575,1592
917,1599,1585,1598
918,1431,1386,1432
919,1431,1432,1468
920,1473,1490,1497
921,1490,1473,1440
922,1503,1473,1497
923,1464,1473,1503
924,1483,1490,1440
925,1474,1483,1461
926,1483,1474,1498
927,1490,1483,1498
928,1483,1434,1461
929,1434,1483,1440
930,1415,1434,1440
931,1434,1415,1396
932,1420,1446,1432
933,1420,1386,1395
934,1386,1420,1432
935,1463,1464,1482
936,1472,1463,1482
937,1463,1472,1446
938,1386,1359,1395
939,1359,1386,1358
940,1160,1116,1167
941,1104,1070,1088
942,1044,1015,1045
943,1131,1174,1159
944,1174,1201,1186
945,1159,1174,1186
946,786,870,861
947,876,870,786
948,870,906,861
949,870,876,919
950,981,978,919
951,981,967,1030
952,906,935,977
953,935,978,977
954,941,888,953
955,888,895,953
956,895,888,851
957,837,893,850
958,838,837,800
959,952,893,941
960,893,952,967
961,989,952,941
962,952,989,967
963,877,888,941
964,877,838,851
965,888,877,851
966,801,838,800
967,838,801,851
968,801,815,851
969,650,675,609
970,675,638,609
971,675,711,638
972,734,735,800
973,711,735,670
974,735,734,670
975,656,668,602
976,544,603,523
977,544,523,476
978,524,544,476
979,603,544,634
980,893,887,850
981,920,887,893
982,887,862,850
983,862,887,920
984,989,1021,1043
985,1021,989,1031
986,312,353,410
987,353,388,410
988,353,312,324
989,388,353,324
990,422,324,338
991,258,228,251
992,292,258,251
993,258,292,257
994,213,258,257
995,228,258,213
996,552,525,609
997,525,552,490
998,525,610,609
999,465,525,490
1000,610,525,553
1001,525,466,553
1002,525,465,466
1003,5,14,18
1004,14,23,18
1005,14,5,3
1006,6,14,3
1007,11,14,6
1008,14,11,24
1009,23,14,24
1010,262,222,252
1011,210,222,262
1012,161,222,210
1013,222,161,184
1014,176,175,148
1015,176,177,212
1016,211,176,212
1017,176,211,175
1018,140,176,148
1019,176,140,177
1020,185,184,134
1021,342,298,278
1022,298,211,278
1023,211,298,230
1024,298,297,230
1025,314,313,274
1026,239,268,238
1027,268,284,238
1028,268,239,274
1029,313,268,274
1030,268,313,284
1031,283,292,251
1032,284,283,251
1033,292,283,338
1034,283,284,338
1035,10,26,20
1036,20,26,36
1037,26,27,36
1038,52,49,40
1039,73,52,40
1040,87,71,101
1041,70,71,87
1042,71,96,101
1043,71,70,49
1044,52,71,49
1045,71,73,96
1046,71,52,73
1047,29,25,49
1048,25,29,19
1049,43,29,49
1050,19,29,34
1051,29,43,34
1052,174,120,159
1053,189,174,241
1054,158,174,189
1055,118,146,173
1056,146,118,119
1057,146,189,173
1058,146,158,189
1059,75,118,95
1060,118,75,68
1061,75,58,68
1062,62,75,95
1063,58,75,62
1064,132,106,117
1065,169,132,117
1066,106,132,116
1067,116,132,157
1068,132,169,157
1069,202,208,157
1070,169,202,157
1071,202,244,208
1072,244,202,240
1073,188,118,173
1074,118,188,117
1075,188,169,117
1076,293,356,315
1077,293,357,356
1078,275,293,315
1079,293,244,240
1080,244,293,275
1081,39,23,34
1082,39,55,41
1083,58,45,41
1084,27,45,36
1085,45,62,36
1086,45,58,62
1087,26,16,27
1088,9,16,7
1089,17,16,9
1090,16,10,7
1091,16,26,10
1092,28,17,32
1093,41,28,32
1094,45,28,41
1095,28,45,27
1096,903,937,925
1097,361,360,319
1098,347,360,383
1099,360,347,319
1100,396,374,458
1101,374,396,361
1102,396,360,361
1103,360,396,383
1104,396,450,383
1105,450,396,458
1106,301,346,300
1107,301,249,288
1108,346,359,395
1109,395,359,383
1110,359,347,383
1111,347,359,288
1112,301,359,346
1113,359,301,288
1114,358,318,345
1115,394,358,345
1116,358,299,318
1117,486,444,450
1118,486,450,517
1119,549,486,517
1120,444,486,485
1121,486,531,485
1122,531,486,549
1123,492,560,529
1124,560,584,529
1125,560,597,584
1126,279,254,247
1127,254,279,287
1128,527,482,471
1129,482,527,548
1130,614,569,596
1131,636,614,596
1132,692,614,636
1133,614,692,691
1134,614,691,653
1135,569,528,596
1136,528,527,471
1137,527,528,569
1138,528,483,529
1139,528,443,483
1140,528,584,596
1141,584,528,529
1142,506,548,582
1143,547,506,582
1144,482,506,470
1145,506,482,548
1146,506,441,470
1147,441,506,505
1148,506,547,505
1149,370,392,407
1150,392,441,407
1151,393,392,330
1152,392,370,330
1153,392,393,470
1154,441,392,470
1155,65,57,44
1156,76,57,65
1157,57,76,59
1158,57,46,44
1159,46,57,59
1160,127,98,99
1161,98,127,97
1162,98,65,99
1163,98,76,65
1164,76,98,97
1165,177,163,192
1166,140,163,177
1167,164,163,126
1168,72,54,50
1169,54,72,53
1170,54,30,50
1171,54,53,30
1172,76,84,59
1173,84,64,59
1174,64,84,83
1175,84,76,97
1176,73,107,96
1177,107,73,88
1178,122,107,88
1179,96,107,134
1180,84,103,83
1181,103,163,140
1182,381,344,382
1183,382,344,408
1184,305,344,343
1185,344,381,343
1186,344,299,408
1187,299,344,263
1188,344,305,263
1189,482,442,471
1190,442,393,343
1191,393,442,470
1192,442,482,470
1193,583,527,569
1194,614,583,569
1195,548,583,582
1196,527,583,548
1197,583,614,653
1198,583,653,652
1199,582,583,652
1200,423,381,382
1201,423,528,471
1202,528,423,443
1203,423,382,408
1204,443,423,408
1205,255,215,300
1206,215,255,225
1207,179,215,225
1208,166,149,110
1209,166,137,167
1210,137,166,110
1211,186,194,154
1212,135,186,154
1213,186,135,165
1214,186,165,195
1215,247,186,195
1216,194,186,247
1217,155,129,156
1218,165,155,195
1219,155,165,128
1220,129,155,128
1221,155,231,195
1222,178,196,156
1223,155,196,231
1224,196,155,156
1225,231,196,263
1226,263,196,225
1227,196,178,225
1228,788,780,839
1229,780,840,839
1230,840,780,781
1231,714,780,788
1232,912,948,909
1233,948,931,909
1234,948,912,1003
1235,866,912,909
1236,854,866,909
1237,881,866,842
1238,866,881,912
1239,842,866,805
1240,726,782,738
1241,782,726,727
1242,782,766,805
1243,766,782,727
1244,866,782,805
1245,782,866,854
1246,931,889,909
1247,889,854,909
1248,889,947,902
1249,947,889,931
1250,1023,985,992
1251,985,1023,1064
1252,1001,985,1064
1253,759,758,689
1254,758,715,689
1255,715,758,781
1256,758,833,781
1257,758,804,833
1258,804,758,759
1259,748,725,819
1260,747,748,827
1261,748,819,827
1262,779,737,747
1263,687,677,621
1264,737,687,747
1265,687,737,677
1266,277,285,252
1267,297,277,230
1268,581,624,635
1269,624,581,546
1270,581,545,546
1271,623,580,635
1272,580,581,635
1273,581,580,545
1274,469,503,481
1275,545,503,504
1276,503,469,504
1277,990,968,998
1278,968,969,998
1279,968,921,922
1280,969,968,922
1281,954,944,921
1282,954,990,944
1283,968,954,921
1284,954,968,990
1285,896,897,929
1286,896,907,852
1287,896,929,907
1288,864,896,852
1289,897,896,864
1290,756,724,765
1291,724,658,640
1292,895,863,878
1293,863,816,878
1294,816,863,815
1295,815,863,851
1296,863,895,851
1297,943,895,878
1298,1015,943,982
1299,943,878,907
1300,982,943,907
1301,657,698,639
1302,604,657,639
1303,657,604,611
1304,568,612,611
1305,612,554,594
1306,658,612,594
1307,612,658,676
1308,554,612,526
1309,612,568,526
1310,567,568,611
1311,604,567,611
1312,568,567,513
1313,567,604,553
1314,497,567,553
1315,567,497,513
1316,595,621,640
1317,595,557,621
1318,613,595,640
1319,557,498,540
1320,498,499,540
1321,498,456,449
1322,499,498,449
1323,456,498,468
1324,498,514,468
1325,515,499,480
1326,515,480,481
1327,499,515,540
1328,503,515,481
1329,623,688,659
1330,725,688,678
1331,688,635,678
1332,688,623,635
1333,623,574,558
1334,515,574,540
1335,574,515,558
1336,574,621,540
1337,817,864,852
1338,817,818,864
1339,802,817,852
1340,1517,1512,1540
1341,1541,1512,1513
1342,1541,1562,1540
1343,1512,1541,1540
1344,1527,1514,1508
1345,1514,1527,1513
1346,1534,1527,1508
1347,1426,1451,1425
1348,1357,1426,1425
1349,1353,1357,1382
1350,1357,1323,1288
1351,1323,1248,1288
1352,1248,1323,1301
1353,1353,1323,1357
1354,1390,1357,1425
1355,1413,1390,1425
1356,1357,1390,1382
1357,1390,1413,1382
1358,1450,1425,1477
1359,1450,1413,1425
1360,1484,1448,1423
1361,1484,1469,1448
1362,1226,1197,1254
1363,1197,1188,1254
1364,1197,1226,1167
1365,1188,1197,1167
1366,1117,1104,1088
1367,1227,1188,1189
1368,1234,1227,1189
1369,1188,1227,1254
1370,1227,1259,1254
1371,1259,1227,1309
1372,1295,1259,1309
1373,1329,1295,1346
1374,1295,1309,1346
1375,1259,1295,1254
1376,1294,1295,1329
1377,1295,1294,1254
1378,984,990,1017
1379,990,984,944
1380,1016,984,1017
1381,984,1016,983
1382,944,984,929
1383,984,983,929
1384,983,997,982
1385,997,1015,982
1386,1015,997,1045
1387,997,1016,1045
1388,1016,997,983
1389,1011,1042,1039
1390,1042,1094,1039
1391,965,1042,1011
1392,1145,1135,1172
1393,1094,1135,1145
1394,1135,1166,1172
1395,1166,1135,1130
1396,993,972,963
1397,1129,1144,1075
1398,1027,1084,1048
1399,1027,961,962
1400,961,1027,1048
1401,1230,1242,1266
1402,1242,1293,1266
1403,1165,1148,1085
1404,1148,1129,1085
1405,1148,1165,1179
1406,703,655,664
1407,655,607,664
1408,655,616,607
1409,616,655,663
1410,655,703,663
1411,875,915,867
1412,790,807,769
1413,719,790,769
1414,661,662,719
1415,973,1009,1008
1416,915,973,963
1417,964,973,927
1418,973,964,1009
1419,993,973,1008
1420,973,993,963
1421,915,914,867
1422,914,915,963
1423,972,914,963
1424,807,829,768
1425,868,809,810
1426,809,808,743
1427,744,809,743
1428,809,744,810
1429,808,809,860
1430,809,868,860
1431,974,928,934
1432,974,964,928
1433,744,770,810
1434,770,811,810
1435,965,975,934
1436,975,965,1011
1437,975,974,934
1438,869,911,905
1439,869,825,813
1440,939,911,951
1441,988,939,951
1442,911,939,905
1443,886,885,848
1444,886,848,825
1445,886,869,905
1446,869,886,825
1447,836,797,798
1448,836,798,951
1449,911,836,951
1450,869,836,911
1451,797,836,813
1452,836,869,813
1453,541,564,601
1454,630,541,601
1455,564,541,495
1456,572,541,607
1457,541,630,607
1458,495,541,462
1459,541,453,462
1460,453,541,494
1461,541,537,494
1462,537,541,572
1463,732,774,721
1464,825,774,813
1465,774,797,813
1466,797,774,708
1467,774,732,708
1468,685,684,618
1469,685,732,721
1470,684,685,721
1471,707,684,721
1472,707,773,720
1473,707,720,649
1474,684,707,649
1475,774,785,721
1476,785,774,825
1477,785,707,721
1478,707,785,773
1479,785,825,812
1480,773,785,812
1481,770,771,811
1482,771,666,720
1483,617,578,649
1484,666,617,649
1485,461,508,473
1486,508,500,473
1487,508,550,575
1488,500,508,575
1489,249,242,288
1490,270,319,288
1491,242,270,288
1492,270,242,243
1493,143,198,167
1494,256,170,205
1495,199,170,256
1496,170,145,205
1497,170,130,145
1498,130,170,150
1499,170,199,150
1500,397,432,460
1501,397,460,459
1502,264,303,307
1503,363,303,308
1504,303,363,307
1505,281,264,307
1506,281,250,264
1507,306,281,307
1508,250,281,256
1509,281,306,256
1510,206,236,201
1511,206,227,216
1512,227,206,171
1513,206,201,171
1514,290,236,291
1515,290,320,308
1516,320,290,291
1517,235,200,171
1518,290,235,236
1519,200,235,264
1520,320,350,308
1521,350,320,371
1522,386,350,371
1523,453,452,418
1524,452,399,418
1525,452,453,494
1526,445,452,494
1527,385,363,308
1528,350,385,308
1529,385,350,386
1530,363,385,433
1531,416,451,488
1532,386,416,488
1533,451,416,417
1534,416,371,417
1535,416,386,371
1536,1143,1169,1168
1537,1133,1169,1143
1538,1164,1222,1195
1539,1196,1222,1164
1540,1222,1229,1195
1541,1229,1222,1274
1542,1222,1241,1274
1543,1222,1196,1241
1544,1143,1115,1103
1545,1102,1115,1143
1546,1026,961,1048
1547,1326,1369,1314
1548,1369,1392,1368
1549,1335,1369,1368
1550,1369,1306,1314
1551,1369,1335,1306
1552,1292,1291,1266
1553,1293,1292,1266
1554,1291,1292,1351
1555,507,458,459
1556,507,563,587
1557,507,587,562
1558,517,507,562
1559,458,507,517
1560,500,518,459
1561,518,507,459
1562,507,518,563
1563,518,500,575
1564,563,518,575
1565,740,643,718
1566,642,740,695
1567,643,740,642
1568,883,904,835
1569,883,884,961
1570,718,627,644
1571,643,627,718
1572,627,575,599
1573,644,627,599
1574,627,598,575
1575,627,643,598
1576,980,938,959
1577,1081,1037,1006
1578,1005,1037,1036
1579,1037,1005,1006
1580,267,266,227
1581,321,266,332
1582,266,271,227
1583,266,321,271
1584,376,366,418
1585,399,376,418
1586,376,399,332
1587,266,304,332
1588,304,266,267
1589,304,376,332
1590,376,304,366
1591,304,267,272
1592,463,542,501
1593,542,578,565
1594,501,542,565
1595,419,495,462
1596,418,419,462
1597,366,419,418
1598,419,366,377
1599,420,501,495
1600,420,434,501
1601,419,420,495
1602,420,419,377
1603,351,420,377
1604,742,683,696
1605,741,683,742
1606,683,706,645
1607,683,741,706
1608,589,588,534
1609,533,588,606
1610,628,588,589
1611,633,673,632
1612,633,619,673
1613,619,633,539
1614,591,496,539
1615,631,591,632
1616,633,591,539
1617,591,633,632
1618,426,446,401
1619,509,446,426
1620,446,509,496
1621,378,436,372
1622,436,421,372
1623,436,446,496
1624,436,378,401
1625,446,436,401
1626,387,333,323
1627,333,387,435
1628,334,387,323
1629,387,334,337
1630,421,387,337
1631,387,421,435
1632,898,955,922
1633,955,969,922
1634,969,955,999
1635,956,945,1001
1636,945,985,1001
1637,985,945,946
1638,1152,1151,1071
1639,1106,1152,1071
1640,1152,1106,1162
1641,1152,1183,1151
1642,1183,1152,1162
1643,1338,1397,1321
1644,1183,1299,1262
1645,1299,1338,1321
1646,1262,1299,1298
1647,1299,1321,1298
1648,1023,1056,1064
1649,1056,1124,1064
1650,1238,1270,1285
1651,1238,1299,1183
1652,1299,1238,1285
1653,1238,1184,1239
1654,1270,1238,1239
1655,1124,1139,1113
1656,1113,1119,1055
1657,1139,1119,1113
1658,1119,1139,1184
1659,1408,1373,1401
1660,1397,1373,1408
1661,1338,1373,1397
1662,1448,1402,1423
1663,1412,1402,1448
1664,1402,1389,1423
1665,1389,1403,1423
1666,1413,1403,1382
1667,1403,1389,1382
1668,1263,1278,1288
1669,1248,1263,1288
1670,1260,1310,1296
1671,1260,1269,1310
1672,1309,1260,1296
1673,1227,1260,1309
1674,1260,1227,1234
1675,1247,1243,1218
1676,1269,1243,1247
1677,1047,1040,1071
1678,1047,998,1040
1679,1047,990,998
1680,1105,1138,1137
1681,1105,1112,1045
1682,1112,1105,1137
1683,1494,1522,1508
1684,1518,1522,1494
1685,1522,1534,1508
1686,1522,1518,1535
1687,1554,1564,1570
1688,1564,1554,1546
1689,1546,1554,1506
1690,1554,1535,1506
1691,1554,1553,1535
1692,1588,1569,1570
1693,1569,1588,1580
1694,1466,1481,1495
1695,1596,1581,1589
1696,1596,1586,1581
1697,1591,1596,1600
1698,1586,1596,1591
1699,1564,1583,1570
1700,1583,1564,1586
1701,1583,1586,1591
1702,1583,1588,1570
1703,1588,1583,1591
1704,1575,1559,1560
1705,1564,1565,1581
1706,1565,1564,1546
1707,1581,1577,1589
1708,1565,1577,1581
1709,1577,1565,1566
1710,793,855,843
1711,958,957,925
1712,937,958,925
1713,1018,958,937
1714,958,1018,1024
1715,957,958,1024
1716,957,970,924
1717,890,881,843
1718,855,890,843
1719,924,890,925
1720,890,855,925
1721,912,979,1003
1722,979,1012,1003
1723,1281,1223,1282
1724,1281,1282,1314
1725,1281,1275,1241
1726,1223,1281,1241
1727,1306,1281,1314
1728,1275,1281,1306
1729,1378,1335,1368
1730,1378,1368,1406
1731,1385,1378,1406
1732,1325,1305,1274
1733,1335,1325,1274
1734,1378,1325,1335
1735,1325,1378,1385
1736,1305,1325,1304
1737,1325,1385,1304
1738,1219,1255,1192
1739,1192,1255,1215
1740,1255,1279,1286
1741,1279,1255,1219
1742,1255,1278,1215
1743,1255,1286,1278
1744,1333,1357,1288
1745,1278,1333,1288
1746,1313,1333,1278
1747,1333,1313,1350
1748,1333,1426,1357
1749,1228,1273,1256
1750,1229,1273,1228
1751,1273,1290,1256
1752,1273,1304,1290
1753,1273,1305,1304
1754,1305,1273,1274
1755,1273,1229,1274
1756,1607,1606,1602
1757,1605,1607,1602
1758,1606,1607,1610
1759,1607,1605,1610
1760,1575,1579,1592
1761,1579,1576,1585
1762,1576,1579,1561
1763,1561,1579,1560
1764,1579,1575,1560
1765,1370,1326,1351
1766,1386,1370,1351
1767,1431,1370,1386
1768,1369,1370,1392
1769,1370,1369,1326
1770,1471,1431,1468
1771,1538,1503,1524
1772,1538,1533,1503
1773,1537,1561,1560
1774,1537,1533,1561
1775,1559,1537,1560
1776,1537,1559,1536
1777,1473,1460,1440
1778,1460,1473,1464
1779,1434,1422,1461
1780,1422,1434,1396
1781,1422,1441,1461
1782,1422,1416,1441
1783,1393,1422,1396
1784,1422,1393,1416
1785,1359,1371,1395
1786,1371,1359,1341
1787,1371,1399,1395
1788,1359,1327,1341
1789,1327,1293,1283
1790,1327,1359,1358
1791,1327,1358,1351
1792,1292,1327,1351
1793,1327,1292,1293
1794,1021,1078,1043
1795,1078,1031,1062
1796,1078,1021,1031
1797,1078,1069,1043
1798,1069,1030,1043
1799,1069,1068,1030
1800,1175,1111,1160
1801,1111,1116,1160
1802,1069,1111,1068
1803,1111,1078,1116
1804,1111,1069,1078
1805,1098,1104,1167
1806,1116,1098,1167
1807,1070,1098,1062
1808,1098,1070,1104
1809,1098,1078,1062
1810,1078,1098,1116
1811,996,1044,1088
1812,1044,996,1015
1813,996,943,1015
1814,1112,1089,1045
1815,1089,1044,1045
1816,1044,1089,1088
1817,1136,1111,1175
1818,849,876,814
1819,940,981,919
1820,876,940,919
1821,940,920,967
1822,981,940,967
1823,940,862,920
1824,849,940,876
1825,940,849,862
1826,978,1020,1029
1827,981,1020,978
1828,978,918,919
1829,935,918,978
1830,918,935,906
1831,918,870,919
1832,870,918,906
1833,799,734,800
1834,837,799,800
1835,799,837,850
1836,837,894,893
1837,893,894,941
1838,894,877,941
1839,894,837,838
1840,877,894,838
1841,801,752,815
1842,698,723,650
1843,723,675,650
1844,751,801,800
1845,735,751,800
1846,751,735,711
1847,752,751,711
1848,751,752,801
1849,669,634,670
1850,734,669,670
1851,862,826,850
1852,826,849,814
1853,849,826,862
1854,656,637,686
1855,603,637,573
1856,668,697,722
1857,656,697,668
1858,697,656,686
1859,775,776,814
1860,876,775,814
1861,775,876,786
1862,775,786,722
1863,697,775,722
1864,710,787,686
1865,826,787,850
1866,776,787,814
1867,787,826,814
1868,544,592,634
1869,592,544,524
1870,592,524,551
1871,593,592,551
1872,592,593,670
1873,634,592,670
1874,439,388,324
1875,422,439,324
1876,388,439,438
1877,439,422,476
1878,489,439,476
1879,439,489,438
1880,379,422,338
1881,422,379,440
1882,440,379,411
1883,220,190,221
1884,221,191,210
1885,190,191,221
1886,147,191,153
1887,191,190,153
1888,246,222,184
1889,246,185,230
1890,185,246,184
1891,277,246,230
1892,222,246,252
1893,246,277,252
1894,133,87,101
1895,133,121,87
1896,121,133,147
1897,184,139,134
1898,161,139,184
1899,133,139,161
1900,96,139,101
1901,139,96,134
1902,139,133,101
1903,203,211,230
1904,185,203,230
1905,211,203,175
1906,480,429,481
1907,429,404,481
1908,429,480,449
1909,405,469,481
1910,404,405,481
1911,339,313,354
1912,339,379,338
1913,284,339,338
1914,313,339,284
1915,339,354,411
1916,379,339,411
1917,219,189,241
1918,189,219,173
1919,174,113,120
1920,113,174,158
1921,113,80,120
1922,113,86,80
1923,214,174,159
1924,174,214,241
1925,218,219,269
1926,209,202,169
1927,188,209,169
1928,202,209,240
1929,218,209,188
1930,209,218,240
1931,293,259,357
1932,259,218,269
1933,259,293,240
1934,218,259,240
1935,455,413,467
1936,413,455,428
1937,368,316,326
1938,316,294,326
1939,42,39,34
1940,42,43,63
1941,43,42,34
1942,39,33,23
1943,18,33,32
1944,23,33,18
1945,33,41,32
1946,33,39,41
1947,834,845,882
1948,874,834,882
1949,415,358,394
1950,415,443,408
1951,299,415,408
1952,358,415,299
1953,415,394,431
1954,415,492,483
1955,443,415,483
1956,682,605,585
1957,694,654,695
1958,654,694,615
1959,855,856,925
1960,856,903,925
1961,561,492,484
1962,561,560,492
1963,530,561,484
1964,561,530,570
1965,597,561,570
1966,560,561,597
1967,224,254,223
1968,224,194,247
1969,254,224,247
1970,223,286,253
1971,254,286,223
1972,342,286,330
1973,286,342,253
1974,286,287,330
1975,286,254,287
1976,193,164,223
1977,193,163,164
1978,163,193,192
1979,193,253,192
1980,193,223,253
1981,51,46,59
1982,64,51,59
1983,46,51,37
1984,37,51,50
1985,51,64,50
1986,81,64,83
1987,72,81,88
1988,81,72,50
1989,64,81,50
1990,103,81,83
1991,81,122,88
1992,122,81,140
1993,81,103,140
1994,104,97,126
1995,104,84,97
1996,104,103,84
1997,163,104,126
1998,103,104,163
1999,162,122,175
2000,162,107,122
2001,107,162,134
2002,162,185,134
2003,203,162,175
2004,162,203,185
2005,442,430,471
2006,430,423,471
2007,423,430,381
2008,381,430,343
2009,430,442,343
2010,232,301,300
2011,215,232,300
2012,301,232,249
2013,232,166,249
2014,232,215,149
2015,166,232,149
2016,180,215,179
2017,180,136,142
2018,180,179,136
2019,149,180,142
2020,215,180,149
2021,947,936,902
2022,936,947,992
2023,902,936,901
2024,936,946,901
2025,985,936,992
2026,936,985,946
2027,1099,1034,1065
2028,782,820,738
2029,820,782,854
2030,820,759,738
2031,820,804,759
2032,833,841,902
2033,804,841,833
2034,277,340,285
2035,285,340,335
2036,340,380,335
2037,559,623,558
2038,559,580,623
2039,515,559,558
2040,559,515,503
2041,580,559,545
2042,559,503,545
2043,724,704,658
2044,704,724,756
2045,658,704,676
2046,704,756,755
2047,737,705,677
2048,677,705,640
2049,705,724,640
2050,895,942,953
2051,943,942,895
2052,942,996,953
2053,996,942,943
2054,657,699,698
2055,651,657,611
2056,612,651,611
2057,651,612,676
2058,651,699,657
2059,498,556,514
2060,556,498,557
2061,514,556,555
2062,595,556,557
2063,556,613,555
2064,556,595,613
2065,748,700,725
2066,700,688,725
2067,688,700,659
2068,700,687,659
2069,700,748,747
2070,687,700,747
2071,622,623,659
2072,622,574,623
2073,574,622,621
2074,687,622,659
2075,622,687,621
2076,1530,1526,1511
2077,1517,1530,1511
2078,1526,1530,1540
2079,1530,1517,1540
2080,1534,1544,1527
2081,1527,1542,1513
2082,1542,1541,1513
2083,1544,1542,1527
2084,1541,1542,1562
2085,1542,1544,1562
2086,1563,1580,1587
2087,1486,1517,1477
2088,1517,1486,1512
2089,1451,1486,1477
2090,1478,1486,1451
2091,1512,1492,1513
2092,1492,1514,1513
2093,1486,1492,1512
2094,1492,1486,1478
2095,1457,1478,1451
2096,1426,1457,1451
2097,1479,1457,1436
2098,1404,1384,1409
2099,1436,1404,1409
2100,1457,1404,1436
2101,1404,1457,1426
2102,1456,1484,1423
2103,1484,1456,1505
2104,1469,1504,1507
2105,1484,1504,1469
2106,1504,1484,1505
2107,1504,1525,1507
2108,1504,1505,1525
2109,1146,1188,1104
2110,1117,1146,1104
2111,1188,1146,1189
2112,1146,1161,1189
2113,1130,1077,1108
2114,1086,1077,1130
2115,1258,1231,1232
2116,1217,1267,1232
2117,1267,1258,1232
2118,1208,1267,1217
2119,1308,1267,1246
2120,1267,1209,1246
2121,1267,1208,1209
2122,1007,972,993
2123,1007,993,1050
2124,1007,1050,1075
2125,1134,1133,1084
2126,1134,1084,1075
2127,1144,1134,1075
2128,1134,1144,1171
2129,1207,1242,1230
2130,1207,1225,1242
2131,1178,1144,1129
2132,1148,1178,1129
2133,1178,1148,1179
2134,1251,1178,1179
2135,1225,1178,1251
2136,807,830,867
2137,790,830,807
2138,830,875,867
2139,875,830,860
2140,808,791,743
2141,791,703,743
2142,791,830,790
2143,791,808,860
2144,830,791,860
2145,662,629,663
2146,629,616,663
2147,629,577,616
2148,629,589,577
2149,629,628,589
2150,629,662,661
2151,628,629,661
2152,875,910,915
2153,910,973,915
2154,973,910,927
2155,927,910,860
2156,910,875,860
2157,914,933,892
2158,933,914,972
2159,914,859,867
2160,859,807,867
2161,859,829,807
2162,859,914,892
2163,829,859,892
2164,974,1010,964
2165,1038,1010,1039
2166,1010,1011,1039
2167,966,1019,976
2168,916,966,976
2169,885,966,916
2170,631,667,618
2171,667,685,618
2172,667,631,708
2173,732,667,708
2174,685,667,732
2175,772,773,812
2176,811,772,812
2177,771,772,811
2178,773,772,720
2179,772,771,720
2180,608,617,666
2181,665,608,666
2182,578,608,565
2183,617,608,578
2184,608,564,565
2185,564,608,601
2186,601,608,648
2187,608,665,648
2188,731,770,744
2189,665,731,648
2190,731,771,770
2191,648,731,664
2192,731,744,664
2193,771,731,666
2194,731,665,666
2195,197,166,167
2196,198,197,167
2197,166,197,249
2198,197,242,249
2199,242,197,243
2200,197,198,243
2201,270,289,319
2202,361,289,336
2203,289,361,319
2204,144,204,143
2205,204,198,143
2206,204,144,150
2207,306,302,256
2208,302,331,336
2209,302,289,234
2210,289,302,336
2211,375,374,336
2212,331,375,336
2213,374,375,459
2214,375,397,459
2215,302,362,331
2216,362,302,306
2217,362,375,331
2218,375,362,397
2219,432,362,384
2220,397,362,432
2221,237,271,236
2222,206,237,236
2223,271,237,216
2224,237,206,216
2225,201,187,171
2226,187,235,171
2227,236,187,201
2228,235,187,236
2229,265,303,264
2230,235,265,264
2231,303,265,308
2232,265,290,308
2233,265,235,290
2234,320,364,371
2235,1224,1230,1266
2236,1224,1223,1168
2237,1169,1224,1168
2238,1282,1224,1266
2239,1223,1224,1282
2240,1082,1026,1048
2241,1082,1115,1102
2242,1026,1025,986
2243,1025,960,986
2244,904,846,835
2245,846,904,891
2246,845,858,891
2247,823,858,845
2248,858,846,891
2249,846,858,823
2250,891,949,986
2251,904,949,891
2252,949,1026,986
2253,1026,949,961
2254,949,883,961
2255,949,904,883
2256,926,884,892
2257,933,926,892
2258,926,933,962
2259,1005,971,1006
2260,971,980,1006
2261,971,938,980
2262,971,1005,937
2263,959,913,882
2264,938,913,959
2265,913,874,882
2266,913,938,874
2267,1092,1037,1081
2268,1092,1128,1127
2269,1092,1081,1128
2270,304,310,366
2271,377,310,311
2272,366,310,377
2273,310,272,311
2274,310,304,272
2275,420,400,434
2276,400,420,351
2277,434,400,425
2278,400,322,425
2279,400,351,322
2280,646,683,645
2281,647,646,606
2282,647,661,696
2283,647,628,661
2284,588,647,606
2285,647,588,628
2286,683,647,696
2287,646,647,683
2288,588,519,534
2289,519,588,533
2290,534,519,488
2291,519,533,488
2292,590,591,631
2293,590,631,618
2294,579,590,618
2295,538,590,579
2296,590,538,454
2297,591,590,496
2298,538,475,454
2299,520,542,463
2300,899,900,956
2301,900,899,865
2302,899,898,827
2303,865,899,827
2304,955,1000,999
2305,1000,1022,1040
2306,999,1000,1040
2307,945,930,946
2308,946,930,901
2309,930,880,901
2310,908,945,956
2311,900,908,956
2312,908,930,945
2313,908,865,873
2314,908,900,865
2315,880,908,873
2316,930,908,880
2317,1238,1205,1184
2318,1205,1183,1162
2319,1205,1238,1183
2320,1119,1091,1055
2321,1091,1119,1106
2322,1091,1022,1055
2323,1091,1106,1022
2324,1106,1147,1162
2325,1119,1147,1106
2326,1147,1119,1184
2327,1147,1205,1162
2328,1205,1147,1184
2329,1348,1299,1285
2330,1348,1356,1373
2331,1299,1348,1338
2332,1348,1373,1338
2333,1376,1402,1375
2334,1402,1376,1389
2335,1140,1120,1154
2336,1185,1140,1154
2337,1120,1140,1099
2338,1278,1214,1215
2339,1263,1214,1278
2340,1214,1154,1215
2341,1214,1185,1154
2342,1184,1212,1239
2343,1139,1212,1184
2344,1277,1270,1239
2345,1277,1322,1270
2346,1322,1277,1312
2347,1332,1323,1353
2348,1332,1339,1312
2349,1323,1332,1301
2350,1211,1176,1218
2351,1243,1211,1218
2352,1016,1063,1045
2353,1063,1105,1045
2354,1063,1016,1017
2355,1428,1452,1419
2356,1419,1452,1466
2357,1452,1481,1466
2358,1481,1452,1470
2359,1405,1419,1391
2360,1405,1428,1419
2361,1405,1391,1367
2362,1385,1405,1367
2363,1405,1429,1428
2364,1405,1385,1406
2365,1429,1405,1406
2366,1559,1555,1536
2367,1574,1575,1590
2368,1574,1559,1575
2369,1574,1555,1559
2370,1574,1590,1595
2371,1577,1582,1589
2372,1582,1577,1566
2373,792,793,843
2374,749,792,767
2375,792,843,842
2376,767,792,842
2377,1074,1004,1024
2378,1004,1074,1012
2379,1004,957,1024
2380,1004,970,957
2381,979,1004,1012
2382,1004,979,970
2383,923,890,924
2384,890,923,881
2385,970,923,924
2386,979,923,970
2387,881,923,912
2388,923,979,912
2389,1598,1571,1529
2390,1585,1571,1598
2391,1576,1571,1585
2392,1430,1429,1406
2393,1472,1489,1468
2394,1489,1471,1468
2395,1438,1439,1462
2396,1503,1502,1482
2397,1502,1472,1482
2398,1502,1489,1472
2399,1393,1383,1416
2400,1441,1383,1345
2401,1416,1383,1441
2402,1433,1415,1440
2403,1460,1433,1440
2404,1433,1460,1464
2405,1315,1327,1283
2406,1327,1315,1341
2407,1284,1315,1283
2408,1032,1031,941
2409,1031,1032,1062
2410,1032,1070,1062
2411,1070,995,1088
2412,995,996,1088
2413,1032,995,1070
2414,996,995,953
2415,995,941,953
2416,995,1032,941
2417,1146,1118,1161
2418,1118,1146,1117
2419,1161,1118,1150
2420,1118,1112,1150
2421,1118,1089,1112
2422,1182,1175,1210
2423,1182,1136,1175
2424,1182,1210,1201
2425,1174,1182,1201
2426,1149,1174,1131
2427,1149,1182,1174
2428,1182,1149,1136
2429,1014,981,1030
2430,1014,1020,981
2431,1068,1014,1030
2432,1020,1054,1029
2433,675,712,711
2434,712,752,711
2435,723,712,675
2436,712,723,752
2437,723,736,778
2438,736,723,698
2439,777,723,778
2440,723,777,752
2441,752,777,815
2442,816,777,778
2443,777,816,815
2444,746,669,734
2445,669,746,710
2446,799,746,734
2447,746,787,710
2448,746,799,850
2449,787,746,850
2450,637,620,573
2451,620,637,656
2452,620,656,602
2453,620,543,573
2454,543,620,602
2455,674,669,710
2456,674,710,686
2457,637,674,686
2458,669,674,634
2459,674,603,634
2460,674,637,603
2461,775,733,776
2462,733,775,697
2463,733,697,686
2464,787,733,686
2465,733,787,776
2466,327,402,326
2467,402,368,326
2468,491,402,479
2469,402,491,467
2470,413,402,467
2471,402,413,368
2472,260,296,295
2473,296,335,328
2474,335,296,262
2475,261,260,229
2476,220,261,229
2477,261,296,260
2478,261,220,221
2479,261,221,262
2480,296,261,262
2481,220,183,190
2482,183,159,153
2483,190,183,153
2484,183,220,229
2485,183,214,159
2486,214,183,229
2487,160,191,147
2488,133,160,147
2489,160,133,161
2490,160,161,210
2491,191,160,210
2492,406,457,469
2493,405,406,469
2494,457,406,391
2495,369,405,404
2496,369,406,405
2497,406,369,391
2498,369,342,391
2499,369,298,342
2500,86,125,79
2501,113,125,86
2502,125,119,79
2503,125,113,158
2504,125,146,119
2505,146,125,158
2506,214,245,241
2507,245,260,295
2508,260,245,229
2509,245,214,229
2510,294,245,295
2511,245,294,241
2512,357,367,428
2513,367,413,428
2514,413,367,368
2515,367,316,368
2516,316,276,294
2517,294,276,241
2518,276,219,241
2519,219,276,269
2520,56,42,63
2521,42,56,39
2522,80,56,63
2523,39,56,55
2524,86,56,80
2525,55,56,79
2526,56,86,79
2527,740,794,695
2528,783,794,740
2529,834,794,845
2530,794,823,845
2531,794,783,823
2532,682,693,717
2533,681,625,605
2534,682,681,605
2535,625,681,660
2536,793,789,855
2537,789,856,855
2538,844,834,874
2539,1033,1056,1023
2540,1033,1023,992
2541,947,1033,992
2542,1034,1033,947
2543,1035,1041,1065
2544,1034,1035,1065
2545,889,853,854
2546,853,820,854
2547,853,889,902
2548,841,853,902
2549,820,853,804
2550,853,841,804
2551,340,414,380
2552,380,414,449
2553,414,429,449
2554,341,277,297
2555,341,340,277
2556,341,369,404
2557,757,705,737
2558,757,737,779
2559,724,757,765
2560,705,757,724
2561,757,832,765
2562,757,779,832
2563,699,764,698
2564,764,736,698
2565,736,764,778
2566,764,831,778
2567,831,764,802
2568,764,753,802
2569,753,764,699
2570,704,713,676
2571,713,704,755
2572,713,651,676
2573,651,713,699
2574,713,753,699
2575,1568,1569,1580
2576,1563,1568,1580
2577,1552,1563,1534
2578,1552,1568,1563
2579,1553,1552,1535
2580,1562,1572,1587
2581,1572,1563,1587
2582,1544,1572,1562
2583,1492,1493,1514
2584,1493,1479,1508
2585,1514,1493,1508
2586,1493,1492,1478
2587,1333,1377,1426
2588,1377,1404,1426
2589,1377,1333,1350
2590,1384,1377,1350
2591,1404,1377,1384
2592,1450,1449,1413
2593,1449,1485,1456
2594,1517,1485,1477
2595,1485,1517,1511
2596,1485,1450,1477
2597,1485,1449,1450
2598,1053,1019,1067
2599,1053,1067,1108
2600,1077,1053,1108
2601,1042,1076,1094
2602,1076,1135,1094
2603,1135,1076,1130
2604,1076,1086,1130
2605,1086,1052,1077
2606,1052,1076,1042
2607,1076,1052,1086
2608,1019,1052,976
2609,1053,1052,1019
2610,1052,1053,1077
2611,1052,965,976
2612,1052,1042,965
2613,1257,1258,1307
2614,1258,1257,1231
2615,1257,1284,1251
2616,1257,1251,1179
2617,1231,1257,1179
2618,1049,1007,1075
2619,1084,1049,1075
2620,1027,1049,1084
2621,1007,1013,972
2622,933,1013,962
2623,1013,933,972
2624,1013,1027,962
2625,1013,1049,1027
2626,1049,1013,1007
2627,1250,1225,1251
2628,1225,1250,1242
2629,1250,1251,1283
2630,1293,1250,1283
2631,1242,1250,1293
2632,1199,1207,1230
2633,1224,1199,1230
2634,1199,1224,1169
2635,1207,1199,1171
2636,1144,1177,1171
2637,1178,1177,1144
2638,1177,1178,1225
2639,1177,1207,1171
2640,1207,1177,1225
2641,703,702,663
2642,791,702,703
2643,702,662,663
2644,662,702,719
2645,702,790,719
2646,702,791,790
2647,966,987,1019
2648,987,988,1067
2649,1019,987,1067
2650,939,950,905
2651,950,987,966
2652,950,939,988
2653,987,950,988
2654,233,270,243
2655,233,289,270
2656,289,233,234
2657,233,204,234
2658,198,233,243
2659,204,233,198
2660,302,226,256
2661,226,302,234
2662,226,199,256
2663,204,226,234
2664,348,362,306
2665,348,349,384
2666,362,348,384
2667,371,409,417
2668,364,409,371
2669,409,445,417
2670,365,364,321
2671,399,365,332
2672,365,321,332
2673,321,309,271
2674,364,309,321
2675,271,309,291
2676,309,320,291
2677,309,364,320
2678,1115,1083,1103
2679,1082,1083,1115
2680,1083,1048,1103
2681,1083,1082,1048
2682,1025,1058,1057
2683,1058,1025,1026
2684,806,846,823
2685,783,806,823
2686,846,806,835
2687,806,740,718
2688,806,783,740
2689,741,762,706
2690,796,762,741
2691,706,762,718
2692,762,806,718
2693,847,883,835
2694,847,884,883
2695,847,796,884
2696,796,824,884
2697,824,829,892
2698,884,824,892
2699,768,824,742
2700,829,824,768
2701,971,932,938
2702,938,932,874
2703,903,932,937
2704,932,971,937
2705,932,844,874
2706,1037,1066,1036
2707,1092,1066,1037
2708,1066,1080,1036
2709,1080,1066,1114
2710,1114,1066,1127
2711,1066,1092,1127
2712,487,532,550
2713,487,461,433
2714,600,532,533
2715,600,533,606
2716,646,600,606
2717,600,646,645
2718,464,590,454
2719,590,464,496
2720,464,436,496
2721,421,464,454
2722,436,464,421
2723,566,538,579
2724,649,566,618
2725,566,579,618
2726,520,566,542
2727,578,566,649
2728,542,566,578
2729,521,475,538
2730,566,521,538
2731,521,566,520
2732,475,474,435
2733,474,463,435
2734,474,520,463
2735,521,474,475
2736,474,521,520
2737,1000,991,1022
2738,991,1000,955
2739,991,956,1022
2740,991,899,956
2741,991,955,898
2742,899,991,898
2743,1349,1376,1375
2744,1376,1349,1339
2745,1339,1349,1312
2746,1349,1322,1312
2747,1270,1317,1285
2748,1322,1317,1270
2749,1317,1348,1285
2750,1348,1317,1356
2751,1317,1374,1356
2752,1387,1374,1412
2753,1374,1387,1356
2754,1387,1447,1401
2755,1387,1412,1447
2756,1373,1387,1401
2757,1356,1387,1373
2758,1388,1402,1412
2759,1374,1388,1412
2760,1402,1388,1375
2761,1362,1349,1375
2762,1349,1362,1322
2763,1388,1362,1375
2764,1362,1388,1374
2765,1362,1317,1322
2766,1317,1362,1374
2767,1376,1363,1389
2768,1363,1376,1339
2769,1332,1363,1339
2770,1363,1332,1353
2771,1389,1363,1382
2772,1363,1353,1382
2773,1245,1213,1248
2774,1213,1140,1185
2775,1214,1213,1185
2776,1213,1263,1248
2777,1213,1214,1263
2778,1056,1125,1124
2779,1153,1139,1124
2780,1153,1212,1139
2781,1125,1153,1124
2782,1212,1153,1245
2783,1153,1213,1245
2784,1213,1153,1140
2785,1153,1125,1140
2786,1277,1300,1312
2787,1332,1300,1301
2788,1300,1332,1312
2789,1271,1300,1277
2790,1300,1271,1301
2791,1212,1244,1239
2792,1244,1277,1239
2793,1244,1271,1277
2794,1244,1212,1245
2795,1271,1244,1245
2796,1235,1211,1243
2797,1235,1260,1234
2798,1260,1235,1269
2799,1235,1243,1269
2800,1046,1063,1017
2801,990,1046,1017
2802,1047,1046,990
2803,1499,1481,1470
2804,1481,1499,1495
2805,1499,1546,1495
2806,1532,1509,1519
2807,1429,1453,1428
2808,1453,1452,1428
2809,1452,1453,1470
2810,1430,1453,1429
2811,1453,1430,1458
2812,1500,1528,1519
2813,1582,1597,1589
2814,1597,1601,1600
2815,1596,1597,1600
2816,1597,1596,1589
2817,1571,1557,1529
2818,1533,1556,1561
2819,1538,1556,1533
2820,1556,1576,1561
2821,1556,1571,1576
2822,1557,1556,1538
2823,1556,1557,1571
2824,1500,1459,1462
2825,1459,1500,1458
2826,1459,1438,1462
2827,1459,1430,1438
2828,1430,1459,1458
2829,1501,1500,1462
2830,1528,1501,1515
2831,1501,1528,1500
2832,1523,1537,1536
2833,1489,1523,1536
2834,1502,1523,1489
2835,1537,1523,1533
2836,1471,1445,1431
2837,1414,1370,1431
2838,1445,1414,1431
2839,1414,1445,1439
2840,1370,1414,1392
2841,1414,1438,1392
2842,1414,1439,1438
2843,1421,1433,1464
2844,1433,1421,1399
2845,1463,1421,1464
2846,1420,1421,1446
2847,1421,1463,1446
2848,1421,1420,1395
2849,1399,1421,1395
2850,1087,1131,1096
2851,1054,1087,1029
2852,1087,1060,1029
2853,1087,1096,1060
2854,1061,1054,1020
2855,1061,1014,1068
2856,1014,1061,1020
2857,373,402,327
2858,373,327,328
2859,403,373,328
2860,373,403,479
2861,402,373,479
2862,325,367,357
2863,367,325,316
2864,259,325,357
2865,325,259,269
2866,626,682,585
2867,626,693,682
2868,586,626,585
2869,626,586,615
2870,694,626,615
2871,693,626,694
2872,750,681,682
2873,750,682,717
2874,789,821,856
2875,693,739,717
2876,1072,1034,1099
2877,1072,1033,1034
2878,1033,1072,1056
2879,1072,1125,1056
2880,1140,1072,1099
2881,1125,1072,1140
2882,1002,1035,1034
2883,948,1002,931
2884,1002,948,1003
2885,1002,947,931
2886,1002,1034,947
2887,1041,1002,1003
2888,1035,1002,1041
2889,329,341,297
2890,341,329,369
2891,298,329,297
2892,369,329,298
2893,390,414,340
2894,341,390,340
2895,414,390,429
2896,429,390,404
2897,390,341,404
2898,754,713,755
2899,713,754,753
2900,817,754,755
2901,754,817,802
2902,753,754,802
2903,1563,1551,1534
2904,1572,1551,1563
2905,1551,1544,1534
2906,1551,1572,1544
2907,1424,1403,1413
2908,1449,1424,1413
2909,1424,1449,1456
2910,1403,1424,1423
2911,1424,1456,1423
2912,1456,1510,1505
2913,1485,1510,1456
2914,1510,1485,1511
2915,1505,1510,1525
2916,1510,1526,1525
2917,1526,1510,1511
2918,1343,1372,1379
2919,1372,1393,1396
2920,1379,1372,1396
2921,1372,1383,1393
2922,1354,1371,1341
2923,1371,1354,1399
2924,1316,1342,1307
2925,1258,1316,1307
2926,1267,1316,1258
2927,1316,1267,1308
2928,1343,1316,1308
2929,1199,1170,1171
2930,1170,1134,1171
2931,1134,1170,1133
2932,1170,1169,1133
2933,1170,1199,1169
2934,917,886,905
2935,950,917,905
2936,917,950,966
2937,886,917,885
2938,917,966,885
2939,398,409,364
2940,365,398,364
2941,398,365,399
2942,409,398,445
2943,398,452,445
2944,452,398,399
2945,1093,1101,1057
2946,1058,1093,1057
2947,1101,1093,1121
2948,1093,1102,1121
2949,1059,1058,1026
2950,1059,1082,1102
2951,1082,1059,1026
2952,1093,1059,1102
2953,1059,1093,1058
2954,795,762,796
2955,847,795,796
2956,795,847,835
2957,806,795,835
2958,762,795,806
2959,784,796,741
2960,784,824,796
2961,784,741,742
2962,824,784,742
2963,532,493,533
2964,533,493,488
2965,487,493,532
2966,493,487,433
2967,385,493,433
2968,493,386,488
2969,493,385,386
2970,576,645,599
2971,576,600,645
2972,600,576,532
2973,550,576,599
2974,532,576,550
2975,1271,1272,1301
2976,1272,1271,1245
2977,1272,1248,1301
2978,1272,1245,1248
2979,1235,1190,1211
2980,1190,1161,1150
2981,1161,1190,1234
2982,1190,1235,1234
2983,1176,1190,1150
2984,1211,1190,1176
2985,1090,1046,1047
2986,1090,1047,1071
2987,1105,1090,1138
2988,1151,1090,1071
2989,1138,1090,1151
2990,1063,1090,1105
2991,1046,1090,1063
2992,1488,1499,1470
2993,1499,1488,1509
2994,1453,1488,1470
2995,1488,1453,1458
2996,1500,1488,1458
2997,1509,1488,1519
2998,1488,1500,1519
2999,1532,1531,1509
3000,1531,1499,1509
3001,1574,1578,1555
3002,1578,1574,1595
3003,1567,1584,1582
3004,1567,1582,1566
3005,1605,1594,1595
3006,1594,1605,1602
3007,1594,1578,1595
3008,1539,1538,1524
3009,1539,1557,1538
3010,1521,1539,1524
3011,1539,1521,1529
3012,1557,1539,1529
3013,1496,1501,1462
3014,1501,1496,1515
3015,1489,1496,1471
3016,1515,1496,1536
3017,1496,1489,1536
3018,1523,1520,1533
3019,1520,1523,1502
3020,1533,1520,1503
3021,1520,1502,1503
3022,1110,1149,1131
3023,1087,1110,1131
3024,1149,1110,1136
3025,1110,1087,1054
3026,1061,1110,1054
3027,760,792,749
3028,792,760,793
3029,760,789,793
3030,760,750,789
3031,856,857,903
3032,821,857,856
3033,857,932,903
3034,932,857,844
3035,739,729,844
3036,729,794,834
3037,844,729,834
3038,729,694,695
3039,794,729,695
3040,729,693,694
3041,729,739,693
3042,739,761,717
3043,761,750,717
3044,750,761,789
3045,761,821,789
3046,1372,1344,1383
3047,1344,1343,1308
3048,1344,1372,1343
3049,1315,1318,1341
3050,1318,1354,1341
3051,1354,1318,1342
3052,1342,1318,1307
3053,1318,1257,1307
3054,1318,1315,1284
3055,1257,1318,1284
3056,1354,1407,1399
3057,1433,1407,1415
3058,1407,1433,1399
3059,1355,1316,1343
3060,1316,1355,1342
3061,1355,1343,1379
3062,1355,1379,1396
3063,1415,1355,1396
3064,1355,1354,1342
3065,1355,1407,1354
3066,1407,1355,1415
3067,1499,1547,1546
3068,1531,1547,1499
3069,1547,1565,1546
3070,1565,1547,1566
3071,1548,1567,1566
3072,1567,1548,1549
3073,1547,1548,1566
3074,1548,1547,1531
3075,1548,1532,1549
3076,1548,1531,1532
3077,1593,1594,1602
3078,1594,1593,1584
3079,1601,1593,1602
3080,1597,1593,1601
3081,1584,1593,1582
3082,1593,1597,1582
3083,1467,1445,1471
3084,1496,1467,1471
3085,1445,1467,1439
3086,1439,1467,1462
3087,1467,1496,1462
3088,1097,1061,1068
3089,1097,1110,1061
3090,1110,1097,1136
3091,1111,1097,1068
3092,1136,1097,1111
3093,681,701,660
3094,701,672,660
3095,701,749,672
3096,822,857,821
3097,761,822,821
3098,857,822,844
3099,822,739,844
3100,822,761,739
3101,1328,1344,1308
3102,1328,1246,1345
3103,1328,1308,1246
3104,1383,1328,1345
3105,1344,1328,1383
3106,1578,1545,1555
3107,1545,1550,1528
3108,1555,1545,1536
3109,1545,1515,1536
3110,1545,1528,1515
3111,1573,1594,1584
3112,1594,1573,1578
3113,1573,1545,1578
3114,1545,1573,1550
3115,1543,1532,1519
3116,1532,1543,1549
3117,1528,1543,1519
3118,1550,1543,1528
3119,716,701,681
3120,750,716,681
3121,760,716,750
3122,716,760,749
3123,701,716,749
3124,1573,1558,1550
3125,1558,1543,1550
3126,1567,1558,1584
3127,1558,1573,1584
3128,1558,1567,1549
3129,1543,1558,1549
3130,92,109,91
3131,91,109,108
3132,1337,1361,1336
3133,1361,1360,1336
3134,129,114,156
3135,114,129,90
3136,692,680,728
3137,692,728,727
3138,726,692,727
3139,692,726,691
3140,690,689,652
3141,653,690,652
3142,993,1051,1050
3143,1051,993,1008
3144,422,440,477
3145,422,477,476
3146,354,313,355
3147,313,314,355
3148,28,16,17
3149,16,28,27
3150,780,714,715
3151,780,715,781
3152,818,817,756
3153,756,817,755
3154,1554,1569,1553
3155,1569,1554,1570
3156,1579,1585,1599
3157,1579,1599,1592
3158,327,294,295
3159,294,327,326
3160,219,218,173
3161,218,188,173
3162,415,431,484
3163,492,415,484
3164,194,224,164
3165,164,224,223
3166,964,1010,1009
3167,1010,1038,1009
3168,975,1010,974
3169,1010,975,1011
3170,960,1025,959
3171,959,1025,1057
3172,884,926,961
3173,961,926,962
3174,421,475,435
3175,475,421,454
3176,1438,1430,1392
3177,1392,1430,1406
3178,1089,1118,1088
3179,1118,1117,1088
3180,296,327,295
3181,327,296,328
3182,1522,1552,1534
3183,1552,1522,1535
3184,1569,1552,1553
3185,1568,1552,1569
3186,1457,1493,1478
3187,1493,1457,1479
3188,226,204,150
3189,199,226,150
3190,348,306,307
3191,349,348,307
3192,487,508,461
3193,508,487,550
3194,325,276,316
3195,276,325,269
