no.,vertice_idx1,vertice_idx2,vertice_idx3
0,1403,1119,1236
1,1368,1403,1236
2,1391,1403,1368
3,1241,1220,1224
4,1279,1368,1236
5,1278,1258,1255
6,1,2,0
7,878,848,819
8,1397,1403,1391
9,1403,1397,1400
10,1405,1403,1400
11,1401,1398,1399
12,1406,1401,1402
13,1401,1396,1402
14,1396,1401,1399
15,1242,1241,1224
16,1181,1166,1158
17,1165,1198,1197
18,1166,1184,1171
19,1184,1166,1181
20,1220,1184,1224
21,1256,1279,1236
22,1220,1256,1236
23,1256,1220,1241
24,3,10,13
25,12,15,18
26,15,12,7
27,25,12,18
28,215,249,198
29,425,405,451
30,376,405,425
31,1151,1088,878
32,1278,1151,1402
33,258,231,248
34,1170,1165,1197
35,1170,1197,1119
36,1170,1152,1165
37,450,425,451
38,485,450,451
39,1398,1404,1400
40,1404,1405,1400
41,1405,1404,1407
42,1401,1404,1398
43,1404,1406,1407
44,1404,1401,1406
45,1394,1398,1400
46,1394,1390,1398
47,1397,1394,1400
48,1394,1397,1391
49,1385,1394,1391
50,1394,1385,1390
51,1386,1390,1381
52,1395,1387,1402
53,1396,1395,1402
54,1395,1396,1393
55,1242,1263,1241
56,1264,1263,1242
57,1198,1210,1197
58,1119,1210,1236
59,1197,1210,1119
60,1191,1184,1220
61,1191,1198,1171
62,1184,1191,1171
63,1184,1204,1224
64,1204,1184,1181
65,1333,1343,1368
66,1279,1333,1368
67,1333,1279,1315
68,1185,1181,1158
69,1234,1242,1224
70,1234,1264,1242
71,1264,1234,1274
72,1305,1295,1274
73,1295,1305,1315
74,1305,1333,1315
75,1382,1370,1375
76,1370,1382,1381
77,6,15,7
78,15,6,8
79,2,6,7
80,6,2,1
81,8,6,1
82,10,16,13
83,14,25,20
84,14,12,25
85,16,14,20
86,14,16,10
87,12,5,7
88,2,5,0
89,5,2,7
90,47,29,48
91,47,46,29
92,46,28,29
93,28,23,29
94,13,28,34
95,23,28,13
96,108,376,425
97,85,108,34
98,170,215,198
99,41,54,34
100,28,41,34
101,41,28,46
102,102,94,112
103,108,94,102
104,94,108,85
105,54,64,34
106,64,85,34
107,284,335,299
108,136,166,154
109,166,136,137
110,61,42,53
111,59,47,48
112,83,98,87
113,98,100,87
114,32,49,40
115,113,101,118
116,98,101,113
117,69,61,53
118,61,69,83
119,418,440,455
120,418,364,390
121,353,327,345
122,364,353,345
123,353,364,377
124,440,462,455
125,419,418,390
126,418,419,440
127,235,249,215
128,286,305,198
129,305,325,198
130,326,305,339
131,305,326,325
132,463,508,492
133,859,889,858
134,1258,1240,1255
135,1240,1223,1255
136,1088,957,878
137,366,335,341
138,423,384,392
139,366,357,335
140,284,232,233
141,252,240,228
142,240,252,264
143,240,263,227
144,263,240,264
145,164,193,178
146,193,164,165
147,38,49,32
148,400,405,376
149,458,485,451
150,498,458,470
151,491,526,425
152,1198,1153,1171
153,1153,1198,1165
154,1105,1166,1171
155,1152,1148,1165
156,1148,1153,1165
157,1112,1148,1152
158,862,897,895
159,897,930,895
160,853,862,895
161,930,908,895
162,870,908,885
163,812,840,802
164,802,840,885
165,840,870,885
166,1089,1120,1119
167,1152,1120,1121
168,1120,1170,1119
169,1120,1152,1170
170,949,908,930
171,949,1119,885
172,908,949,885
173,1059,1067,1025
174,1383,1385,1391
175,1383,1391,1368
176,1377,1383,1368
177,1390,1392,1398
178,1386,1392,1390
179,1398,1392,1399
180,1392,1396,1399
181,1382,1388,1381
182,1388,1386,1381
183,1388,1392,1386
184,1396,1388,1393
185,1392,1388,1396
186,1389,1395,1393
187,1395,1389,1387
188,1389,1382,1387
189,1388,1389,1393
190,1389,1388,1382
191,1263,1259,1241
192,1259,1263,1279
193,1259,1256,1241
194,1256,1259,1279
195,1289,1263,1264
196,1295,1289,1274
197,1289,1264,1274
198,1263,1289,1279
199,1279,1289,1315
200,1289,1295,1315
201,1211,1210,1198
202,1211,1191,1220
203,1191,1211,1198
204,1205,1204,1181
205,1185,1205,1181
206,1205,1185,1206
207,1234,1205,1206
208,1204,1205,1224
209,1205,1234,1224
210,1187,1221,1209
211,1173,1193,1149
212,1187,1173,1167
213,1193,1192,1149
214,1213,1234,1206
215,1192,1213,1206
216,1213,1192,1193
217,1229,1213,1209
218,1213,1193,1209
219,1234,1237,1274
220,1237,1213,1229
221,1213,1237,1234
222,911,877,920
223,1382,1384,1387
224,1254,1240,1258
225,963,859,945
226,1005,1044,1043
227,1174,1107,1195
228,1187,1176,1221
229,1282,1303,1299
230,1221,1235,1209
231,1235,1229,1209
232,1235,1249,1229
233,1284,1312,1305
234,1312,1284,1301
235,26,25,18
236,38,22,1
237,22,38,32
238,69,56,88
239,9,10,3
240,9,14,10
241,14,9,12
242,9,5,12
243,25,33,20
244,42,33,25
245,29,27,48
246,27,31,48
247,140,108,102
248,139,170,198
249,325,139,198
250,139,325,376
251,108,139,376
252,170,187,215
253,59,70,47
254,52,41,46
255,94,97,112
256,97,94,85
257,97,85,89
258,99,97,89
259,85,76,89
260,64,76,85
261,130,113,118
262,141,130,118
263,155,130,141
264,130,155,137
265,205,229,233
266,213,205,189
267,205,213,229
268,172,143,154
269,143,136,154
270,143,104,136
271,136,116,137
272,90,73,87
273,100,90,87
274,74,83,87
275,74,61,83
276,73,74,87
277,71,59,73
278,71,90,82
279,90,71,73
280,70,71,82
281,71,70,59
282,59,60,73
283,60,74,73
284,74,60,61
285,117,98,113
286,98,117,100
287,117,116,100
288,116,117,137
289,117,130,137
290,130,117,113
291,101,119,118
292,101,84,88
293,84,69,88
294,69,84,83
295,84,98,83
296,84,101,98
297,346,364,345
298,346,333,354
299,346,354,390
300,364,346,390
301,364,402,377
302,418,402,364
303,317,297,327
304,353,349,327
305,317,349,344
306,349,317,327
307,349,353,377
308,349,371,344
309,327,306,345
310,306,283,287
311,297,306,327
312,306,297,283
313,298,287,276
314,277,298,276
315,236,235,215
316,363,342,396
317,363,340,342
318,831,905,945
319,859,831,945
320,831,815,783
321,831,859,858
322,815,831,858
323,744,766,705
324,1117,1163,1145
325,166,179,154
326,179,172,154
327,423,442,453
328,334,288,328
329,288,289,328
330,289,315,328
331,263,289,288
332,289,263,264
333,356,384,328
334,384,356,392
335,315,356,328
336,356,315,329
337,335,330,299
338,357,330,335
339,330,329,299
340,330,356,329
341,356,330,357
342,487,456,453
343,509,513,464
344,488,509,464
345,241,252,228
346,252,241,299
347,241,284,299
348,241,232,284
349,262,288,277
350,262,263,288
351,193,212,178
352,212,240,227
353,179,204,172
354,204,241,228
355,241,204,232
356,172,194,165
357,194,193,165
358,194,212,193
359,248,304,282
360,324,304,375
361,361,324,375
362,381,361,375
363,424,379,374
364,347,301,337
365,301,338,337
366,38,50,49
367,62,50,63
368,50,62,49
369,127,75,58
370,304,191,127
371,510,495,466
372,369,404,368
373,347,369,368
374,369,347,337
375,372,347,368
376,398,428,393
377,457,428,444
378,399,404,444
379,428,399,444
380,399,428,398
381,404,399,368
382,399,372,368
383,372,399,398
384,350,359,393
385,458,434,470
386,434,458,451
387,405,434,451
388,400,434,405
389,326,382,325
390,325,382,376
391,485,481,450
392,450,481,425
393,481,491,425
394,526,593,600
395,581,593,526
396,1153,1124,1171
397,1105,1138,1166
398,1138,1105,1100
399,1166,1138,1158
400,1138,1139,1158
401,1101,1138,1100
402,1138,1101,1139
403,1112,1122,1148
404,1129,1152,1121
405,1129,1112,1152
406,1015,1059,1025
407,1122,1060,1082
408,1060,1122,1112
409,642,672,633
410,702,714,673
411,532,503,504
412,499,498,470
413,435,396,427
414,672,685,633
415,685,641,633
416,654,680,632
417,680,654,671
418,841,840,812
419,840,841,870
420,651,650,600
421,650,700,802
422,108,650,802
423,650,108,425
424,526,650,425
425,650,526,600
426,820,863,862
427,897,863,898
428,863,897,862
429,1090,1067,1059
430,1090,1129,1121
431,1067,1090,1089
432,1120,1090,1121
433,1090,1120,1089
434,887,886,854
435,886,887,915
436,886,915,898
437,863,886,898
438,887,916,915
439,880,916,887
440,1052,1067,1089
441,1052,1089,1119
442,949,1052,1119
443,931,897,898
444,897,931,930
445,864,924,888
446,925,924,864
447,1372,1383,1377
448,1383,1372,1385
449,1219,1220,1236
450,1219,1211,1220
451,1210,1219,1236
452,1211,1219,1210
453,1140,1134,1167
454,1140,1173,1149
455,1173,1140,1167
456,1141,1114,1142
457,1141,1134,1114
458,1173,1186,1193
459,1186,1173,1187
460,1193,1186,1209
461,1186,1187,1209
462,1172,1185,1158
463,1139,1172,1158
464,1192,1172,1149
465,875,903,910
466,933,903,896
467,1076,1100,1062
468,1076,1101,1100
469,1101,1130,1139
470,1172,1130,1149
471,1130,1172,1139
472,1114,1086,1142
473,766,807,792
474,1384,1380,1387
475,1380,1278,1402
476,1387,1380,1402
477,1254,1233,1240
478,1223,1233,1202
479,1233,1223,1240
480,1200,1189,1222
481,1196,1189,1169
482,943,911,920
483,911,943,919
484,943,954,919
485,954,943,975
486,1044,1012,1045
487,1012,1044,1005
488,954,1012,1005
489,1012,954,975
490,976,1030,1045
491,1012,976,1045
492,976,1012,975
493,943,976,975
494,955,1040,1030
495,1244,1225,1238
496,1070,1044,1045
497,1044,1070,1043
498,1174,1103,1107
499,1041,1103,1095
500,1107,1103,1041
501,1132,1194,1154
502,1194,1132,1174
503,1367,1380,1373
504,1380,1367,1342
505,1370,1354,1375
506,1230,1244,1251
507,1244,1230,1225
508,1176,1230,1221
509,1159,1187,1167
510,1159,1176,1187
511,1134,1159,1167
512,1141,1159,1134
513,1261,1244,1238
514,1250,1230,1251
515,1230,1250,1221
516,1257,1235,1221
517,1235,1257,1249
518,1250,1257,1221
519,1268,1284,1249
520,1284,1268,1301
521,1343,1344,1368
522,1249,1260,1229
523,1284,1260,1249
524,1260,1237,1229
525,1237,1260,1274
526,1260,1305,1274
527,1260,1284,1305
528,36,26,35
529,36,42,25
530,26,36,25
531,30,32,40
532,30,22,32
533,11,8,1
534,22,11,1
535,37,30,40
536,30,37,35
537,45,37,40
538,37,45,35
539,4,9,3
540,9,4,5
541,4,3,0
542,5,4,0
543,24,16,20
544,24,27,16
545,27,24,31
546,33,24,20
547,24,33,31
548,23,19,29
549,19,27,29
550,19,23,13
551,16,19,13
552,27,19,16
553,140,132,108
554,132,139,108
555,139,148,170
556,132,148,139
557,216,199,192
558,199,216,221
559,163,144,152
560,128,144,140
561,216,243,221
562,90,92,82
563,47,57,46
564,70,57,47
565,57,70,66
566,57,52,46
567,52,57,66
568,41,55,54
569,52,55,41
570,55,52,66
571,103,99,89
572,86,103,89
573,68,64,54
574,213,182,206
575,182,213,189
576,284,309,335
577,291,309,284
578,335,309,341
579,309,319,341
580,309,291,319
581,146,172,165
582,146,143,172
583,164,146,165
584,116,111,100
585,111,90,100
586,104,111,136
587,111,116,136
588,92,111,104
589,111,92,90
590,33,39,31
591,31,39,48
592,39,33,42
593,39,59,48
594,39,60,59
595,61,39,42
596,60,39,61
597,105,101,88
598,105,119,101
599,78,105,88
600,402,389,377
601,389,349,377
602,349,389,371
603,297,278,267
604,371,343,344
605,318,346,345
606,306,318,345
607,318,306,287
608,346,318,333
609,298,318,287
610,318,298,333
611,250,236,221
612,250,243,267
613,243,250,221
614,534,462,492
615,534,533,462
616,508,534,492
617,559,578,635
618,534,578,533
619,668,658,627
620,658,668,697
621,675,667,705
622,667,646,636
623,667,675,646
624,667,723,705
625,723,667,686
626,769,733,734
627,733,697,734
628,697,698,734
629,668,698,697
630,807,834,792
631,834,815,858
632,834,807,815
633,798,845,844
634,777,733,769
635,815,782,783
636,782,744,783
637,782,766,744
638,807,782,815
639,782,807,766
640,1073,1104,1078
641,1099,1104,1073
642,968,906,946
643,906,968,941
644,1098,1056,1078
645,1056,1017,1078
646,1017,1056,1023
647,1021,957,1088
648,1080,1137,1111
649,1049,1021,1088
650,1020,1058,1032
651,1058,1020,1080
652,1162,1161,1145
653,1163,1162,1145
654,1048,1075,1117
655,1019,1007,1032
656,1048,1019,1075
657,1007,1019,979
658,906,890,946
659,890,934,946
660,890,850,836
661,850,890,906
662,839,800,823
663,846,839,912
664,956,912,979
665,446,381,375
666,447,446,375
667,585,620,550
668,529,585,550
669,620,549,550
670,468,404,421
671,404,468,444
672,638,692,659
673,692,638,717
674,794,837,836
675,205,218,189
676,232,218,233
677,218,205,233
678,204,218,232
679,218,204,179
680,431,488,464
681,513,483,464
682,483,442,464
683,442,483,453
684,483,487,453
685,413,442,423
686,413,423,392
687,298,308,333
688,308,334,333
689,334,308,288
690,288,308,277
691,308,298,277
692,354,391,390
693,391,419,390
694,355,334,328
695,384,355,328
696,383,355,384
697,441,456,463
698,441,462,440
699,441,463,492
700,462,441,492
701,290,289,264
702,289,290,315
703,290,252,299
704,252,290,264
705,329,290,299
706,315,290,329
707,385,357,378
708,385,356,357
709,414,385,378
710,413,385,414
711,356,385,392
712,385,413,392
713,487,493,456
714,493,508,463
715,456,493,463
716,568,569,608
717,543,509,488
718,509,543,513
719,432,433,466
720,428,433,393
721,433,428,457
722,263,239,227
723,262,239,263
724,222,212,227
725,239,222,227
726,204,203,172
727,203,194,172
728,203,204,228
729,194,203,212
730,240,203,228
731,212,203,240
732,379,422,421
733,424,422,379
734,257,231,258
735,231,230,209
736,230,214,209
737,257,230,231
738,230,257,266
739,285,338,301
740,266,285,279
741,285,301,279
742,323,351,348
743,300,323,302
744,338,322,348
745,323,322,302
746,322,323,348
747,322,285,302
748,285,322,338
749,51,58,63
750,50,51,63
751,51,38,58
752,51,50,38
753,147,131,127
754,131,121,127
755,138,131,147
756,107,75,127
757,75,107,93
758,121,107,127
759,107,121,93
760,121,120,93
761,131,120,121
762,120,138,124
763,120,131,138
764,210,231,209
765,151,147,127
766,191,151,127
767,151,167,147
768,167,151,191
769,494,495,544
770,616,648,637
771,589,616,637
772,616,561,562
773,561,616,589
774,610,589,637
775,610,668,627
776,610,698,668
777,369,370,404
778,338,370,337
779,370,369,337
780,372,331,347
781,294,331,321
782,359,360,393
783,320,359,350
784,291,310,319
785,292,310,291
786,320,310,292
787,180,155,157
788,180,196,206
789,182,180,206
790,158,174,157
791,174,158,161
792,295,301,347
793,331,295,347
794,295,331,294
795,273,295,294
796,301,295,279
797,295,273,279
798,406,400,376
799,382,406,376
800,406,382,407
801,406,434,400
802,458,517,485
803,498,517,458
804,517,537,485
805,537,517,582
806,822,755,749
807,653,707,652
808,755,707,749
809,707,755,706
810,602,653,582
811,601,611,581
812,611,593,581
813,575,630,601
814,1036,1002,1011
815,1036,1076,1062
816,1027,1061,1082
817,1060,1027,1082
818,1027,1060,1026
819,1113,1124,1082
820,1061,1113,1082
821,1113,1105,1171
822,1124,1113,1171
823,1100,1068,1062
824,1105,1068,1100
825,1113,1068,1105
826,1068,1113,1061
827,1123,1124,1153
828,1148,1123,1153
829,1122,1123,1148
830,1124,1123,1082
831,1123,1122,1082
832,1015,1033,1059
833,1060,1033,1026
834,1033,1060,1059
835,1085,1060,1112
836,1060,1085,1059
837,1085,1090,1059
838,1129,1085,1112
839,1090,1085,1129
840,714,775,742
841,789,775,714
842,857,903,875
843,903,857,896
844,594,626,614
845,594,559,635
846,626,594,635
847,790,789,714
848,702,790,714
849,665,702,673
850,605,642,633
851,642,605,588
852,408,452,407
853,829,756,804
854,872,873,918
855,709,685,672
856,709,714,742
857,750,709,742
858,685,709,750
859,714,709,673
860,709,672,673
861,641,684,671
862,685,684,641
863,654,604,671
864,879,853,895
865,879,841,853
866,908,879,895
867,879,908,870
868,841,879,870
869,786,719,764
870,828,786,764
871,772,786,820
872,772,812,802
873,683,650,651
874,650,683,700
875,683,719,700
876,629,611,640
877,611,629,593
878,827,863,820
879,827,828,854
880,886,827,854
881,827,886,863
882,786,827,820
883,827,786,828
884,952,1002,1010
885,942,952,1010
886,952,960,1002
887,960,952,918
888,942,932,900
889,803,822,749
890,803,865,822
891,828,849,854
892,849,887,854
893,849,880,887
894,959,916,950
895,959,972,915
896,916,959,915
897,959,1015,1025
898,1022,1052,972
899,1022,959,1025
900,959,1022,972
901,1067,1022,1025
902,1052,1022,1067
903,1052,985,972
904,931,985,930
905,985,949,930
906,985,1052,949
907,924,917,888
908,917,924,950
909,916,917,950
910,917,880,888
911,917,916,880
912,924,973,950
913,1372,1378,1385
914,1390,1378,1381
915,1385,1378,1390
916,1303,1310,1299
917,1378,1374,1381
918,1140,1106,1134
919,1134,1106,1114
920,1106,1086,1114
921,974,988,962
922,988,974,1005
923,974,954,1005
924,933,974,962
925,1106,1054,1086
926,903,961,910
927,961,933,962
928,961,903,933
929,904,933,896
930,1076,1053,1101
931,1300,1307,1253
932,1307,1300,1342
933,1380,1300,1278
934,1300,1380,1342
935,1380,1379,1373
936,1379,1380,1384
937,1228,1254,1253
938,1228,1233,1254
939,1196,1228,1218
940,1168,1107,1135
941,1156,1177,1169
942,1177,1196,1169
943,1161,1177,1156
944,1318,1288,1306
945,1031,1041,1095
946,1031,1013,1041
947,1013,1031,963
948,1031,955,963
949,955,1031,1040
950,1040,1065,1030
951,1065,1064,1030
952,1065,1031,1095
953,1031,1065,1040
954,1132,1065,1095
955,1030,1071,1045
956,1064,1071,1030
957,889,928,920
958,955,928,963
959,859,928,889
960,963,928,859
961,944,943,920
962,944,976,943
963,928,944,920
964,944,928,955
965,976,944,1030
966,944,955,1030
967,1244,1280,1251
968,1132,1125,1174
969,1125,1103,1174
970,1125,1132,1095
971,1103,1125,1095
972,1194,1207,1154
973,1207,1230,1154
974,1230,1207,1225
975,1188,1174,1195
976,1188,1194,1174
977,1348,1318,1342
978,1367,1348,1342
979,1314,1307,1342
980,1318,1314,1342
981,1314,1318,1306
982,1366,1367,1373
983,1359,1366,1373
984,1345,1352,1332
985,1354,1357,1375
986,1159,1160,1176
987,1160,1141,1142
988,1160,1159,1141
989,1230,1144,1154
990,1144,1230,1176
991,1091,1086,1043
992,1070,1091,1043
993,1091,1070,1092
994,1131,1091,1092
995,1257,1275,1249
996,1275,1268,1249
997,1275,1257,1276
998,1371,1377,1368
999,1371,1372,1377
1000,43,69,53
1001,43,56,69
1002,42,43,53
1003,36,43,42
1004,21,30,35
1005,21,26,18
1006,26,21,35
1007,15,21,18
1008,21,15,8
1009,11,21,8
1010,67,62,78
1011,45,67,56
1012,67,45,40
1013,67,78,88
1014,56,67,88
1015,49,67,40
1016,62,67,49
1017,160,164,178
1018,144,133,152
1019,133,144,128
1020,171,187,170
1021,148,171,170
1022,199,171,192
1023,171,199,187
1024,159,132,140
1025,159,148,132
1026,144,159,140
1027,171,159,192
1028,159,171,148
1029,201,199,221
1030,199,201,187
1031,236,201,221
1032,187,201,215
1033,201,236,215
1034,217,226,202
1035,226,216,202
1036,283,268,287
1037,287,268,276
1038,268,251,276
1039,188,217,202
1040,177,188,202
1041,188,177,163
1042,216,181,202
1043,181,177,202
1044,181,216,192
1045,159,181,192
1046,181,159,144
1047,177,181,163
1048,181,144,163
1049,261,297,267
1050,243,261,267
1051,297,261,283
1052,261,268,283
1053,143,126,104
1054,126,146,125
1055,146,126,143
1056,91,92,104
1057,126,91,104
1058,91,126,96
1059,91,70,82
1060,92,91,82
1061,55,65,54
1062,65,68,54
1063,65,55,66
1064,68,72,64
1065,72,86,89
1066,76,72,89
1067,72,76,64
1068,155,168,137
1069,180,168,155
1070,168,180,182
1071,146,135,125
1072,106,105,78
1073,142,158,157
1074,105,142,119
1075,155,142,157
1076,142,155,141
1077,439,418,455
1078,439,402,418
1079,439,438,402
1080,462,486,455
1081,533,486,462
1082,546,578,559
1083,578,546,533
1084,506,507,559
1085,429,472,427
1086,401,429,427
1087,396,401,427
1088,401,343,371
1089,342,401,396
1090,389,416,371
1091,278,314,296
1092,314,297,317
1093,314,278,297
1094,314,317,344
1095,343,314,344
1096,278,259,267
1097,259,250,267
1098,250,259,236
1099,236,259,235
1100,275,278,296
1101,235,275,249
1102,259,275,235
1103,275,259,278
1104,395,363,396
1105,435,395,396
1106,408,395,435
1107,395,362,363
1108,362,395,408
1109,362,326,339
1110,362,382,326
1111,340,312,342
1112,312,313,342
1113,316,313,296
1114,314,316,296
1115,316,314,343
1116,313,316,342
1117,316,401,342
1118,401,316,343
1119,567,508,568
1120,567,534,508
1121,578,645,635
1122,675,645,646
1123,645,695,635
1124,695,645,675
1125,696,658,697
1126,543,571,513
1127,744,752,783
1128,752,744,705
1129,723,752,705
1130,777,768,724
1131,831,768,905
1132,768,777,905
1133,676,610,637
1134,610,676,698
1135,704,695,675
1136,704,675,705
1137,766,704,705
1138,666,626,635
1139,695,666,635
1140,703,666,722
1141,883,834,858
1142,834,883,877
1143,877,883,920
1144,889,883,858
1145,883,889,920
1146,845,882,844
1147,882,911,919
1148,1079,1048,1117
1149,1116,1104,1156
1150,1116,1098,1078
1151,1104,1116,1078
1152,1136,1161,1156
1153,1104,1136,1156
1154,1161,1136,1145
1155,1136,1099,1145
1156,1136,1104,1099
1157,1047,1073,1078
1158,1017,1047,1078
1159,996,1017,1023
1160,1126,1097,1098
1161,1056,1046,1023
1162,1014,1046,1055
1163,996,1014,968
1164,1014,996,1023
1165,1046,1014,1023
1166,922,948,936
1167,1137,1133,1151
1168,1133,1137,1080
1169,1084,1080,1111
1170,1084,1058,1080
1171,1081,1049,1088
1172,1007,1008,1032
1173,1008,1020,1032
1174,1157,1163,1117
1175,1075,1118,1117
1176,1118,1157,1117
1177,1157,1118,1146
1178,1057,1019,1032
1179,1019,1057,1075
1180,1058,1057,1032
1181,1057,1084,1075
1182,1084,1057,1058
1183,837,868,836
1184,868,890,836
1185,868,837,869
1186,934,868,869
1187,890,868,934
1188,835,906,941
1189,835,850,906
1190,940,835,941
1191,835,940,905
1192,777,835,905
1193,835,777,769
1194,778,835,769
1195,809,846,838
1196,956,929,912
1197,929,846,912
1198,929,934,869
1199,929,869,838
1200,846,929,838
1201,929,969,934
1202,969,929,956
1203,997,1048,1024
1204,997,956,979
1205,515,490,477
1206,490,515,529
1207,449,447,375
1208,304,449,375
1209,449,304,127
1210,556,449,663
1211,449,127,58
1212,490,524,489
1213,524,490,529
1214,524,529,550
1215,549,524,550
1216,524,523,489
1217,524,549,523
1218,446,380,381
1219,352,380,388
1220,380,361,381
1221,380,352,361
1222,415,446,477
1223,490,415,477
1224,380,415,388
1225,415,380,446
1226,415,490,489
1227,424,415,489
1228,415,374,388
1229,415,424,374
1230,585,661,620
1231,549,564,523
1232,564,549,620
1233,484,520,510
1234,520,484,457
1235,514,520,457
1236,561,520,562
1237,520,561,510
1238,468,467,444
1239,467,457,444
1240,467,514,457
1241,564,522,523
1242,584,547,579
1243,547,584,536
1244,848,847,819
1245,847,818,819
1246,847,848,878
1247,669,727,677
1248,619,638,659
1249,735,676,681
1250,442,443,464
1251,443,431,464
1252,431,443,414
1253,409,431,414
1254,483,512,487
1255,542,512,513
1256,512,483,513
1257,391,365,383
1258,365,355,383
1259,365,391,354
1260,333,365,354
1261,334,365,333
1262,355,365,334
1263,420,391,383
1264,391,420,419
1265,419,420,440
1266,420,441,440
1267,609,636,608
1268,569,609,608
1269,528,493,487
1270,512,528,487
1271,569,528,542
1272,528,512,542
1273,410,350,393
1274,410,387,350
1275,433,410,393
1276,387,410,432
1277,410,433,432
1278,387,358,350
1279,310,358,319
1280,319,358,341
1281,358,387,341
1282,358,320,350
1283,358,310,320
1284,484,476,457
1285,476,433,457
1286,433,476,466
1287,476,510,466
1288,476,484,510
1289,238,226,217
1290,226,238,251
1291,222,238,217
1292,238,222,239
1293,238,277,276
1294,251,238,276
1295,238,262,277
1296,238,239,262
1297,230,247,214
1298,247,230,266
1299,247,220,214
1300,247,266,279
1301,285,280,302
1302,280,285,266
1303,257,280,266
1304,280,300,302
1305,280,257,258
1306,300,280,258
1307,351,311,352
1308,304,311,282
1309,281,300,258
1310,281,248,282
1311,281,258,248
1312,80,75,93
1313,120,80,93
1314,80,120,124
1315,58,80,63
1316,75,80,58
1317,214,176,209
1318,175,176,214
1319,169,162,175
1320,162,176,175
1321,162,138,147
1322,167,162,147
1323,176,162,167
1324,138,162,161
1325,162,169,161
1326,231,211,248
1327,211,304,248
1328,211,191,304
1329,186,167,191
1330,186,176,167
1331,186,210,209
1332,176,186,209
1333,519,544,554
1334,519,494,544
1335,494,519,488
1336,519,543,488
1337,465,432,466
1338,495,465,466
1339,494,465,495
1340,560,561,589
1341,610,560,589
1342,561,560,510
1343,560,495,510
1344,495,560,544
1345,544,573,554
1346,560,573,544
1347,573,560,610
1348,573,610,627
1349,598,573,627
1350,404,373,421
1351,370,373,404
1352,373,379,421
1353,379,373,348
1354,373,338,348
1355,373,370,338
1356,367,360,321
1357,331,367,321
1358,367,331,372
1359,367,372,398
1360,367,398,393
1361,360,367,393
1362,229,253,233
1363,269,292,291
1364,269,270,292
1365,269,253,270
1366,253,269,233
1367,269,284,233
1368,269,291,284
1369,336,360,359
1370,360,336,321
1371,320,336,359
1372,270,260,292
1373,253,260,270
1374,180,183,196
1375,183,180,157
1376,174,183,157
1377,183,174,190
1378,223,207,224
1379,481,511,491
1380,511,481,485
1381,537,511,485
1382,755,821,788
1383,821,755,822
1384,821,832,788
1385,832,821,864
1386,821,865,864
1387,865,821,822
1388,707,679,652
1389,679,707,706
1390,679,630,652
1391,630,679,640
1392,679,706,640
1393,708,707,653
1394,708,680,741
1395,602,631,653
1396,517,557,582
1397,557,602,582
1398,557,517,498
1399,630,587,652
1400,575,587,630
1401,587,653,652
1402,653,587,582
1403,587,537,582
1404,587,575,537
1405,552,601,581
1406,552,575,601
1407,552,581,526
1408,926,960,918
1409,960,926,937
1410,873,926,918
1411,983,960,937
1412,1002,983,1011
1413,960,983,1002
1414,932,982,965
1415,982,942,1010
1416,982,932,942
1417,1027,1034,1061
1418,1034,1068,1061
1419,1035,1036,1062
1420,1068,1035,1062
1421,1002,1035,1010
1422,1036,1035,1002
1423,1035,1034,1010
1424,1034,1035,1068
1425,797,866,804
1426,797,750,742
1427,775,797,742
1428,806,798,844
1429,751,806,722
1430,806,751,798
1431,833,806,844
1432,806,833,805
1433,790,833,857
1434,833,790,805
1435,703,743,702
1436,743,790,702
1437,743,703,722
1438,643,642,588
1439,606,643,588
1440,643,606,634
1441,643,665,673
1442,665,643,634
1443,532,566,588
1444,566,606,588
1445,674,703,702
1446,665,674,702
1447,674,665,634
1448,530,558,565
1449,605,558,588
1450,558,605,565
1451,502,472,503
1452,501,502,530
1453,482,499,470
1454,452,482,470
1455,459,501,500
1456,454,408,435
1457,454,452,408
1458,459,454,435
1459,454,459,500
1460,482,454,500
1461,454,482,452
1462,426,406,407
1463,452,426,407
1464,426,452,470
1465,434,426,470
1466,406,426,434
1467,901,942,900
1468,872,901,900
1469,901,872,918
1470,952,901,918
1471,901,952,942
1472,873,842,829
1473,842,873,872
1474,721,680,671
1475,756,721,671
1476,680,721,741
1477,756,765,804
1478,765,797,804
1479,797,765,750
1480,902,953,937
1481,953,902,866
1482,926,902,937
1483,902,926,873
1484,866,843,804
1485,843,829,804
1486,843,873,829
1487,605,613,565
1488,641,613,633
1489,613,605,633
1490,613,641,671
1491,604,613,671
1492,501,540,500
1493,540,530,565
1494,540,501,530
1495,612,654,632
1496,612,604,654
1497,772,826,812
1498,826,841,812
1499,841,826,853
1500,826,772,820
1501,853,826,862
1502,826,820,862
1503,700,737,802
1504,737,772,802
1505,719,737,700
1506,786,737,719
1507,772,737,786
1508,706,720,640
1509,720,713,640
1510,755,720,706
1511,720,755,788
1512,713,670,640
1513,670,713,701
1514,670,629,640
1515,719,729,764
1516,738,720,788
1517,720,738,713
1518,729,738,764
1519,713,738,701
1520,738,729,701
1521,909,925,864
1522,865,909,864
1523,925,909,965
1524,909,932,965
1525,855,849,832
1526,855,864,888
1527,855,832,864
1528,880,855,888
1529,849,855,880
1530,985,958,972
1531,958,985,931
1532,958,931,898
1533,915,958,898
1534,972,958,915
1535,973,986,950
1536,986,959,950
1537,959,986,1015
1538,986,1033,1015
1539,993,1027,1026
1540,951,924,925
1541,951,973,924
1542,951,925,965
1543,993,951,965
1544,1369,1374,1378
1545,1322,1310,1303
1546,1322,1303,1324
1547,1323,1322,1332
1548,1310,1322,1323
1549,1322,1345,1332
1550,1346,1322,1324
1551,1345,1322,1346
1552,974,927,954
1553,927,974,933
1554,904,927,933
1555,954,927,919
1556,927,882,919
1557,1086,1063,1043
1558,1054,1063,1086
1559,988,995,962
1560,995,961,962
1561,857,876,896
1562,876,904,896
1563,833,876,857
1564,876,833,844
1565,1102,1106,1140
1566,1102,1140,1149
1567,1130,1102,1149
1568,1254,1283,1253
1569,1283,1300,1253
1570,1300,1283,1278
1571,1283,1258,1278
1572,1283,1254,1258
1573,1376,1359,1373
1574,1379,1376,1373
1575,1357,1376,1375
1576,1376,1379,1384
1577,1376,1382,1375
1578,1376,1384,1382
1579,1175,1189,1200
1580,1168,1175,1200
1581,1189,1175,1169
1582,1247,1227,1222
1583,1227,1200,1222
1584,1227,1212,1200
1585,1303,1290,1324
1586,1180,1177,1161
1587,1162,1180,1161
1588,1177,1180,1196
1589,1216,1239,1222
1590,1239,1216,1218
1591,1189,1216,1222
1592,1216,1196,1218
1593,1216,1189,1196
1594,1248,1239,1218
1595,1239,1248,1273
1596,1248,1228,1253
1597,1228,1248,1218
1598,1307,1248,1253
1599,1273,1248,1307
1600,1288,1291,1306
1601,1272,1239,1273
1602,1291,1272,1273
1603,1272,1291,1288
1604,1338,1326,1339
1605,1094,1071,1064
1606,1094,1132,1154
1607,1065,1094,1064
1608,1094,1065,1132
1609,1281,1280,1244
1610,1281,1261,1282
1611,1261,1281,1244
1612,1281,1282,1299
1613,1225,1214,1238
1614,1207,1214,1225
1615,1214,1207,1194
1616,1327,1348,1339
1617,1348,1327,1318
1618,1326,1327,1339
1619,1327,1288,1318
1620,1348,1353,1339
1621,1353,1348,1367
1622,1366,1353,1367
1623,1353,1366,1359
1624,1353,1338,1339
1625,1338,1353,1359
1626,1356,1352,1345
1627,1356,1354,1370
1628,1356,1345,1346
1629,1354,1356,1346
1630,1365,1370,1381
1631,1374,1365,1381
1632,1365,1356,1370
1633,1356,1365,1352
1634,1352,1336,1332
1635,1336,1323,1332
1636,1337,1346,1324
1637,1337,1354,1346
1638,1337,1357,1354
1639,1160,1143,1176
1640,1143,1144,1176
1641,1144,1143,1131
1642,1143,1160,1142
1643,1143,1091,1131
1644,1086,1143,1142
1645,1091,1143,1086
1646,1071,1087,1045
1647,1087,1070,1045
1648,1070,1087,1092
1649,1275,1292,1268
1650,1292,1308,1301
1651,1268,1292,1301
1652,1269,1250,1251
1653,1280,1269,1251
1654,1302,1296,1313
1655,1333,1328,1343
1656,1328,1344,1343
1657,1328,1329,1344
1658,1305,1328,1333
1659,1312,1328,1305
1660,1316,1312,1301
1661,1308,1316,1301
1662,1316,1328,1312
1663,1328,1316,1329
1664,1344,1362,1368
1665,1362,1371,1368
1666,44,43,36
1667,44,36,35
1668,45,44,35
1669,44,45,56
1670,43,44,56
1671,17,11,22
1672,17,21,11
1673,30,17,22
1674,21,17,30
1675,160,156,145
1676,156,188,163
1677,156,160,178
1678,188,156,178
1679,237,243,216
1680,226,237,216
1681,237,226,251
1682,237,261,243
1683,268,237,251
1684,261,237,268
1685,195,188,178
1686,188,195,217
1687,195,222,217
1688,212,195,178
1689,222,195,212
1690,110,126,125
1691,126,110,96
1692,110,95,96
1693,91,81,70
1694,81,91,96
1695,70,81,66
1696,95,81,96
1697,114,97,99
1698,97,114,112
1699,114,128,112
1700,114,133,128
1701,114,129,133
1702,109,103,86
1703,95,109,86
1704,110,109,95
1705,109,122,103
1706,109,135,122
1707,135,109,125
1708,109,110,125
1709,77,95,86
1710,72,77,86
1711,77,72,68
1712,65,77,68
1713,77,81,95
1714,77,65,66
1715,81,77,66
1716,166,173,189
1717,173,182,189
1718,173,168,182
1719,173,166,137
1720,168,173,137
1721,149,160,145
1722,160,149,164
1723,149,146,164
1724,149,135,146
1725,106,123,105
1726,123,142,105
1727,138,123,124
1728,123,106,124
1729,439,475,438
1730,506,475,507
1731,475,439,455
1732,486,475,455
1733,475,486,507
1734,486,518,507
1735,507,518,559
1736,518,546,559
1737,518,486,533
1738,546,518,533
1739,461,505,504
1740,473,472,429
1741,473,461,504
1742,503,473,504
1743,472,473,503
1744,416,417,437
1745,417,416,389
1746,417,438,437
1747,438,417,402
1748,417,389,402
1749,401,411,429
1750,411,401,371
1751,416,411,371
1752,382,394,407
1753,362,394,382
1754,394,408,407
1755,394,362,408
1756,307,340,339
1757,307,312,340
1758,312,307,286
1759,305,307,339
1760,307,305,286
1761,274,312,286
1762,312,274,313
1763,275,274,249
1764,313,274,296
1765,274,275,296
1766,583,578,534
1767,567,583,534
1768,733,732,697
1769,732,696,697
1770,777,732,733
1771,732,777,724
1772,696,732,724
1773,572,519,554
1774,519,572,543
1775,573,572,554
1776,572,573,598
1777,572,571,543
1778,571,572,598
1779,687,723,686
1780,768,687,724
1781,767,752,723
1782,687,767,723
1783,767,687,768
1784,752,767,783
1785,767,831,783
1786,767,768,831
1787,710,751,722
1788,666,710,722
1789,710,666,695
1790,751,791,798
1791,791,845,798
1792,834,791,792
1793,867,877,911
1794,882,867,911
1795,867,882,845
1796,867,834,877
1797,867,791,834
1798,791,867,845
1799,1109,1079,1117
1800,1079,1109,1099
1801,1109,1117,1145
1802,1099,1109,1145
1803,1074,1099,1073
1804,1074,1079,1099
1805,1047,1074,1073
1806,1150,1156,1169
1807,1150,1116,1156
1808,991,1047,1017
1809,991,969,1006
1810,934,991,946
1811,969,991,934
1812,996,990,1017
1813,991,990,946
1814,990,991,1017
1815,990,968,946
1816,990,996,968
1817,1108,1126,1135
1818,1108,1097,1126
1819,1097,1108,1055
1820,1097,1072,1098
1821,1072,1056,1098
1822,1072,1046,1056
1823,1072,1097,1055
1824,1046,1072,1055
1825,1014,978,968
1826,978,940,941
1827,968,978,941
1828,935,892,936
1829,948,923,957
1830,923,948,922
1831,1021,984,957
1832,984,948,957
1833,984,971,936
1834,948,984,936
1835,753,779,823
1836,779,810,823
1837,810,779,754
1838,884,860,891
1839,810,860,823
1840,860,884,823
1841,1128,1133,1080
1842,1133,1128,1151
1843,1151,1128,1088
1844,1128,1081,1088
1845,1081,1051,1049
1846,1051,998,1049
1847,998,1051,1020
1848,839,913,912
1849,913,839,823
1850,884,913,823
1851,999,984,1021
1852,984,999,971
1853,1049,999,1021
1854,998,999,1049
1855,1178,1162,1163
1856,1180,1178,1202
1857,1178,1180,1162
1858,1110,1118,1075
1859,1110,1084,1111
1860,1084,1110,1075
1861,1118,1110,1146
1862,745,769,734
1863,745,778,769
1864,778,745,746
1865,698,745,734
1866,816,839,846
1867,809,816,846
1868,816,809,759
1869,735,758,794
1870,758,735,681
1871,1006,992,1024
1872,969,992,1006
1873,992,997,1024
1874,992,969,956
1875,997,992,956
1876,1018,1019,1048
1877,997,1018,1048
1878,1019,1018,979
1879,1018,997,979
1880,478,515,477
1881,446,478,477
1882,478,446,447
1883,478,516,515
1884,660,638,620
1885,661,660,620
1886,638,660,717
1887,718,661,682
1888,718,660,661
1889,548,522,564
1890,547,548,579
1891,469,424,489
1892,523,469,489
1893,522,469,523
1894,818,785,819
1895,763,785,818
1896,785,663,819
1897,781,763,818
1898,592,556,663
1899,625,592,663
1900,736,718,682
1901,736,682,677
1902,727,736,677
1903,718,736,754
1904,811,801,780
1905,801,810,754
1906,801,811,861
1907,736,801,754
1908,801,736,780
1909,860,801,861
1910,801,860,810
1911,716,692,717
1912,618,619,659
1913,618,584,579
1914,619,618,579
1915,619,591,638
1916,638,591,620
1917,591,564,620
1918,591,619,579
1919,548,591,579
1920,591,548,564
1921,793,735,794
1922,793,794,836
1923,793,778,746
1924,735,793,746
1925,850,793,836
1926,835,793,850
1927,793,835,778
1928,711,735,746
1929,735,711,676
1930,676,711,698
1931,745,711,746
1932,711,745,698
1933,386,414,378
1934,386,409,414
1935,357,386,378
1936,386,357,366
1937,397,366,341
1938,387,397,341
1939,397,386,366
1940,386,397,409
1941,409,397,431
1942,412,383,384
1943,412,420,383
1944,412,384,423
1945,420,412,441
1946,609,647,636
1947,647,667,636
1948,667,647,686
1949,597,571,598
1950,658,597,627
1951,597,598,627
1952,493,535,508
1953,528,535,493
1954,508,535,568
1955,535,569,568
1956,535,528,569
1957,311,332,352
1958,361,332,324
1959,352,332,361
1960,332,304,324
1961,332,311,304
1962,303,351,323
1963,303,311,351
1964,300,303,323
1965,281,303,300
1966,311,303,282
1967,303,281,282
1968,106,79,124
1969,79,80,124
1970,79,106,78
1971,62,79,78
1972,79,62,63
1973,80,79,63
1974,197,186,191
1975,186,197,210
1976,211,197,191
1977,210,197,231
1978,197,211,231
1979,265,293,271
1980,336,293,321
1981,293,336,320
1982,293,320,292
1983,260,293,292
1984,293,260,271
1985,244,265,271
1986,234,260,253
1987,234,253,229
1988,234,213,206
1989,213,234,229
1990,183,200,196
1991,200,183,190
1992,207,200,190
1993,200,207,223
1994,184,174,161
1995,174,184,190
1996,184,207,190
1997,184,208,207
1998,225,208,220
1999,254,225,220
2000,244,245,265
2001,245,223,224
2002,245,244,223
2003,247,255,220
2004,255,254,220
2005,254,255,273
2006,273,255,279
2007,255,247,279
2008,265,272,294
2009,272,273,294
2010,272,254,273
2011,739,803,749
2012,707,739,749
2013,708,739,707
2014,664,708,653
2015,631,664,653
2016,708,664,680
2017,680,664,632
2018,664,631,632
2019,511,527,491
2020,491,527,526
2021,527,552,526
2022,527,511,537
2023,575,527,537
2024,552,527,575
2025,987,953,1003
2026,983,987,1011
2027,953,987,937
2028,987,983,937
2029,1028,987,1003
2030,1009,1034,1027
2031,1009,982,1010
2032,1034,1009,1010
2033,797,856,866
2034,856,875,910
2035,866,856,910
2036,790,776,805
2037,743,776,790
2038,776,806,805
2039,806,776,722
2040,776,743,722
2041,541,532,504
2042,541,566,532
2043,505,541,504
2044,606,607,634
2045,566,607,606
2046,594,553,559
2047,553,594,614
2048,553,506,559
2049,607,553,614
2050,553,607,566
2051,541,553,566
2052,553,505,506
2053,553,541,505
2054,502,531,530
2055,531,558,530
2056,531,532,588
2057,558,531,588
2058,502,471,472
2059,501,471,502
2060,472,471,427
2061,730,765,756
2062,730,756,671
2063,684,730,671
2064,765,730,750
2065,730,685,750
2066,730,684,685
2067,874,902,873
2068,843,874,873
2069,902,874,866
2070,874,843,866
2071,482,539,499
2072,539,482,500
2073,540,539,500
2074,577,613,604
2075,539,577,604
2076,577,539,540
2077,613,577,565
2078,577,540,565
2079,603,612,632
2080,670,628,629
2081,628,651,600
2082,593,628,600
2083,629,628,593
2084,787,828,764
2085,738,787,764
2086,787,849,828
2087,787,738,788
2088,832,787,788
2089,849,787,832
2090,899,909,865
2091,932,899,900
2092,909,899,932
2093,842,814,829
2094,813,814,842
2095,814,756,829
2096,986,1000,1033
2097,1000,986,973
2098,1033,1000,1026
2099,1000,993,1026
2100,951,1000,973
2101,1000,951,993
2102,1347,1355,1351
2103,1355,1369,1351
2104,1016,1063,1054
2105,1063,1016,1043
2106,1016,995,988
2107,1016,1005,1043
2108,1016,988,1005
2109,1029,1054,1039
2110,1029,1016,1054
2111,1016,1029,995
2112,995,1004,961
2113,1004,967,961
2114,1029,1004,995
2115,1004,994,967
2116,1004,1029,1039
2117,938,866,910
2118,938,953,866
2119,961,938,910
2120,967,938,961
2121,882,881,844
2122,881,876,844
2123,876,881,904
2124,881,927,904
2125,927,881,882
2126,1037,1028,1053
2127,1037,1053,1076
2128,987,1037,1011
2129,1037,987,1028
2130,1037,1036,1011
2131,1036,1037,1076
2132,1028,1038,1053
2133,1038,1028,1003
2134,994,1038,1003
2135,1083,1102,1130
2136,1083,1130,1101
2137,1053,1083,1101
2138,1175,1155,1169
2139,1155,1150,1169
2140,1150,1155,1126
2141,1126,1155,1135
2142,1155,1168,1135
2143,1155,1175,1168
2144,1208,1199,1212
2145,1199,1168,1200
2146,1212,1199,1200
2147,1199,1208,1195
2148,1107,1199,1195
2149,1168,1199,1107
2150,1270,1303,1282
2151,1270,1290,1303
2152,1261,1270,1282
2153,1201,1180,1202
2154,1180,1201,1196
2155,1201,1228,1196
2156,1233,1201,1202
2157,1228,1201,1233
2158,1304,1314,1306
2159,1291,1304,1306
2160,1314,1304,1307
2161,1304,1273,1307
2162,1304,1291,1273
2163,1272,1267,1239
2164,1267,1247,1222
2165,1239,1267,1222
2166,1267,1266,1247
2167,1266,1267,1288
2168,1267,1272,1288
2169,1287,1327,1326
2170,1327,1287,1288
2171,1287,1266,1288
2172,1369,1361,1374
2173,1361,1365,1374
2174,1355,1361,1369
2175,1365,1361,1352
2176,1361,1355,1347
2177,1337,1358,1357
2178,1376,1358,1359
2179,1358,1376,1357
2180,1358,1338,1359
2181,1358,1337,1338
2182,1337,1325,1338
2183,1325,1337,1324
2184,1087,1115,1092
2185,1115,1131,1092
2186,1115,1144,1131
2187,1293,1292,1275
2188,1293,1294,1308
2189,1292,1293,1308
2190,1277,1294,1276
2191,1277,1302,1294
2192,1257,1277,1276
2193,1277,1257,1250
2194,1302,1277,1296
2195,1269,1277,1250
2196,1277,1269,1296
2197,1294,1320,1308
2198,1302,1320,1294
2199,1320,1302,1313
2200,1296,1321,1313
2201,1269,1297,1296
2202,1297,1321,1296
2203,1298,1297,1280
2204,1297,1269,1280
2205,1309,1298,1299
2206,1310,1309,1299
2207,1309,1310,1323
2208,1309,1297,1298
2209,1297,1309,1321
2210,1363,1350,1351
2211,1369,1363,1351
2212,1363,1378,1372
2213,1363,1369,1378
2214,156,153,145
2215,133,153,152
2216,153,163,152
2217,153,156,163
2218,153,129,145
2219,129,153,133
2220,135,134,122
2221,134,129,122
2222,129,134,145
2223,134,149,145
2224,149,134,135
2225,129,115,122
2226,103,115,99
2227,122,115,103
2228,115,114,99
2229,115,129,114
2230,142,150,158
2231,123,150,142
2232,150,123,138
2233,158,150,161
2234,150,138,161
2235,475,474,438
2236,474,461,437
2237,438,474,437
2238,474,475,506
2239,474,505,461
2240,505,474,506
2241,473,436,461
2242,436,473,429
2243,461,436,437
2244,436,416,437
2245,256,274,286
2246,274,256,249
2247,256,286,198
2248,249,256,198
2249,595,583,567
2250,595,568,608
2251,595,567,568
2252,636,595,608
2253,646,595,636
2254,704,731,695
2255,731,791,751
2256,731,710,695
2257,710,731,751
2258,1074,1050,1079
2259,1048,1050,1024
2260,1079,1050,1048
2261,1116,1127,1098
2262,1150,1127,1116
2263,1127,1126,1098
2264,1127,1150,1126
2265,1108,1096,1055
2266,1096,1107,1041
2267,1107,1096,1135
2268,1096,1108,1135
2269,977,1014,1055
2270,977,978,1014
2271,935,907,892
2272,892,907,861
2273,907,860,861
2274,860,907,891
2275,1008,981,1020
2276,893,892,861
2277,892,893,936
2278,893,922,936
2279,736,761,780
2280,761,736,727
2281,847,852,818
2282,779,747,754
2283,747,779,753
2284,747,718,754
2285,747,753,717
2286,660,747,717
2287,718,747,660
2288,1066,1051,1081
2289,1066,1128,1080
2290,1128,1066,1081
2291,1020,1066,1080
2292,1051,1066,1020
2293,1137,1147,1111
2294,1147,1110,1111
2295,1110,1147,1146
2296,715,760,759
2297,726,715,759
2298,715,716,760
2299,716,715,692
2300,590,616,562
2301,839,799,800
2302,816,799,839
2303,799,760,800
2304,760,799,759
2305,799,816,759
2306,869,808,838
2307,837,808,869
2308,808,809,838
2309,808,758,809
2310,794,808,837
2311,758,808,794
2312,809,770,759
2313,758,770,809
2314,770,726,759
2315,525,516,480
2316,449,525,480
2317,525,449,556
2318,516,479,480
2319,479,516,478
2320,479,478,447
2321,479,449,480
2322,449,479,447
2323,586,585,529
2324,515,545,529
2325,545,586,529
2326,586,545,574
2327,516,545,515
2328,574,545,516
2329,639,669,677
2330,445,468,421
2331,445,469,468
2332,422,445,421
2333,445,422,424
2334,469,445,424
2335,496,547,536
2336,496,467,468
2337,514,496,536
2338,467,496,514
2339,521,469,522
2340,548,521,522
2341,521,548,547
2342,712,694,663
2343,785,712,663
2344,712,785,763
2345,716,771,760
2346,760,771,800
2347,753,771,717
2348,771,716,717
2349,800,771,823
2350,771,753,823
2351,617,618,659
2352,657,617,659
2353,617,657,623
2354,617,623,584
2355,618,617,584
2356,403,387,432
2357,403,397,387
2358,430,412,423
2359,430,423,453
2360,456,430,453
2361,441,430,456
2362,412,430,441
2363,570,569,542
2364,570,609,569
2365,570,542,513
2366,571,570,513
2367,655,687,686
2368,647,655,686
2369,655,597,658
2370,260,242,271
2371,242,244,271
2372,234,242,260
2373,169,185,161
2374,185,184,161
2375,220,185,214
2376,208,185,220
2377,184,185,208
2378,185,175,214
2379,185,169,175
2380,272,246,254
2381,246,245,224
2382,245,246,265
2383,246,272,265
2384,225,246,224
2385,246,225,254
2386,773,813,803
2387,739,773,803
2388,1001,1009,1027
2389,1009,1001,982
2390,993,1001,1027
2391,982,1001,965
2392,1001,993,965
2393,830,797,775
2394,830,856,797
2395,830,775,789
2396,856,830,875
2397,830,857,875
2398,790,830,789
2399,830,790,857
2400,644,674,634
2401,607,644,634
2402,644,607,614
2403,626,644,614
2404,666,644,626
2405,644,666,703
2406,674,644,703
2407,459,460,501
2408,460,471,501
2409,460,459,435
2410,460,435,427
2411,471,460,427
2412,603,576,612
2413,612,576,604
2414,576,539,604
2415,576,603,602
2416,557,576,602
2417,678,670,701
2418,678,628,670
2419,628,678,651
2420,729,678,701
2421,678,683,651
2422,683,678,719
2423,678,729,719
2424,899,871,900
2425,871,899,865
2426,803,871,865
2427,813,871,803
2428,871,872,900
2429,871,842,872
2430,871,813,842
2431,994,966,967
2432,966,938,967
2433,938,966,953
2434,953,966,1003
2435,966,994,1003
2436,1083,1077,1102
2437,1038,1077,1053
2438,1077,1083,1053
2439,1208,1215,1195
2440,1215,1188,1195
2441,1188,1215,1194
2442,1215,1214,1194
2443,1227,1226,1212
2444,1270,1271,1290
2445,1271,1270,1252
2446,1271,1265,1290
2447,1265,1271,1252
2448,1270,1245,1252
2449,1245,1261,1238
2450,1245,1270,1261
2451,1317,1326,1338
2452,1325,1317,1338
2453,1287,1317,1286
2454,1317,1287,1326
2455,1093,1115,1087
2456,1094,1093,1071
2457,1093,1087,1071
2458,1115,1093,1144
2459,1144,1093,1154
2460,1093,1094,1154
2461,1320,1319,1308
2462,1319,1316,1308
2463,1316,1319,1329
2464,1335,1336,1347
2465,1336,1335,1323
2466,1335,1309,1323
2467,1309,1335,1321
2468,1335,1347,1351
2469,1321,1331,1313
2470,1335,1331,1321
2471,1350,1331,1351
2472,1331,1335,1351
2473,615,595,646
2474,595,615,583
2475,645,615,646
2476,615,645,578
2477,583,615,578
2478,757,704,766
2479,757,731,704
2480,757,766,792
2481,791,757,792
2482,731,757,791
2483,1042,1074,1047
2484,1042,1050,1074
2485,1042,991,1006
2486,991,1042,1047
2487,1042,1006,1024
2488,1050,1042,1024
2489,940,939,905
2490,905,939,945
2491,939,977,945
2492,978,939,940
2493,977,939,978
2494,1096,989,1055
2495,989,1096,1041
2496,989,977,1055
2497,1013,989,1041
2498,977,989,945
2499,989,963,945
2500,989,1013,963
2501,907,921,891
2502,921,907,935
2503,980,1007,979
2504,795,811,780
2505,761,795,780
2506,811,795,861
2507,795,893,861
2508,796,762,784
2509,762,761,727
2510,894,847,878
2511,894,852,847
2512,957,894,878
2513,923,894,957
2514,825,781,818
2515,852,825,818
2516,824,796,784
2517,824,795,796
2518,795,824,893
2519,1179,1157,1146
2520,1182,1179,1146
2521,1157,1179,1163
2522,1179,1178,1163
2523,1147,1164,1146
2524,1164,1182,1146
2525,1164,1147,1137
2526,690,726,689
2527,690,715,726
2528,690,657,659
2529,657,690,689
2530,656,689,699
2531,656,657,689
2532,555,514,536
2533,555,590,562
2534,520,555,562
2535,555,520,514
2536,623,563,584
2537,590,563,623
2538,555,563,590
2539,584,563,536
2540,563,555,536
2541,770,725,726
2542,689,725,699
2543,726,725,689
2544,725,770,758
2545,725,681,699
2546,725,758,681
2547,592,580,556
2548,580,592,625
2549,639,580,625
2550,624,586,574
2551,624,639,677
2552,521,497,469
2553,469,497,468
2554,497,496,468
2555,496,497,547
2556,497,521,547
2557,712,748,694
2558,781,748,763
2559,748,712,763
2560,693,662,694
2561,662,625,663
2562,694,662,663
2563,662,693,669
2564,639,662,669
2565,662,639,625
2566,397,448,431
2567,403,448,397
2568,431,448,488
2569,465,448,432
2570,448,403,432
2571,448,494,488
2572,448,465,494
2573,596,655,647
2574,596,647,609
2575,570,596,609
2576,655,596,597
2577,696,688,658
2578,688,655,658
2579,655,688,687
2580,688,696,724
2581,687,688,724
2582,219,200,223
2583,244,219,223
2584,242,219,244
2585,200,219,196
2586,219,242,234
2587,196,219,206
2588,219,234,206
2589,774,773,741
2590,773,774,813
2591,774,814,813
2592,814,774,756
2593,721,774,741
2594,774,721,756
2595,773,740,741
2596,740,773,739
2597,740,708,741
2598,740,739,708
2599,539,538,499
2600,576,538,539
2601,538,576,557
2602,499,538,498
2603,538,557,498
2604,1069,1038,1039
2605,1069,1077,1038
2606,1077,1069,1102
2607,1054,1069,1039
2608,1069,1054,1106
2609,1102,1069,1106
2610,1232,1215,1208
2611,1215,1232,1252
2612,1232,1208,1212
2613,1226,1232,1212
2614,1265,1262,1286
2615,1266,1262,1247
2616,1262,1287,1286
2617,1287,1262,1266
2618,1231,1215,1252
2619,1245,1231,1252
2620,1231,1245,1238
2621,1214,1231,1238
2622,1215,1231,1214
2623,1311,1317,1325
2624,1290,1311,1324
2625,1311,1325,1324
2626,1363,1364,1350
2627,1364,1349,1350
2628,1364,1363,1372
2629,1371,1364,1372
2630,1330,1319,1320
2631,1349,1341,1350
2632,1341,1331,1350
2633,1341,1320,1313
2634,1331,1341,1313
2635,914,921,981
2636,914,913,884
2637,914,884,891
2638,921,914,891
2639,964,921,935
2640,921,964,981
2641,964,935,970
2642,981,964,1020
2643,998,964,970
2644,964,998,1020
2645,947,980,979
2646,912,947,979
2647,913,947,912
2648,980,947,981
2649,947,914,981
2650,914,947,913
2651,781,817,784
2652,825,817,781
2653,817,824,784
2654,817,825,852
2655,1217,1179,1182
2656,1217,1182,1203
2657,1179,1217,1178
2658,1223,1217,1255
2659,1217,1203,1255
2660,1217,1223,1202
2661,1178,1217,1202
2662,1182,1183,1203
2663,1164,1183,1182
2664,715,691,692
2665,690,691,715
2666,692,691,659
2667,691,690,659
2668,681,649,699
2669,649,656,699
2670,649,681,648
2671,616,649,648
2672,590,649,616
2673,657,622,623
2674,656,622,657
2675,622,590,623
2676,622,649,590
2677,649,622,656
2678,525,551,516
2679,551,574,516
2680,551,525,556
2681,580,551,556
2682,599,580,639
2683,624,599,639
2684,599,624,574
2685,551,599,574
2686,599,551,580
2687,624,621,586
2688,586,621,585
2689,682,621,677
2690,621,624,677
2691,621,661,585
2692,661,621,682
2693,728,693,694
2694,748,728,694
2695,762,728,784
2696,728,781,784
2697,728,748,781
2698,728,762,727
2699,728,727,669
2700,693,728,669
2701,1243,1232,1226
2702,1243,1262,1265
2703,1243,1226,1227
2704,1243,1227,1247
2705,1262,1243,1247
2706,1317,1285,1286
2707,1311,1285,1317
2708,1285,1311,1290
2709,1285,1265,1286
2710,1265,1285,1290
2711,1360,1364,1371
2712,1364,1360,1349
2713,1362,1360,1371
2714,1360,1330,1349
2715,1319,1340,1329
2716,1330,1340,1319
2717,1329,1340,1344
2718,1340,1362,1344
2719,1340,1360,1362
2720,1360,1340,1330
2721,1341,1334,1320
2722,1334,1341,1349
2723,1334,1330,1320
2724,1330,1334,1349
2725,851,817,852
2726,817,851,824
2727,851,894,923
2728,894,851,852
2729,851,923,922
2730,893,851,922
2731,824,851,893
2732,1183,1190,1203
2733,1190,1151,1278
2734,1190,1183,1164
2735,1190,1278,1255
2736,1203,1190,1255
2737,1190,1137,1151
2738,1190,1164,1137
2739,1246,1243,1265
2740,1243,1246,1232
2741,1246,1265,1252
2742,1232,1246,1252
2743,128,140,102
2744,128,102,112
2745,1172,1192,1206
2746,1185,1172,1206
2747,218,179,166
2748,218,166,189
2749,379,351,374
2750,351,379,348
2751,374,351,388
2752,351,352,388
2753,630,611,601
2754,611,630,640
2755,119,142,118
2756,142,141,118
2757,362,340,363
2758,340,362,339
2759,681,676,648
2760,648,676,637
2761,413,443,442
2762,443,413,414
2763,642,643,672
2764,672,643,673
2765,1281,1298,1280
2766,1298,1281,1299
2767,971,935,936
2768,935,971,970
2769,971,999,970
2770,999,998,970
2771,293,265,294
2772,293,294,321
2773,208,225,207
2774,207,225,224
2775,531,502,503
2776,532,531,503
2777,603,631,602
2778,631,603,632
2779,1004,1038,994
2780,1038,1004,1039
2781,1361,1336,1352
2782,1336,1361,1347
2783,1294,1293,1276
2784,1293,1275,1276
2785,436,411,416
2786,411,436,429
2787,980,981,1008
2788,980,1008,1007
2789,762,795,761
2790,795,762,796
2791,596,570,571
2792,597,596,571
