no.,vertice_idx1,vertice_idx2,vertice_idx3
0,1212,1236,1197
1,1055,1122,1197
2,1271,1272,1280
3,612,588,573
4,1122,1167,1197
5,1276,1274,1279
6,1272,1253,1258
7,359,97,337
8,1,5,0
9,162,143,159
10,1212,1226,1236
11,1213,1226,1212
12,1167,1191,1197
13,1191,1212,1197
14,1213,1191,1185
15,1191,1213,1212
16,1191,1176,1185
17,1176,1191,1167
18,1150,1167,1122
19,1142,1150,1122
20,1090,1122,1055
21,1117,1142,1122
22,1262,1276,1259
23,1265,1262,1254
24,641,665,677
25,612,611,592
26,808,787,809
27,761,787,766
28,808,837,819
29,837,808,852
30,717,734,766
31,734,761,766
32,859,808,809
33,808,859,852
34,961,884,1161
35,3,21,0
36,307,274,300
37,588,557,573
38,578,565,592
39,1071,1090,1055
40,1090,1071,1085
41,1048,1071,1055
42,1029,1048,1055
43,1090,1109,1122
44,1109,1117,1122
45,1109,1090,1085
46,1100,1076,1086
47,1076,1100,1085
48,1100,1109,1085
49,1109,1100,1117
50,1052,1026,1024
51,1117,1151,1142
52,1162,1151,1135
53,1222,1234,1248
54,1262,1232,1254
55,1262,1273,1276
56,1273,1262,1265
57,665,685,677
58,667,701,666
59,664,641,677
60,664,640,641
61,640,664,663
62,637,640,663
63,1203,1161,1258
64,1229,1203,1258
65,725,752,738
66,692,656,672
67,611,657,633
68,657,656,633
69,656,657,672
70,657,611,612
71,657,612,573
72,692,657,718
73,657,692,672
74,657,573,791
75,752,657,791
76,787,783,809
77,783,787,761
78,734,735,761
79,1036,1161,1089
80,1036,961,1161
81,1010,985,994
82,1161,1115,1089
83,1161,857,791
84,884,857,1161
85,656,629,633
86,572,629,610
87,167,181,139
88,326,307,300
89,323,346,336
90,346,357,336
91,376,357,346
92,323,363,346
93,614,621,632
94,649,648,632
95,653,649,632
96,653,636,644
97,621,636,632
98,636,653,632
99,547,587,550
100,547,597,587
101,124,97,111
102,146,124,111
103,124,212,97
104,97,212,337
105,212,295,337
106,23,58,97
107,23,97,359
108,239,209,184
109,642,667,666
110,5,4,0
111,4,3,0
112,6,7,1
113,12,7,6
114,7,12,15
115,14,15,25
116,11,14,25
117,14,7,15
118,14,11,1
119,7,14,1
120,9,4,5
121,41,53,28
122,15,30,25
123,162,183,193
124,183,203,193
125,183,162,159
126,233,183,159
127,183,233,203
128,167,185,197
129,237,272,241
130,174,141,130
131,141,174,190
132,6,45,22
133,565,532,537
134,557,579,537
135,579,565,537
136,565,579,592
137,579,557,588
138,579,612,592
139,579,588,612
140,294,275,255
141,274,275,300
142,275,294,300
143,256,233,280
144,499,425,573
145,1029,1020,1048
146,1076,1049,1056
147,1049,1033,1056
148,1020,1049,1048
149,1049,1020,1015
150,1033,1049,1015
151,1059,1071,1048
152,1049,1059,1048
153,1059,1049,1076
154,1071,1059,1085
155,1059,1076,1085
156,1052,1067,1061
157,1067,1081,1061
158,1054,1067,1052
159,1081,1067,1096
160,1043,1052,1061
161,1043,1026,1052
162,1066,1043,1061
163,1043,1066,1050
164,1164,1170,1179
165,1170,1164,1145
166,1026,1009,1024
167,1009,985,1024
168,1013,1009,1026
169,1091,1103,1086
170,1176,1158,1185
171,1151,1158,1142
172,1158,1150,1142
173,1158,1176,1167
174,1150,1158,1167
175,1118,1151,1117
176,1151,1118,1135
177,1100,1118,1117
178,1118,1123,1135
179,1136,1162,1135
180,1123,1136,1135
181,1168,1162,1177
182,1162,1168,1151
183,1158,1168,1185
184,1168,1158,1151
185,1234,1260,1248
186,1260,1274,1276
187,1237,1221,1216
188,1232,1221,1254
189,1221,1237,1254
190,1245,1262,1259
191,1245,1232,1262
192,1186,1213,1185
193,1168,1186,1185
194,1186,1168,1177
195,1198,1186,1177
196,1273,1266,1267
197,1266,1273,1265
198,1256,1263,1267
199,1263,1273,1267
200,1263,1256,1246
201,1248,1263,1246
202,1273,1263,1276
203,1263,1260,1276
204,1260,1263,1248
205,652,687,667
206,701,686,666
207,686,665,666
208,686,685,665
209,685,686,717
210,686,701,717
211,720,734,717
212,701,720,717
213,721,720,701
214,735,721,726
215,687,696,667
216,696,701,667
217,696,721,701
218,906,893,879
219,619,637,624
220,637,619,640
221,662,663,683
222,662,637,663
223,618,689,599
224,714,699,728
225,699,714,689
226,744,714,728
227,848,837,852
228,876,848,852
229,861,834,862
230,1277,1278,1279
231,1279,1278,1280
232,1278,1271,1280
233,1278,1270,1271
234,1278,1264,1270
235,1264,1278,1277
236,1229,1225,1208
237,785,752,791
238,706,692,718
239,725,733,752
240,657,733,718
241,733,657,752
242,733,706,718
243,706,733,725
244,723,763,751
245,669,651,675
246,697,669,675
247,692,660,656
248,660,629,656
249,660,706,681
250,706,660,692
251,985,1016,1024
252,1010,1016,985
253,1069,1084,1098
254,1031,1058,1035
255,1058,1031,1069
256,970,1014,975
257,1014,970,1007
258,1014,1031,1035
259,1031,1014,1007
260,1006,1010,994
261,740,735,726
262,735,740,761
263,788,789,803
264,789,788,755
265,1013,984,1009
266,985,968,994
267,908,902,881
268,902,908,932
269,845,827,846
270,845,859,809
271,827,845,809
272,931,968,942
273,931,902,932
274,1006,982,999
275,999,982,975
276,658,670,695
277,670,658,627
278,670,628,671
279,628,670,627
280,676,658,695
281,571,572,610
282,571,556,572
283,629,598,633
284,598,611,633
285,598,572,578
286,598,629,572
287,598,578,592
288,611,598,592
289,198,239,184
290,227,297,251
291,297,340,314
292,340,297,290
293,295,335,337
294,335,359,337
295,179,198,184
296,144,167,139
297,201,167,197
298,201,181,167
299,312,323,336
300,323,312,291
301,272,267,241
302,363,325,358
303,502,473,486
304,475,473,502
305,450,473,457
306,473,475,457
307,433,447,450
308,318,343,306
309,356,343,318
310,343,356,368
311,322,356,318
312,322,357,356
313,357,322,336
314,322,312,336
315,372,376,346
316,363,372,346
317,652,635,643
318,616,596,586
319,616,650,644
320,669,650,651
321,650,622,651
322,673,649,653
323,688,673,653
324,673,688,693
325,649,673,648
326,626,636,621
327,596,626,621
328,626,596,616
329,626,616,644
330,636,626,644
331,549,524,550
332,587,570,550
333,570,549,550
334,474,524,501
335,524,474,475
336,530,547,502
337,604,597,627
338,597,604,587
339,605,597,577
340,628,605,610
341,571,605,577
342,605,571,610
343,617,628,627
344,597,617,627
345,617,605,628
346,605,617,597
347,622,654,651
348,676,654,658
349,658,654,627
350,651,654,675
351,654,676,675
352,234,270,257
353,295,234,257
354,212,234,295
355,21,17,0
356,40,36,28
357,36,40,51
358,53,40,28
359,40,53,51
360,58,39,51
361,39,36,51
362,252,239,259
363,252,209,239
364,113,119,160
365,297,248,290
366,248,297,227
367,194,164,160
368,119,147,160
369,195,165,205
370,195,194,160
371,194,195,225
372,227,188,208
373,188,227,205
374,125,146,111
375,125,178,146
376,178,125,164
377,515,23,359
378,3,24,21
379,4,24,3
380,9,24,4
381,36,24,28
382,24,18,28
383,18,24,9
384,8,12,6
385,10,18,9
386,10,9,5
387,10,5,1
388,11,10,1
389,148,121,126
390,30,37,25
391,31,48,30
392,20,30,15
393,20,31,30
394,12,20,15
395,31,20,13
396,20,8,13
397,8,20,12
398,246,242,223
399,242,222,223
400,158,141,190
401,141,102,130
402,214,237,241
403,214,201,197
404,237,215,232
405,214,215,237
406,185,215,197
407,215,214,197
408,158,182,173
409,182,158,190
410,207,221,232
411,215,207,232
412,207,215,185
413,182,207,173
414,207,182,221
415,242,228,222
416,221,245,232
417,245,221,255
418,275,245,255
419,245,275,274
420,154,174,130
421,175,192,202
422,175,154,155
423,154,175,174
424,174,191,190
425,191,228,190
426,228,191,222
427,222,191,223
428,191,202,223
429,191,175,202
430,175,191,174
431,162,142,143
432,45,35,22
433,233,229,203
434,256,229,233
435,384,385,402
436,385,425,402
437,233,329,280
438,329,233,159
439,329,385,354
440,385,329,425
441,407,384,402
442,425,407,402
443,407,391,384
444,391,407,424
445,294,308,300
446,308,326,300
447,1040,1012,1041
448,1053,1040,1041
449,1040,1053,1080
450,1040,1022,1012
451,1022,1040,1039
452,1033,1037,1056
453,1037,1022,1039
454,1106,1081,1096
455,1111,1144,1139
456,1164,1144,1145
457,1042,1053,1041
458,1053,1042,1050
459,1066,1074,1050
460,1074,1053,1050
461,1074,1066,1087
462,1080,1074,1087
463,1053,1074,1080
464,993,1022,1004
465,1022,993,1012
466,958,934,959
467,934,958,917
468,1030,1043,1050
469,1042,1030,1050
470,1043,1030,1026
471,1030,1013,1026
472,1103,1110,1086
473,1123,1110,1103
474,1118,1110,1123
475,1110,1100,1086
476,1110,1118,1100
477,1037,1057,1056
478,1057,1037,1039
479,1152,1143,1129
480,1143,1128,1129
481,1143,1165,1147
482,1128,1104,1129
483,1104,1116,1129
484,1091,1104,1103
485,1104,1128,1103
486,1101,1080,1087
487,1101,1116,1080
488,1137,1152,1129
489,1116,1137,1129
490,1137,1159,1152
491,1131,1136,1123
492,1131,1123,1103
493,1128,1131,1103
494,1136,1131,1147
495,1131,1143,1147
496,1143,1131,1128
497,1165,1163,1147
498,1163,1136,1147
499,1136,1163,1162
500,1165,1169,1187
501,1169,1143,1152
502,1143,1169,1165
503,1220,1234,1222
504,1170,1193,1179
505,1227,1248,1246
506,1227,1222,1248
507,1256,1233,1246
508,1237,1233,1256
509,1233,1227,1246
510,1227,1233,1219
511,1219,1233,1216
512,1233,1237,1216
513,1247,1244,1259
514,1244,1245,1259
515,1215,1221,1232
516,1245,1214,1232
517,1214,1215,1232
518,1237,1255,1254
519,1255,1237,1256
520,702,696,687
521,702,708,726
522,708,702,687
523,721,702,726
524,696,702,721
525,746,744,728
526,817,802,798
527,802,817,835
528,817,841,835
529,841,817,821
530,821,800,818
531,818,800,819
532,800,792,819
533,787,792,766
534,792,808,819
535,792,787,808
536,707,719,731
537,906,890,917
538,899,890,876
539,890,899,917
540,890,906,879
541,951,915,953
542,990,1003,1015
543,1003,990,991
544,992,991,965
545,992,993,1004
546,991,972,965
547,956,972,971
548,972,990,971
549,990,972,991
550,625,619,594
551,619,625,640
552,640,625,641
553,625,613,641
554,613,625,594
555,606,619,624
556,619,606,589
557,618,606,624
558,606,618,599
559,619,590,594
560,590,619,589
561,699,682,683
562,682,699,689
563,662,646,637
564,637,646,624
565,646,618,624
566,618,646,689
567,872,848,876
568,872,890,879
569,890,872,876
570,872,841,848
571,801,834,861
572,840,802,835
573,834,840,862
574,840,858,862
575,858,840,835
576,1242,1225,1229
577,1253,1242,1258
578,1242,1229,1258
579,857,825,791
580,758,763,738
581,763,758,780
582,758,785,780
583,752,758,738
584,785,758,752
585,724,725,738
586,763,724,738
587,723,724,763
588,713,723,751
589,769,773,815
590,779,763,780
591,674,669,697
592,650,674,644
593,674,650,669
594,660,655,629
595,655,660,681
596,1017,1018,1036
597,1051,1017,1036
598,1203,1175,1161
599,1146,1160,1149
600,1160,1181,1149
601,935,962,932
602,908,935,932
603,1011,999,975
604,1014,1011,975
605,1011,1014,1035
606,1038,1011,1035
607,842,853,846
608,827,826,846
609,826,842,846
610,788,775,755
611,775,783,761
612,740,775,761
613,775,740,755
614,708,736,726
615,736,740,726
616,740,736,755
617,678,708,687
618,652,678,687
619,678,652,643
620,659,678,643
621,679,673,693
622,679,678,659
623,679,659,648
624,673,679,648
625,678,703,708
626,679,703,678
627,959,949,981
628,949,984,981
629,934,949,959
630,949,934,923
631,968,969,994
632,931,969,968
633,962,969,932
634,969,931,932
635,902,869,881
636,869,853,881
637,853,869,846
638,925,931,942
639,902,925,901
640,931,925,902
641,694,676,695
642,676,694,675
643,694,697,675
644,694,712,697
645,239,265,259
646,265,282,259
647,282,265,306
648,340,315,341
649,315,340,290
650,297,296,251
651,296,297,314
652,179,161,180
653,148,161,184
654,161,179,184
655,84,116,101
656,422,405,412
657,405,422,421
658,347,373,358
659,326,347,307
660,373,377,358
661,377,363,358
662,377,405,363
663,292,267,272
664,292,323,291
665,267,292,291
666,473,466,486
667,447,466,450
668,466,473,450
669,397,357,376
670,357,397,356
671,447,418,421
672,433,418,447
673,397,418,433
674,418,397,376
675,342,343,368
676,648,639,632
677,639,659,643
678,659,639,648
679,638,652,667
680,638,635,652
681,615,650,616
682,650,615,622
683,615,616,586
684,526,475,502
685,526,524,475
686,524,526,550
687,526,547,550
688,547,526,502
689,524,529,501
690,548,529,549
691,529,524,549
692,503,502,486
693,503,530,502
694,555,556,571
695,555,571,577
696,623,604,627
697,604,623,622
698,654,623,627
699,623,654,622
700,603,604,622
701,615,603,622
702,603,570,587
703,604,603,587
704,17,2,0
705,2,17,23
706,17,27,23
707,58,27,32
708,23,27,58
709,32,27,21
710,27,17,21
711,46,58,32
712,46,39,58
713,164,134,160
714,134,113,160
715,113,134,107
716,97,71,111
717,71,88,111
718,58,71,97
719,71,58,51
720,88,71,107
721,230,227,208
722,230,248,227
723,243,235,225
724,194,235,224
725,235,194,225
726,226,195,205
727,195,226,225
728,226,227,251
729,227,226,205
730,243,226,251
731,226,243,225
732,169,195,160
733,195,169,165
734,147,169,160
735,169,147,165
736,165,170,205
737,170,188,205
738,276,304,321
739,106,88,107
740,125,106,107
741,88,106,111
742,106,125,111
743,178,163,146
744,163,124,146
745,163,212,124
746,647,642,666
747,647,630,642
748,665,647,666
749,647,665,641
750,613,647,641
751,630,647,613
752,631,630,600
753,630,631,642
754,630,595,600
755,595,630,613
756,24,29,21
757,29,32,21
758,39,29,36
759,29,24,36
760,29,46,32
761,46,29,39
762,59,53,41
763,19,10,11
764,10,19,18
765,19,11,25
766,19,41,28
767,18,19,28
768,37,19,25
769,19,37,41
770,127,100,101
771,116,127,101
772,157,121,148
773,157,148,184
774,209,157,184
775,156,157,209
776,115,93,121
777,93,115,80
778,80,69,65
779,33,26,22
780,42,33,43
781,75,80,65
782,75,93,80
783,261,294,255
784,228,261,255
785,261,228,242
786,210,182,190
787,182,210,221
788,228,210,190
789,221,210,255
790,210,228,255
791,254,245,274
792,245,254,232
793,254,237,232
794,237,254,272
795,151,176,155
796,176,175,155
797,175,176,192
798,192,176,193
799,176,162,193
800,176,142,162
801,142,176,151
802,192,211,202
803,211,246,223
804,202,211,223
805,211,192,193
806,132,151,155
807,142,118,143
808,44,35,45
809,34,33,22
810,35,34,22
811,203,216,193
812,229,216,203
813,216,211,193
814,373,393,406
815,423,391,424
816,434,412,406
817,393,434,406
818,434,393,443
819,439,407,425
820,407,439,424
821,393,364,382
822,364,393,373
823,334,329,354
824,385,353,354
825,353,334,354
826,364,348,382
827,348,364,319
828,967,956,971
829,1019,1029,1055
830,1044,1027,1038
831,1027,1016,1010
832,1016,1034,1024
833,1034,1052,1024
834,1027,1034,1016
835,1034,1027,1044
836,1034,1054,1052
837,1034,1044,1054
838,1112,1106,1096
839,1083,1106,1111
840,1066,1083,1087
841,1106,1083,1081
842,1081,1083,1061
843,1083,1066,1061
844,1144,1153,1139
845,1153,1144,1164
846,1153,1164,1179
847,1192,1153,1179
848,1106,1124,1111
849,1124,1144,1111
850,1112,1124,1106
851,1144,1124,1145
852,993,996,1012
853,957,979,953
854,992,979,993
855,899,900,923
856,859,900,852
857,896,900,859
858,900,876,852
859,900,899,876
860,918,934,917
861,899,918,917
862,934,918,923
863,918,899,923
864,958,973,957
865,973,979,957
866,979,973,993
867,1057,1072,1056
868,1076,1072,1086
869,1072,1076,1056
870,1072,1091,1086
871,1060,1057,1039
872,1060,1040,1080
873,1040,1060,1039
874,1116,1092,1080
875,1104,1092,1116
876,1092,1104,1091
877,1092,1060,1080
878,1188,1219,1216
879,1188,1192,1219
880,1101,1119,1116
881,1119,1137,1116
882,1119,1111,1139
883,1178,1163,1165
884,1178,1165,1187
885,1178,1198,1177
886,1162,1178,1177
887,1163,1178,1162
888,1261,1260,1234
889,1243,1261,1234
890,1260,1261,1274
891,1223,1243,1234
892,1220,1223,1234
893,1223,1220,1205
894,1202,1192,1179
895,1193,1202,1179
896,1220,1202,1205
897,1202,1193,1205
898,1192,1204,1219
899,1204,1227,1219
900,1227,1204,1222
901,1202,1204,1192
902,1231,1244,1247
903,1231,1226,1213
904,1231,1247,1236
905,1226,1231,1236
906,1244,1231,1245
907,1231,1214,1245
908,1215,1201,1221
909,1216,1201,1187
910,1221,1201,1216
911,746,759,770
912,886,895,911
913,915,895,893
914,921,515,599
915,988,921,940
916,1019,921,988
917,515,921,23
918,921,922,940
919,922,921,904
920,782,764,770
921,764,746,770
922,746,764,744
923,848,836,837
924,841,836,848
925,836,821,818
926,836,841,821
927,799,800,821
928,799,817,798
929,817,799,821
930,800,799,774
931,771,799,798
932,799,771,774
933,792,760,766
934,760,717,766
935,684,664,677
936,664,684,663
937,893,875,879
938,863,872,879
939,872,863,841
940,875,863,879
941,863,875,858
942,841,863,835
943,863,858,835
944,916,893,906
945,916,915,893
946,916,906,917
947,916,957,953
948,915,916,953
949,916,958,957
950,958,916,917
951,1021,1037,1033
952,1021,1033,1015
953,1003,1021,1015
954,1021,1003,1004
955,1022,1021,1004
956,1037,1021,1022
957,1005,1019,988
958,1020,1005,1015
959,1005,1020,1029
960,1019,1005,1029
961,950,972,956
962,950,930,951
963,950,951,965
964,972,950,965
965,661,646,662
966,661,662,683
967,682,661,683
968,661,682,689
969,646,661,689
970,816,840,834
971,840,816,802
972,802,816,797
973,816,801,797
974,801,816,834
975,1270,1251,1271
976,1224,1235,1206
977,779,824,806
978,724,698,725
979,706,698,681
980,698,706,725
981,713,691,723
982,691,670,671
983,670,691,695
984,691,713,695
985,713,732,695
986,732,694,695
987,694,732,712
988,732,713,751
989,773,812,815
990,812,773,806
991,812,832,815
992,741,742,769
993,794,769,815
994,763,776,751
995,779,776,763
996,776,779,806
997,776,773,751
998,773,776,806
999,704,711,688
1000,704,674,697
1001,704,741,737
1002,711,704,737
1003,674,668,644
1004,668,653,644
1005,668,688,653
1006,668,704,688
1007,704,668,674
1008,628,645,671
1009,655,645,629
1010,629,645,610
1011,645,628,610
1012,948,884,961
1013,947,948,961
1014,1079,1058,1069
1015,1079,1069,1098
1016,1095,1079,1098
1017,1114,1095,1098
1018,1175,1157,1161
1019,1157,1175,1160
1020,1146,1157,1160
1021,1181,1209,1208
1022,1209,1229,1208
1023,1229,1209,1203
1024,1175,1182,1160
1025,1182,1181,1160
1026,1182,1175,1203
1027,1209,1182,1203
1028,1182,1209,1181
1029,1181,1166,1149
1030,1225,1200,1208
1031,1200,1225,1228
1032,1200,1181,1208
1033,1154,1170,1145
1034,935,960,962
1035,982,960,975
1036,960,982,962
1037,945,909,926
1038,1028,1000,1008
1039,970,997,1007
1040,1028,997,1000
1041,997,1031,1007
1042,997,1028,1031
1043,1017,1032,1008
1044,1032,1028,1008
1045,1028,1032,1046
1046,1031,1045,1069
1047,1028,1045,1031
1048,1045,1028,1046
1049,954,970,945
1050,954,945,926
1051,946,913,938
1052,1025,1006,999
1053,1011,1025,999
1054,1025,1011,1038
1055,1027,1025,1038
1056,1006,1025,1010
1057,1025,1027,1010
1058,822,838,842
1059,826,822,842
1060,849,853,842
1061,838,849,842
1062,783,810,809
1063,810,827,809
1064,810,826,827
1065,941,949,923
1066,968,941,942
1067,941,968,985
1068,969,974,994
1069,974,1006,994
1070,974,982,1006
1071,982,974,962
1072,974,969,962
1073,880,902,901
1074,880,869,902
1075,880,896,859
1076,896,880,901
1077,919,900,896
1078,900,919,923
1079,919,941,923
1080,924,896,901
1081,925,924,901
1082,924,919,896
1083,924,925,942
1084,941,924,942
1085,919,924,941
1086,564,565,578
1087,572,564,578
1088,556,564,572
1089,518,532,565
1090,564,518,565
1091,518,564,517
1092,532,518,514
1093,283,318,306
1094,265,283,306
1095,283,265,266
1096,199,179,180
1097,179,199,198
1098,265,240,266
1099,240,265,239
1100,198,240,239
1101,201,200,181
1102,414,438,429
1103,414,396,438
1104,454,456,474
1105,456,454,438
1106,438,454,429
1107,371,390,410
1108,335,360,359
1109,303,335,295
1110,303,313,330
1111,186,207,185
1112,168,186,185
1113,207,186,173
1114,186,168,173
1115,96,116,84
1116,466,448,468
1117,448,466,447
1118,468,448,455
1119,404,405,421
1120,418,404,421
1121,404,372,363
1122,405,404,363
1123,372,404,376
1124,404,418,376
1125,352,347,326
1126,347,352,373
1127,352,364,373
1128,308,352,326
1129,405,392,412
1130,377,392,405
1131,392,377,373
1132,412,392,406
1133,392,373,406
1134,292,324,323
1135,324,292,325
1136,324,363,323
1137,324,325,363
1138,325,293,307
1139,292,293,325
1140,293,292,272
1141,293,274,307
1142,293,254,274
1143,254,293,272
1144,642,634,667
1145,634,638,667
1146,631,634,642
1147,576,615,586
1148,548,576,586
1149,603,576,570
1150,576,603,615
1151,576,548,549
1152,570,576,549
1153,614,575,621
1154,575,596,621
1155,596,575,586
1156,525,555,530
1157,503,525,530
1158,555,525,556
1159,530,551,547
1160,555,551,530
1161,551,555,577
1162,597,551,577
1163,551,597,547
1164,213,156,209
1165,133,125,107
1166,134,133,107
1167,125,133,164
1168,133,134,164
1169,277,310,315
1170,315,310,341
1171,310,350,341
1172,273,277,252
1173,273,252,259
1174,282,273,259
1175,250,235,243
1176,250,304,276
1177,235,250,224
1178,147,152,165
1179,152,170,165
1180,152,147,119
1181,263,217,224
1182,217,234,212
1183,234,217,270
1184,217,263,270
1185,305,296,314
1186,515,533,599
1187,533,566,599
1188,606,580,589
1189,580,566,589
1190,580,606,599
1191,566,580,599
1192,426,515,359
1193,54,59,41
1194,59,54,67
1195,37,54,41
1196,54,68,67
1197,89,113,107
1198,113,89,119
1199,53,89,51
1200,89,71,51
1201,71,89,107
1202,82,99,98
1203,82,66,70
1204,99,82,100
1205,84,82,70
1206,100,82,101
1207,82,84,101
1208,149,172,180
1209,161,149,180
1210,150,116,139
1211,150,127,116
1212,181,150,139
1213,177,150,181
1214,115,137,136
1215,137,115,121
1216,157,137,121
1217,137,156,136
1218,137,157,156
1219,114,115,136
1220,115,79,80
1221,79,69,80
1222,79,114,92
1223,114,79,115
1224,61,52,65
1225,69,61,65
1226,47,37,30
1227,48,47,30
1228,47,54,37
1229,54,47,68
1230,60,61,69
1231,60,47,48
1232,47,60,68
1233,79,60,69
1234,60,79,68
1235,78,92,91
1236,67,78,91
1237,68,78,67
1238,78,79,92
1239,79,78,68
1240,16,31,13
1241,26,16,22
1242,16,6,22
1243,16,8,6
1244,8,16,13
1245,38,26,33
1246,42,38,33
1247,38,16,26
1248,16,38,31
1249,38,42,52
1250,66,63,43
1251,63,42,43
1252,63,75,65
1253,52,63,65
1254,42,63,52
1255,75,94,93
1256,93,94,121
1257,94,98,126
1258,121,94,126
1259,110,85,102
1260,144,140,167
1261,158,128,141
1262,128,102,141
1263,128,110,102
1264,131,154,130
1265,132,131,104
1266,102,103,130
1267,103,87,104
1268,103,131,130
1269,131,103,104
1270,103,83,87
1271,83,45,6
1272,132,129,151
1273,129,142,151
1274,129,118,142
1275,83,105,87
1276,87,105,104
1277,129,105,118
1278,105,132,104
1279,105,129,132
1280,44,50,35
1281,50,34,35
1282,50,66,43
1283,33,50,43
1284,34,50,33
1285,62,84,70
1286,62,50,44
1287,66,62,70
1288,50,62,66
1289,247,229,256
1290,247,216,229
1291,211,247,246
1292,216,247,211
1293,391,398,382
1294,423,398,391
1295,398,393,382
1296,460,423,424
1297,439,460,424
1298,451,434,443
1299,434,451,455
1300,269,256,280
1301,287,269,280
1302,269,247,256
1303,247,269,246
1304,261,278,294
1305,287,309,320
1306,309,287,280
1307,329,309,280
1308,334,309,329
1309,369,391,382
1310,348,369,382
1311,349,369,348
1312,391,369,384
1313,952,988,940
1314,952,967,988
1315,967,952,956
1316,922,952,940
1317,967,989,988
1318,989,1005,988
1319,990,989,971
1320,989,967,971
1321,989,990,1015
1322,1005,989,1015
1323,1172,1153,1192
1324,1153,1172,1159
1325,1188,1172,1192
1326,984,998,981
1327,998,984,1013
1328,996,1023,1012
1329,1023,998,1013
1330,998,1023,996
1331,1012,1023,1041
1332,1023,1042,1041
1333,1030,1023,1013
1334,1023,1030,1042
1335,966,992,965
1336,966,979,992
1337,979,966,953
1338,966,951,953
1339,951,966,965
1340,980,973,958
1341,980,959,981
1342,980,958,959
1343,980,996,993
1344,973,980,993
1345,1072,1073,1091
1346,1073,1072,1057
1347,1060,1073,1057
1348,1073,1092,1091
1349,1092,1073,1060
1350,1138,1119,1139
1351,1119,1138,1137
1352,1137,1138,1159
1353,1153,1138,1139
1354,1138,1153,1159
1355,1105,1101,1087
1356,1105,1119,1101
1357,1119,1105,1111
1358,1083,1105,1087
1359,1105,1083,1111
1360,1257,1261,1243
1361,1180,1195,1173
1362,1235,1211,1206
1363,1211,1235,1239
1364,1211,1195,1206
1365,1238,1239,1250
1366,1238,1211,1239
1367,1211,1238,1210
1368,1238,1257,1243
1369,1223,1230,1243
1370,1230,1238,1243
1371,1238,1230,1210
1372,1194,1193,1170
1373,1193,1194,1205
1374,1218,1231,1213
1375,1231,1218,1214
1376,1186,1218,1213
1377,1198,1218,1186
1378,1214,1218,1198
1379,1199,1201,1215
1380,1178,1199,1198
1381,1199,1178,1187
1382,1201,1199,1187
1383,759,786,770
1384,786,802,797
1385,802,786,798
1386,782,786,797
1387,786,782,770
1388,786,771,798
1389,786,759,771
1390,895,912,911
1391,912,895,915
1392,912,930,911
1393,951,912,915
1394,930,912,951
1395,878,886,862
1396,878,895,886
1397,858,878,862
1398,875,878,858
1399,895,878,893
1400,878,875,893
1401,905,922,904
1402,905,885,886
1403,905,886,911
1404,885,889,861
1405,889,921,861
1406,921,889,904
1407,889,905,904
1408,905,889,885
1409,781,764,782
1410,781,782,797
1411,801,781,797
1412,781,801,861
1413,719,739,731
1414,739,719,717
1415,760,739,717
1416,707,700,719
1417,684,700,707
1418,700,684,677
1419,685,700,677
1420,700,685,717
1421,719,700,717
1422,684,690,663
1423,690,684,707
1424,716,690,707
1425,663,690,683
1426,690,716,683
1427,715,699,683
1428,716,715,683
1429,699,715,728
1430,715,746,728
1431,715,759,746
1432,759,747,771
1433,771,747,774
1434,747,754,774
1435,730,707,731
1436,730,716,707
1437,754,730,731
1438,747,730,754
1439,950,929,930
1440,930,929,911
1441,929,950,956
1442,929,905,911
1443,905,929,922
1444,952,929,956
1445,929,952,922
1446,521,534,553
1447,613,567,553
1448,567,613,594
1449,590,567,594
1450,1251,1252,1271
1451,1251,1249,1235
1452,1239,1249,1250
1453,1235,1249,1239
1454,1249,1251,1270
1455,1249,1264,1250
1456,1264,1249,1270
1457,843,825,857
1458,843,824,825
1459,824,807,825
1460,807,785,791
1461,825,807,791
1462,785,807,780
1463,807,779,780
1464,807,824,779
1465,705,698,724
1466,705,724,723
1467,691,705,723
1468,705,691,671
1469,712,722,697
1470,722,742,741
1471,722,704,697
1472,704,722,741
1473,743,773,769
1474,742,743,769
1475,732,743,712
1476,743,722,712
1477,722,743,742
1478,814,794,815
1479,772,741,769
1480,794,772,769
1481,888,914,910
1482,1017,1001,1018
1483,1001,1017,1008
1484,1036,987,961
1485,1018,987,1036
1486,939,914,947
1487,978,1001,1008
1488,1001,978,986
1489,978,939,986
1490,856,883,888
1491,948,928,884
1492,1063,1038,1035
1493,1063,1068,1038
1494,1058,1063,1035
1495,1079,1063,1058
1496,1062,1044,1038
1497,1068,1062,1038
1498,1044,1062,1054
1499,1084,1099,1098
1500,1099,1127,1098
1501,1127,1099,1121
1502,1121,1099,1115
1503,1200,1207,1190
1504,1207,1224,1206
1505,1224,1207,1228
1506,1207,1200,1228
1507,1184,1200,1190
1508,1184,1190,1174
1509,1166,1184,1174
1510,1184,1166,1181
1511,1200,1184,1181
1512,1190,1196,1174
1513,1196,1180,1174
1514,1196,1207,1206
1515,1207,1196,1190
1516,1195,1196,1206
1517,1196,1195,1180
1518,1124,1133,1145
1519,1133,1154,1145
1520,960,963,975
1521,963,970,975
1522,882,909,891
1523,936,935,908
1524,907,936,908
1525,936,960,935
1526,909,920,891
1527,920,907,891
1528,976,997,970
1529,954,976,970
1530,976,954,955
1531,997,976,1000
1532,1047,1017,1051
1533,1047,1032,1017
1534,1032,1047,1046
1535,1064,1045,1046
1536,1047,1064,1046
1537,1064,1047,1075
1538,937,954,926
1539,954,937,955
1540,937,946,955
1541,894,937,926
1542,937,894,946
1543,820,822,803
1544,822,820,838
1545,820,804,838
1546,789,820,803
1547,804,820,789
1548,873,882,891
1549,853,870,881
1550,849,870,853
1551,873,870,849
1552,850,849,838
1553,873,850,851
1554,850,873,849
1555,810,811,826
1556,811,788,803
1557,822,811,803
1558,811,822,826
1559,847,855,830
1560,855,847,866
1561,796,823,795
1562,823,796,828
1563,709,679,693
1564,709,703,679
1565,757,756,737
1566,736,748,755
1567,748,789,755
1568,748,736,708
1569,995,941,985
1570,941,995,949
1571,949,995,984
1572,1009,995,985
1573,984,995,1009
1574,880,864,869
1575,864,845,846
1576,869,864,846
1577,845,864,859
1578,864,880,859
1579,531,564,556
1580,564,531,517
1581,525,531,556
1582,518,498,514
1583,498,518,517
1584,284,283,266
1585,312,284,291
1586,322,284,312
1587,284,322,318
1588,283,284,318
1589,240,244,266
1590,244,218,219
1591,218,244,240
1592,199,218,198
1593,218,240,198
1594,218,196,219
1595,196,218,199
1596,196,200,219
1597,177,196,172
1598,196,177,181
1599,200,196,181
1600,172,196,180
1601,196,199,180
1602,200,236,219
1603,236,244,219
1604,381,342,368
1605,415,397,433
1606,415,450,457
1607,415,433,450
1608,494,474,501
1609,494,454,474
1610,529,494,501
1611,523,494,529
1612,595,581,600
1613,581,582,600
1614,400,414,429
1615,390,411,410
1616,411,400,429
1617,400,411,390
1618,362,390,371
1619,350,362,341
1620,362,340,341
1621,362,371,340
1622,340,345,314
1623,338,360,335
1624,360,338,330
1625,303,338,335
1626,338,303,330
1627,299,276,321
1628,313,299,321
1629,313,339,330
1630,339,360,330
1631,361,339,321
1632,339,313,321
1633,288,295,257
1634,288,303,295
1635,270,288,257
1636,116,117,139
1637,96,117,116
1638,117,144,139
1639,55,44,45
1640,62,55,84
1641,55,62,44
1642,430,448,422
1643,430,422,412
1644,434,430,412
1645,430,434,455
1646,448,430,455
1647,327,352,308
1648,352,327,364
1649,364,327,319
1650,327,308,294
1651,317,282,306
1652,317,316,282
1653,316,317,342
1654,343,317,306
1655,342,317,343
1656,316,351,311
1657,635,620,643
1658,620,639,643
1659,609,614,632
1660,639,609,632
1661,582,607,600
1662,607,631,600
1663,607,634,631
1664,481,484,516
1665,465,481,464
1666,481,465,484
1667,543,529,548
1668,543,523,529
1669,498,513,468
1670,513,498,517
1671,531,513,517
1672,513,531,525
1673,504,503,486
1674,504,525,503
1675,504,513,525
1676,513,504,468
1677,466,504,486
1678,504,466,468
1679,271,249,277
1680,271,315,290
1681,271,277,315
1682,248,271,290
1683,249,271,248
1684,252,238,209
1685,238,213,209
1686,277,238,252
1687,249,238,277
1688,213,231,206
1689,238,231,213
1690,231,238,249
1691,206,231,208
1692,231,230,208
1693,230,231,248
1694,231,249,248
1695,298,273,282
1696,298,316,311
1697,316,298,282
1698,273,298,277
1699,310,298,311
1700,298,310,277
1701,264,250,243
1702,250,264,304
1703,264,243,251
1704,263,258,276
1705,258,250,276
1706,258,263,224
1707,250,258,224
1708,120,119,91
1709,120,152,119
1710,92,120,91
1711,114,120,92
1712,170,171,188
1713,152,171,170
1714,217,204,224
1715,204,217,178
1716,204,194,224
1717,194,204,164
1718,204,178,164
1719,187,163,178
1720,217,187,178
1721,163,187,212
1722,187,217,212
1723,331,361,321
1724,304,331,321
1725,332,331,304
1726,59,74,53
1727,74,89,53
1728,74,59,67
1729,74,67,91
1730,119,74,91
1731,89,74,119
1732,138,161,148
1733,138,149,161
1734,138,148,126
1735,98,138,126
1736,150,153,127
1737,149,153,172
1738,61,49,52
1739,38,49,31
1740,49,38,52
1741,49,48,31
1742,49,60,48
1743,60,49,61
1744,81,94,75
1745,81,63,66
1746,63,81,75
1747,94,81,98
1748,81,82,98
1749,82,81,66
1750,85,72,73
1751,140,145,168
1752,145,128,158
1753,145,158,173
1754,168,145,173
1755,85,86,102
1756,86,103,102
1757,86,83,103
1758,86,85,73
1759,83,86,73
1760,419,398,423
1761,393,419,443
1762,398,419,393
1763,460,444,423
1764,419,444,443
1765,444,419,423
1766,477,460,439
1767,477,425,499
1768,477,439,425
1769,510,532,514
1770,532,510,537
1771,476,510,514
1772,487,510,476
1773,488,477,499
1774,477,488,460
1775,286,287,320
1776,302,286,320
1777,286,302,285
1778,353,344,334
1779,344,309,334
1780,309,344,320
1781,344,349,320
1782,1183,1172,1188
1783,1169,1183,1187
1784,1183,1169,1152
1785,1183,1216,1187
1786,1183,1188,1216
1787,1274,1275,1279
1788,1275,1277,1279
1789,1261,1275,1274
1790,1217,1230,1223
1791,1230,1217,1210
1792,1217,1223,1205
1793,1194,1217,1205
1794,1217,1194,1210
1795,1171,1194,1170
1796,1154,1171,1170
1797,1194,1189,1210
1798,1189,1211,1210
1799,1211,1189,1195
1800,1195,1189,1173
1801,764,753,744
1802,781,753,764
1803,714,753,689
1804,753,714,744
1805,689,753,599
1806,753,921,599
1807,921,753,861
1808,753,781,861
1809,765,739,760
1810,765,760,792
1811,739,765,731
1812,765,754,731
1813,754,765,774
1814,765,800,774
1815,765,792,800
1816,715,729,759
1817,729,715,716
1818,729,747,759
1819,730,729,716
1820,729,730,747
1821,508,546,527
1822,546,508,521
1823,566,544,589
1824,544,545,589
1825,533,544,566
1826,552,545,527
1827,546,552,527
1828,552,546,567
1829,552,567,590
1830,552,590,589
1831,545,552,589
1832,1240,1251,1235
1833,1240,1224,1228
1834,1224,1240,1235
1835,680,705,671
1836,705,680,698
1837,645,680,671
1838,680,645,655
1839,680,655,681
1840,698,680,681
1841,743,750,773
1842,750,743,732
1843,773,750,751
1844,750,732,751
1845,833,812,806
1846,812,833,832
1847,824,833,806
1848,856,833,824
1849,843,868,824
1850,868,856,824
1851,868,843,857
1852,868,883,856
1853,868,857,884
1854,883,868,884
1855,847,871,866
1856,871,888,910
1857,814,831,830
1858,831,847,830
1859,831,814,815
1860,832,831,815
1861,871,831,832
1862,831,871,847
1863,913,897,910
1864,946,897,913
1865,897,871,910
1866,871,897,866
1867,909,903,926
1868,903,894,926
1869,882,903,909
1870,964,947,961
1871,987,964,961
1872,964,939,947
1873,1002,1001,986
1874,1001,1002,1018
1875,1002,987,1018
1876,933,978,938
1877,978,933,939
1878,913,933,938
1879,933,913,910
1880,914,933,910
1881,939,933,914
1882,927,914,888
1883,914,927,947
1884,927,948,947
1885,927,928,948
1886,1126,1114,1098
1887,1127,1126,1098
1888,1126,1127,1146
1889,1126,1146,1149
1890,1141,1127,1121
1891,1157,1141,1161
1892,1141,1157,1146
1893,1127,1141,1146
1894,1141,1115,1161
1895,1141,1121,1115
1896,1078,1079,1095
1897,1078,1063,1079
1898,1063,1078,1068
1899,1148,1166,1174
1900,1166,1148,1149
1901,1114,1102,1095
1902,1130,1102,1114
1903,1102,1078,1095
1904,1067,1097,1096
1905,1097,1067,1054
1906,1113,1124,1112
1907,1113,1133,1124
1908,1113,1112,1096
1909,1097,1113,1096
1910,1113,1134,1133
1911,970,944,945
1912,963,944,970
1913,944,909,945
1914,944,920,909
1915,860,873,851
1916,873,860,882
1917,943,963,960
1918,936,943,960
1919,943,944,963
1920,944,943,920
1921,943,936,907
1922,920,943,907
1923,977,946,938
1924,978,977,938
1925,946,977,955
1926,977,976,955
1927,976,977,1000
1928,1000,977,1008
1929,977,978,1008
1930,1065,1047,1051
1931,1047,1065,1075
1932,1075,1065,1089
1933,1065,1036,1089
1934,1065,1051,1036
1935,1064,1070,1045
1936,1070,1084,1069
1937,1045,1070,1069
1938,1088,1075,1089
1939,1115,1088,1089
1940,1099,1088,1115
1941,887,908,881
1942,870,887,881
1943,887,907,908
1944,907,887,891
1945,887,873,891
1946,887,870,873
1947,804,839,838
1948,839,850,838
1949,850,839,851
1950,793,775,788
1951,811,793,788
1952,775,793,783
1953,793,810,783
1954,793,811,810
1955,874,855,866
1956,772,768,741
1957,768,772,794
1958,741,768,737
1959,768,757,737
1960,796,813,828
1961,813,814,830
1962,814,813,794
1963,813,796,794
1964,710,709,693
1965,709,710,745
1966,688,710,693
1967,711,710,688
1968,778,756,757
1969,768,778,757
1970,796,778,794
1971,778,768,794
1972,727,711,737
1973,756,727,737
1974,727,710,711
1975,709,749,703
1976,749,709,745
1977,703,749,708
1978,749,748,708
1979,748,749,789
1980,767,749,745
1981,749,767,789
1982,790,777,795
1983,778,777,756
1984,762,727,756
1985,777,762,756
1986,762,777,790
1987,710,762,745
1988,727,762,710
1989,805,839,804
1990,839,805,823
1991,823,805,795
1992,805,790,795
1993,482,476,514
1994,498,482,514
1995,451,482,455
1996,482,451,476
1997,482,468,455
1998,482,498,468
1999,220,200,201
2000,220,236,200
2001,214,220,201
2002,220,214,241
2003,253,267,291
2004,220,253,236
2005,267,253,241
2006,253,220,241
2007,236,260,244
2008,260,284,266
2009,244,260,266
2010,253,260,236
2011,284,260,291
2012,260,253,291
2013,414,395,396
2014,395,381,396
2015,381,395,375
2016,395,400,375
2017,400,395,414
2018,456,417,457
2019,417,415,457
2020,417,456,438
2021,396,417,438
2022,397,383,356
2023,415,383,397
2024,356,383,368
2025,383,381,368
2026,381,383,396
2027,500,494,523
2028,484,500,516
2029,500,523,516
2030,534,558,553
2031,561,560,539
2032,400,374,375
2033,374,400,390
2034,362,374,390
2035,374,362,350
2036,371,370,340
2037,370,345,340
2038,345,370,380
2039,333,305,314
2040,345,333,314
2041,333,345,380
2042,289,263,276
2043,299,289,276
2044,263,289,270
2045,289,288,270
2046,288,289,303
2047,303,289,313
2048,289,299,313
2049,108,117,96
2050,108,140,144
2051,117,108,144
2052,355,316,342
2053,355,351,316
2054,381,355,342
2055,351,355,375
2056,355,381,375
2057,593,575,614
2058,609,593,614
2059,608,620,635
2060,638,608,635
2061,634,608,638
2062,607,608,634
2063,521,479,534
2064,432,403,380
2065,442,465,464
2066,442,411,429
2067,454,442,429
2068,563,548,586
2069,563,543,548
2070,575,563,586
2071,281,305,304
2072,264,281,304
2073,305,281,296
2074,296,281,251
2075,281,264,251
2076,156,166,136
2077,188,189,208
2078,171,189,188
2079,189,206,208
2080,189,166,206
2081,166,189,171
2082,408,394,386
2083,394,426,359
2084,360,394,359
2085,394,360,386
2086,431,408,435
2087,138,122,149
2088,99,122,98
2089,122,138,98
2090,128,112,110
2091,145,112,128
2092,112,145,140
2093,459,444,460
2094,488,459,460
2095,459,488,487
2096,506,488,499
2097,557,506,573
2098,506,499,573
2099,302,279,285
2100,279,261,242
2101,279,278,261
2102,349,328,320
2103,328,302,320
2104,328,349,348
2105,328,348,319
2106,302,328,319
2107,269,268,246
2108,268,286,285
2109,344,365,349
2110,369,365,384
2111,365,369,349
2112,365,344,353
2113,365,385,384
2114,365,353,385
2115,1264,1269,1250
2116,1269,1264,1277
2117,1257,1268,1261
2118,1268,1275,1261
2119,1269,1268,1257
2120,1275,1268,1277
2121,1268,1269,1277
2122,508,490,521
2123,490,479,521
2124,490,483,469
2125,483,490,508
2126,489,483,508
2127,538,521,553
2128,538,546,521
2129,567,538,553
2130,546,538,567
2131,462,461,445
2132,461,426,445
2133,426,461,515
2134,461,495,515
2135,519,533,515
2136,519,544,533
2137,495,519,515
2138,1241,1240,1228
2139,1225,1241,1228
2140,1242,1241,1225
2141,1252,1241,1253
2142,1241,1242,1253
2143,867,871,832
2144,833,867,832
2145,867,833,856
2146,867,856,888
2147,871,867,888
2148,983,964,987
2149,983,1002,986
2150,1002,983,987
2151,939,983,986
2152,964,983,939
2153,927,898,928
2154,898,883,884
2155,928,898,884
2156,883,898,888
2157,898,927,888
2158,1148,1132,1149
2159,1132,1126,1149
2160,1126,1132,1114
2161,1132,1130,1114
2162,1132,1148,1130
2163,1077,1062,1068
2164,1062,1077,1054
2165,1107,1113,1097
2166,1171,1155,1173
2167,1155,1171,1154
2168,1082,1070,1064
2169,1082,1064,1075
2170,1088,1082,1075
2171,1082,1088,1099
2172,1082,1099,1084
2173,1070,1082,1084
2174,844,839,823
2175,844,823,828
2176,844,860,851
2177,839,844,851
2178,894,892,946
2179,892,897,946
2180,860,865,882
2181,865,844,828
2182,844,865,860
2183,829,813,830
2184,813,829,828
2185,855,829,830
2186,784,805,804
2187,805,784,790
2188,784,804,789
2189,767,784,789
2190,784,762,790
2191,784,767,745
2192,762,784,745
2193,417,401,415
2194,401,383,415
2195,401,417,396
2196,383,401,396
2197,485,500,484
2198,500,485,494
2199,494,485,454
2200,485,442,454
2201,465,485,484
2202,442,485,465
2203,558,574,553
2204,574,613,553
2205,574,595,613
2206,574,581,595
2207,574,559,581
2208,559,574,558
2209,559,558,534
2210,528,559,534
2211,620,602,639
2212,602,609,639
2213,540,561,539
2214,601,608,584
2215,608,601,620
2216,601,602,620
2217,585,601,584
2218,602,601,585
2219,608,583,584
2220,560,535,539
2221,559,535,560
2222,535,559,528
2223,470,490,469
2224,490,470,479
2225,370,389,380
2226,389,432,380
2227,389,427,432
2228,403,388,380
2229,420,403,432
2230,481,492,464
2231,472,493,471
2232,492,472,464
2233,563,554,543
2234,543,554,523
2235,554,563,575
2236,523,554,516
2237,554,542,516
2238,135,166,171
2239,135,120,114
2240,135,114,136
2241,166,135,136
2242,120,135,152
2243,135,171,152
2244,440,462,445
2245,426,440,445
2246,449,431,435
2247,440,449,462
2248,449,440,431
2249,153,123,127
2250,127,123,100
2251,123,153,149
2252,122,123,149
2253,123,99,100
2254,123,122,99
2255,458,459,487
2256,458,487,476
2257,458,451,443
2258,451,458,476
2259,488,505,487
2260,506,505,488
2261,505,510,487
2262,510,505,537
2263,505,557,537
2264,505,506,557
2265,301,302,319
2266,301,279,302
2267,279,301,278
2268,327,301,319
2269,278,301,294
2270,301,327,294
2271,262,242,246
2272,268,262,246
2273,262,268,285
2274,262,279,242
2275,279,262,285
2276,507,508,527
2277,507,489,508
2278,461,478,495
2279,489,478,462
2280,478,461,462
2281,1093,1107,1097
2282,1093,1097,1054
2283,1077,1093,1054
2284,1120,1134,1113
2285,1107,1120,1113
2286,1156,1180,1173
2287,1155,1156,1173
2288,1156,1155,1134
2289,1180,1156,1174
2290,1156,1148,1174
2291,874,854,855
2292,854,865,828
2293,829,854,828
2294,854,829,855
2295,90,108,96
2296,90,96,84
2297,55,90,84
2298,56,55,45
2299,56,90,55
2300,90,56,76
2301,95,72,85
2302,95,85,110
2303,112,95,110
2304,562,540,536
2305,541,562,536
2306,535,522,539
2307,522,540,539
2308,480,497,479
2309,497,528,534
2310,479,497,534
2311,497,535,528
2312,497,522,535
2313,389,409,427
2314,409,441,427
2315,409,389,370
2316,409,371,410
2317,409,370,371
2318,411,428,410
2319,442,428,411
2320,428,409,410
2321,409,428,441
2322,428,442,464
2323,441,428,464
2324,388,367,380
2325,333,367,332
2326,367,333,380
2327,378,339,361
2328,378,408,386
2329,360,378,386
2330,339,378,360
2331,408,378,435
2332,378,399,435
2333,331,366,361
2334,387,388,403
2335,399,387,403
2336,540,512,536
2337,472,512,493
2338,512,472,492
2339,509,541,536
2340,512,509,536
2341,509,512,492
2342,542,509,516
2343,541,509,542
2344,509,481,516
2345,509,492,481
2346,427,446,432
2347,446,472,432
2348,441,446,427
2349,446,441,464
2350,472,446,464
2351,394,413,426
2352,413,440,426
2353,440,413,431
2354,413,394,408
2355,431,413,408
2356,449,467,462
2357,467,489,462
2358,489,467,483
2359,483,467,469
2360,467,449,469
2361,449,452,469
2362,452,449,435
2363,452,470,469
2364,520,507,527
2365,545,520,527
2366,544,520,545
2367,519,520,544
2368,507,496,489
2369,496,478,489
2370,520,496,507
2371,478,496,495
2372,1094,1108,1107
2373,1093,1094,1107
2374,1094,1093,1077
2375,1108,1094,1102
2376,1094,1077,1068
2377,1078,1094,1068
2378,1102,1094,1078
2379,1108,1125,1107
2380,1125,1120,1107
2381,1120,1140,1134
2382,1140,1156,1134
2383,1125,1140,1120
2384,1140,1125,1130
2385,1148,1140,1130
2386,1156,1140,1148
2387,877,854,874
2388,892,877,874
2389,877,892,894
2390,854,877,865
2391,903,877,894
2392,57,56,45
2393,56,57,76
2394,83,57,45
2395,109,95,112
2396,108,109,140
2397,109,112,140
2398,90,109,108
2399,109,90,76
2400,562,568,540
2401,540,568,561
2402,568,585,584
2403,568,562,585
2404,568,583,561
2405,583,568,584
2406,602,591,609
2407,591,602,585
2408,591,593,609
2409,497,491,522
2410,493,491,471
2411,491,480,471
2412,491,497,480
2413,387,379,366
2414,366,379,361
2415,379,378,361
2416,378,379,399
2417,379,387,399
2418,416,399,403
2419,420,416,403
2420,399,416,435
2421,416,436,435
2422,453,420,432
2423,453,472,471
2424,472,453,432
2425,522,511,540
2426,511,512,540
2427,512,511,493
2428,511,491,493
2429,491,511,522
2430,452,463,470
2431,470,463,479
2432,436,463,435
2433,463,452,435
2434,463,480,479
2435,64,83,73
2436,64,57,83
2437,72,64,73
2438,57,64,76
2439,77,109,76
2440,109,77,95
2441,95,77,72
2442,77,64,72
2443,64,77,76
2444,569,562,541
2445,569,541,542
2446,562,569,585
2447,569,591,585
2448,569,542,593
2449,591,569,593
2450,437,416,420
2451,416,437,436
2452,453,437,420
2453,437,463,436
2454,437,453,471
2455,480,437,471
2456,463,437,480
2457,720,721,734
2458,721,735,734
2459,1255,1266,1265
2460,1255,1265,1254
2461,1255,1256,1267
2462,1266,1255,1267
2463,992,1003,991
2464,1003,992,1004
2465,347,325,307
2466,325,347,358
2467,1204,1202,1220
2468,1204,1220,1222
2469,886,885,862
2470,885,861,862
2471,836,818,819
2472,837,836,819
2473,474,456,475
2474,475,456,457
2475,422,448,421
2476,448,447,421
2477,140,168,185
2478,140,185,167
2479,131,132,155
2480,154,131,155
2481,980,998,996
2482,998,980,981
2483,1214,1199,1215
2484,1199,1214,1198
2485,1252,1253,1272
2486,1271,1252,1272
2487,310,351,350
2488,351,310,311
2489,153,150,177
2490,153,177,172
2491,1172,1183,1159
2492,1159,1183,1152
2493,1171,1189,1194
2494,1189,1171,1173
2495,777,778,796
2496,777,796,795
2497,351,374,350
2498,374,351,375
2499,333,332,304
2500,305,333,304
2501,166,213,206
2502,213,166,156
2503,286,268,287
2504,268,269,287
2505,1238,1269,1257
2506,1269,1238,1250
2507,1240,1241,1251
2508,1241,1252,1251
2509,1134,1155,1133
2510,1133,1155,1154
2511,892,874,866
2512,897,892,866
2513,559,560,582
2514,581,559,582
2515,583,608,607
2516,583,607,582
2517,560,583,582
2518,561,583,560
2519,542,554,593
2520,593,554,575
2521,459,458,444
2522,444,458,443
2523,367,366,332
2524,366,331,332
2525,387,366,367
2526,387,367,388
2527,496,520,519
2528,496,519,495
2529,1125,1108,1102
2530,1125,1102,1130
2531,865,877,882
2532,877,903,882
