no.,vertice_idx1,vertice_idx2,vertice_idx3
0,0,17,39
1,229,20,308
2,20,229,82
3,171,217,216
4,229,171,82
5,217,171,229
6,7,17,0
7,7,10,17
8,19,30,17
9,17,22,39
10,171,127,82
11,10,12,17
12,12,19,17
13,35,51,32
14,51,58,79
15,74,66,79
16,66,65,50
17,50,65,39
18,57,51,79
19,66,57,79
20,51,57,32
21,40,50,39
22,22,40,39
23,178,171,216
24,186,178,216
25,178,127,171
26,178,155,127
27,155,178,186
28,192,182,193
29,182,196,193
30,153,135,163
31,152,135,153
32,247,229,308
33,294,247,308
34,70,77,86
35,83,80,60
36,70,83,60
37,80,83,91
38,4,2,20
39,16,4,20
40,16,18,4
41,46,52,60
42,52,47,53
43,254,259,298
44,281,267,268
45,259,281,298
46,281,259,267
47,267,260,268
48,260,259,248
49,259,260,267
50,103,132,39
51,218,238,254
52,200,218,205
53,156,139,144
54,152,162,151
55,13,12,10
56,12,13,19
57,19,28,32
58,28,35,32
59,13,28,19
60,28,13,21
61,28,21,36
62,35,28,36
63,35,49,51
64,49,58,51
65,49,35,36
66,58,49,36
67,80,67,60
68,67,58,60
69,74,97,90
70,97,103,90
71,103,97,112
72,73,74,90
73,103,73,90
74,65,73,39
75,73,103,39
76,57,43,32
77,43,19,32
78,43,30,19
79,43,57,66
80,27,40,22
81,30,27,17
82,27,22,17
83,127,96,82
84,108,96,127
85,199,228,215
86,232,228,216
87,228,186,216
88,228,199,186
89,199,173,186
90,173,155,186
91,155,173,170
92,195,191,209
93,191,195,176
94,191,210,209
95,210,191,192
96,198,199,215
97,165,152,153
98,176,165,163
99,165,153,163
100,162,165,176
101,165,162,152
102,93,96,108
103,96,93,82
104,72,93,71
105,93,72,82
106,279,292,295
107,292,279,266
108,235,260,248
109,208,220,207
110,237,246,225
111,258,237,242
112,237,258,246
113,246,258,263
114,261,277,268
115,260,261,268
116,246,239,225
117,239,241,224
118,223,208,224
119,208,223,220
120,223,235,220
121,240,249,215
122,228,240,215
123,249,271,270
124,320,318,316
125,311,294,308
126,311,310,294
127,311,318,310
128,316,311,308
129,318,311,316
130,92,70,86
131,92,83,70
132,62,70,60
133,52,62,60
134,62,52,53
135,77,62,53
136,62,77,70
137,47,44,31
138,52,44,47
139,44,52,46
140,256,259,254
141,238,256,254
142,277,282,268
143,282,281,268
144,122,113,123
145,135,122,123
146,113,122,86
147,122,92,86
148,92,122,116
149,104,109,121
150,109,92,116
151,83,109,91
152,92,109,83
153,103,124,132
154,124,103,112
155,218,164,205
156,164,218,132
157,130,140,144
158,139,133,144
159,133,130,144
160,238,226,227
161,226,238,218
162,200,226,218
163,200,184,185
164,184,174,185
165,179,162,176
166,175,189,185
167,174,175,185
168,37,46,60
169,37,58,36
170,58,37,60
171,11,18,31
172,18,11,4
173,9,15,21
174,13,9,21
175,7,9,10
176,9,13,10
177,81,67,80
178,81,80,91
179,94,74,79
180,94,97,74
181,42,66,50
182,42,43,66
183,40,42,50
184,43,42,30
185,42,27,30
186,27,42,40
187,233,217,229
188,217,233,216
189,233,232,216
190,243,228,232
191,240,243,251
192,243,240,228
193,118,137,111
194,93,118,111
195,118,93,108
196,148,155,170
197,148,138,155
198,146,158,163
199,146,117,137
200,135,146,163
201,146,135,123
202,117,146,123
203,158,177,163
204,177,158,182
205,177,176,163
206,177,191,176
207,177,182,192
208,191,177,192
209,158,167,182
210,167,196,182
211,183,173,199
212,198,183,199
213,173,183,170
214,245,249,270
215,249,245,215
216,245,258,242
217,258,245,266
218,212,198,215
219,214,212,215
220,210,202,225
221,202,192,193
222,202,210,192
223,196,202,193
224,214,202,196
225,93,85,71
226,85,101,89
227,87,113,86
228,87,105,113
229,77,87,86
230,113,114,123
231,105,114,113
232,114,117,123
233,114,100,117
234,100,114,105
235,56,48,20
236,56,20,82
237,72,56,82
238,101,110,117
239,137,110,111
240,117,110,137
241,269,292,266
242,269,245,270
243,245,269,266
244,264,279,263
245,279,264,266
246,258,264,263
247,264,258,266
248,278,279,295
249,279,278,263
250,261,278,277
251,208,211,224
252,211,208,195
253,211,195,209
254,257,261,241
255,239,257,241
256,278,257,263
257,257,278,261
258,257,246,263
259,257,239,246
260,261,236,241
261,236,261,260
262,241,236,224
263,236,223,224
264,235,236,260
265,223,236,235
266,239,222,225
267,210,222,209
268,222,210,225
269,250,240,251
270,240,250,249
271,23,44,46
272,37,23,46
273,234,238,227
274,234,256,238
275,219,234,227
276,259,234,248
277,256,234,259
278,288,282,277
279,288,300,298
280,300,288,277
281,281,288,298
282,282,288,281
283,122,125,116
284,142,135,152
285,142,122,135
286,142,152,151
287,142,125,122
288,109,99,91
289,99,109,104
290,99,81,91
291,81,99,104
292,154,169,157
293,169,175,157
294,175,169,189
295,124,136,132
296,136,164,132
297,164,136,139
298,128,124,112
299,136,128,139
300,128,136,124
301,166,164,139
302,166,156,168
303,156,166,139
304,145,154,157
305,134,130,121
306,134,140,130
307,134,145,140
308,107,98,104
309,98,94,79
310,133,120,130
311,194,200,205
312,194,184,200
313,164,194,205
314,166,194,164
315,184,194,168
316,194,166,168
317,161,145,157
318,145,161,140
319,175,161,157
320,161,175,174
321,187,208,207
322,181,187,207
323,187,181,179
324,208,187,195
325,195,187,176
326,187,179,176
327,203,200,185
328,189,203,185
329,190,169,180
330,169,190,189
331,15,25,21
332,21,25,36
333,25,37,36
334,23,25,15
335,25,23,37
336,5,7,0
337,67,69,58
338,81,69,67
339,58,69,79
340,69,98,79
341,69,81,104
342,98,69,104
343,106,120,112
344,97,106,112
345,94,106,97
346,106,98,107
347,98,106,94
348,118,143,137
349,143,118,138
350,148,143,138
351,119,108,127
352,119,118,108
353,231,245,242
354,237,231,242
355,231,214,215
356,245,231,215
357,231,237,225
358,202,231,225
359,231,202,214
360,197,214,196
361,197,212,214
362,212,197,198
363,197,183,198
364,183,197,170
365,197,167,170
366,167,197,196
367,85,102,101
368,110,102,111
369,102,110,101
370,102,93,111
371,102,85,93
372,87,84,105
373,84,100,105
374,84,68,75
375,68,84,77
376,84,87,77
377,95,101,117
378,100,95,117
379,101,95,89
380,95,78,89
381,78,85,89
382,64,72,71
383,64,56,72
384,56,55,48
385,64,55,56
386,55,64,61
387,293,269,270
388,269,293,292
389,317,318,320
390,318,317,310
391,299,300,277
392,278,299,277
393,299,278,295
394,292,299,295
395,274,250,251
396,262,247,294
397,221,239,224
398,221,222,239
399,222,221,209
400,221,211,209
401,211,221,224
402,24,16,20
403,16,24,18
404,24,26,18
405,78,54,61
406,54,55,61
407,41,59,53
408,47,41,53
409,41,47,31
410,18,41,31
411,26,41,18
412,44,29,31
413,23,29,44
414,29,11,31
415,14,23,15
416,29,14,11
417,14,29,23
418,230,234,219
419,230,235,248
420,234,230,248
421,125,141,116
422,145,141,154
423,141,142,151
424,142,141,125
425,134,131,145
426,131,141,145
427,109,131,121
428,131,134,121
429,131,109,116
430,141,131,116
431,129,120,133
432,129,133,139
433,128,129,139
434,129,128,112
435,120,129,112
436,120,115,130
437,130,115,121
438,115,106,107
439,106,115,120
440,115,104,121
441,115,107,104
442,161,149,140
443,149,156,144
444,140,149,144
445,160,161,174
446,156,160,168
447,149,160,156
448,160,149,161
449,160,184,168
450,160,174,184
451,181,172,179
452,172,181,180
453,162,172,151
454,179,172,162
455,169,172,180
456,213,219,227
457,226,213,227
458,213,226,200
459,203,213,200
460,201,204,219
461,213,201,219
462,201,213,203
463,201,203,189
464,190,201,189
465,201,190,204
466,181,188,180
467,188,190,180
468,190,188,204
469,188,181,207
470,284,265,275
471,233,252,232
472,265,252,233
473,252,243,232
474,247,244,229
475,244,233,229
476,159,167,158
477,159,143,148
478,159,148,170
479,167,159,170
480,118,126,138
481,119,126,118
482,126,119,127
483,155,126,127
484,138,126,155
485,88,84,75
486,84,88,100
487,88,95,100
488,78,88,75
489,88,78,95
490,76,78,61
491,64,76,61
492,78,76,85
493,85,76,71
494,76,64,71
495,289,293,270
496,271,289,270
497,289,271,290
498,301,289,290
499,289,301,293
500,285,274,283
501,285,301,290
502,301,285,283
503,250,272,249
504,274,272,250
505,272,271,249
506,271,272,290
507,272,285,290
508,285,272,274
509,301,309,293
510,291,262,294
511,262,291,275
512,63,68,59
513,68,63,75
514,63,78,75
515,63,54,78
516,55,38,48
517,54,38,55
518,48,38,20
519,38,24,20
520,41,45,59
521,45,63,59
522,63,45,54
523,8,14,15
524,9,8,15
525,8,9,7
526,5,8,7
527,141,150,154
528,150,169,154
529,150,172,169
530,150,141,151
531,172,150,151
532,206,188,207
533,188,206,204
534,220,206,207
535,204,206,219
536,206,230,219
537,235,206,220
538,230,206,235
539,3,1,2
540,1,5,0
541,1,3,5
542,3,6,5
543,6,8,5
544,8,6,14
545,14,6,11
546,11,6,4
547,6,2,4
548,6,3,2
549,284,287,265
550,317,305,310
551,274,273,283
552,273,274,251
553,280,252,265
554,280,287,286
555,287,280,265
556,303,280,286
557,265,253,275
558,253,262,275
559,253,265,233
560,244,253,233
561,262,253,247
562,253,244,247
563,147,146,137
564,143,147,137
565,159,147,143
566,319,313,320
567,313,319,312
568,300,319,298
569,299,319,300
570,319,299,292
571,293,319,292
572,309,319,293
573,302,301,283
574,303,302,283
575,302,309,301
576,302,303,309
577,303,314,309
578,319,314,312
579,314,319,309
580,45,33,54
581,315,305,317
582,315,317,320
583,313,315,320
584,307,287,284
585,307,315,313
586,291,297,275
587,297,291,294
588,310,297,294
589,305,297,310
590,255,273,251
591,243,255,251
592,252,255,243
593,280,255,252
594,314,306,312
595,306,314,303
596,307,306,287
597,306,303,286
598,287,306,286
599,306,313,312
600,306,307,313
601,34,33,26
602,24,34,26
603,38,34,24
604,34,38,54
605,33,34,54
606,296,297,305
607,296,284,275
608,297,296,275
609,255,276,273
610,276,255,280
611,273,276,283
612,276,303,283
613,276,280,303
614,304,296,305
615,315,304,305
616,307,304,315
617,304,307,284
618,296,304,284
619,73,65,66
620,74,73,66
621,59,68,53
622,68,77,53
623,147,159,158
624,146,147,158
625,33,45,41
626,33,41,26
