no.,vertice_idx1,vertice_idx2,vertice_idx3
0,1366,1066,1801
1,9,8,0
2,45,18,67
3,74,45,67
4,872,830,831
5,889,872,831
6,177,641,827
7,832,889,831
8,1776,1795,1750
9,1283,1066,1366
10,1818,1773,1801
11,1113,1022,1067
12,446,455,404
13,511,641,455
14,1350,1403,1461
15,1403,1429,1461
16,1084,1106,1117
17,1166,1213,1229
18,723,698,691
19,698,723,734
20,814,807,786
21,857,829,835
22,872,836,830
23,903,857,835
24,8,7,0
25,2,7,10
26,2,1,0
27,7,2,0
28,832,873,889
29,1066,907,826
30,326,94,67
31,94,74,67
32,326,758,486
33,758,726,486
34,758,326,67
35,1066,758,67
36,758,1066,826
37,784,758,826
38,815,879,834
39,815,852,879
40,1821,1799,1796
41,1815,1799,1821
42,1783,1820,1819
43,1820,1815,1821
44,1210,1129,1066
45,1283,1210,1066
46,1311,1283,1366
47,1816,1821,1796
48,1699,1366,1801
49,1773,1699,1801
50,1688,1699,1717
51,882,955,827
52,1094,1113,1067
53,1116,1094,1067
54,1113,1094,1133
55,1191,1222,1248
56,572,530,573
57,613,572,573
58,572,613,612
59,754,798,792
60,511,543,641
61,699,723,691
62,723,699,742
63,722,721,679
64,840,821,863
65,863,821,849
66,798,821,792
67,821,840,792
68,821,785,849
69,785,821,798
70,862,840,863
71,862,926,917
72,1379,1403,1350
73,1379,1350,1337
74,1376,1379,1337
75,1222,1270,1248
76,1261,1234,1205
77,1060,1084,1117
78,1191,1199,1222
79,1137,1147,1107
80,1137,1099,1151
81,1249,1255,1229
82,1213,1249,1229
83,892,862,863
84,862,892,926
85,965,948,1002
86,893,892,863
87,823,858,822
88,1084,1038,1106
89,1122,1095,1146
90,1038,1068,1106
91,1068,1122,1106
92,1122,1068,1095
93,1069,1046,1007
94,1069,1068,1046
95,1068,1069,1095
96,1135,1166,1146
97,1166,1135,1157
98,1135,1096,1157
99,1096,1136,1157
100,1136,1174,1157
101,1174,1136,1147
102,1070,1096,1061
103,723,767,734
104,767,723,742
105,859,887,886
106,879,859,834
107,887,859,879
108,828,878,855
109,941,878,886
110,984,949,950
111,1015,984,950
112,949,984,983
113,833,843,866
114,833,814,843
115,814,833,807
116,851,884,843
117,814,851,843
118,851,828,855
119,878,897,855
120,897,941,932
121,941,897,878
122,843,877,866
123,884,877,843
124,949,923,950
125,923,877,884
126,808,814,786
127,851,808,828
128,808,851,814
129,856,857,902
130,857,856,829
131,852,870,879
132,856,816,829
133,816,856,852
134,887,920,942
135,920,887,879
136,933,934,968
137,934,959,968
138,902,934,901
139,959,934,902
140,1261,1256,1291
141,1287,1256,1242
142,1256,1206,1242
143,1206,1261,1205
144,1206,1256,1261
145,34,25,8
146,641,278,455
147,177,278,641
148,455,278,404
149,4,3,0
150,218,171,208
151,86,51,52
152,23,7,8
153,867,873,832
154,806,832,831
155,838,869,847
156,702,740,710
157,1041,1065,1019
158,1065,1041,1092
159,867,844,904
160,245,94,326
161,184,245,217
162,94,113,74
163,509,490,540
164,740,757,710
165,495,481,529
166,638,654,621
167,829,810,835
168,376,360,356
169,424,357,388
170,357,376,356
171,376,357,424
172,1627,1605,1616
173,1776,1798,1795
174,1790,1798,1776
175,1798,1790,1813
176,1728,1703,1709
177,1728,1753,1761
178,1753,1782,1761
179,1727,1728,1761
180,1605,1594,1616
181,1459,1427,1460
182,1305,1335,1334
183,1304,1333,1288
184,1739,1699,1773
185,1699,1739,1717
186,1393,1359,1349
187,1428,1394,1366
188,1541,1589,1554
189,1704,1688,1717
190,955,916,917
191,916,882,917
192,882,916,955
193,840,839,792
194,1350,1284,1337
195,1312,1270,1313
196,1270,1312,1248
197,1150,1199,1191
198,1094,1165,1133
199,1165,1094,1116
200,1165,1171,1133
201,1198,1247,1238
202,1247,1284,1238
203,1284,1247,1269
204,1269,1247,1248
205,721,690,679
206,753,754,792
207,727,753,827
208,534,543,511
209,572,534,530
210,447,474,446
211,446,474,455
212,474,511,455
213,474,534,511
214,474,447,530
215,534,474,530
216,627,606,612
217,534,606,543
218,606,627,641
219,543,606,641
220,606,572,612
221,606,534,572
222,724,755,742
223,807,755,786
224,724,712,671
225,699,712,742
226,712,724,742
227,754,729,798
228,729,785,798
229,799,785,766
230,799,793,822
231,799,841,849
232,785,799,849
233,850,799,822
234,799,850,841
235,697,722,679
236,955,981,1022
237,1522,1662,1461
238,1662,1522,1582
239,1429,1462,1461
240,1462,1522,1461
241,1522,1462,1518
242,1734,1691,1711
243,1740,1745,1774
244,1775,1797,1774
245,1745,1775,1774
246,1775,1745,1746
247,1341,1329,1352
248,1341,1312,1313
249,1430,1462,1429
250,1351,1404,1376
251,1395,1404,1351
252,1430,1404,1395
253,1404,1430,1429
254,1403,1404,1429
255,1270,1300,1313
256,1300,1341,1313
257,1341,1300,1329
258,1121,1060,1117
259,1060,1121,1116
260,1150,1121,1117
261,1121,1150,1191
262,1045,1116,1067
263,1045,1060,1116
264,1212,1166,1229
265,1271,1300,1270
266,1272,1271,1239
267,1300,1271,1272
268,1302,1261,1291
269,1137,1175,1147
270,1175,1174,1147
271,1174,1175,1233
272,1175,1234,1233
273,1234,1175,1205
274,1174,1184,1157
275,1184,1166,1157
276,1166,1184,1213
277,1260,1249,1233
278,1260,1302,1315
279,1234,1260,1233
280,1260,1234,1261
281,1302,1260,1261
282,850,864,841
283,841,864,849
284,893,940,892
285,892,940,926
286,940,965,926
287,965,940,948
288,918,908,948
289,940,918,948
290,918,940,893
291,908,927,948
292,927,908,894
293,928,927,894
294,927,928,977
295,895,928,894
296,864,895,894
297,895,864,850
298,966,928,929
299,1004,966,929
300,928,966,977
301,1060,1037,1084
302,1037,1038,1084
303,1046,1023,1007
304,1068,1023,1046
305,1023,1068,1038
306,1156,1122,1146
307,1156,1200,1172
308,1200,1156,1211
309,1135,1085,1096
310,1096,1085,1061
311,1095,1085,1146
312,1085,1135,1146
313,1085,1069,1061
314,1069,1085,1095
315,1008,1004,929
316,1031,1071,1070
317,1071,1072,1107
318,1072,1071,1015
319,781,807,823
320,767,781,823
321,781,767,742
322,755,781,742
323,781,755,807
324,599,613,573
325,703,724,671
326,808,800,828
327,800,808,786
328,865,883,858
329,909,949,983
330,930,909,983
331,909,865,866
332,909,930,883
333,865,909,883
334,924,941,886
335,924,887,942
336,887,924,886
337,967,924,942
338,941,924,967
339,885,923,884
340,897,885,855
341,885,851,855
342,851,885,884
343,941,957,932
344,870,900,879
345,900,920,879
346,920,900,933
347,900,870,901
348,934,900,901
349,900,934,933
350,870,871,901
351,871,902,901
352,871,856,902
353,856,871,852
354,871,870,852
355,815,809,852
356,809,816,852
357,1006,971,968
358,971,933,968
359,985,959,902
360,985,1000,959
361,999,1000,1026
362,999,1006,968
363,959,999,968
364,1000,999,959
365,888,836,872
366,1206,1215,1242
367,1179,1137,1151
368,1179,1215,1206
369,1179,1206,1205
370,1175,1179,1205
371,1179,1175,1137
372,41,71,34
373,84,25,34
374,84,96,121
375,275,310,286
376,278,246,286
377,246,275,286
378,247,254,220
379,51,16,52
380,16,3,52
381,16,51,0
382,3,16,0
383,3,53,52
384,53,3,4
385,178,218,177
386,178,171,218
387,118,86,114
388,51,118,177
389,86,118,51
390,219,209,253
391,23,33,7
392,33,32,7
393,32,33,55
394,21,29,47
395,29,21,2
396,22,2,10
397,22,29,2
398,109,173,141
399,22,68,29
400,29,68,47
401,68,109,47
402,1104,1065,1092
403,1040,1010,1027
404,913,912,873
405,867,913,873
406,913,867,904
407,483,508,507
408,556,590,585
409,553,556,540
410,838,854,869
411,732,758,784
412,740,732,784
413,758,732,726
414,732,702,726
415,732,740,702
416,890,881,847
417,964,907,1066
418,1035,964,1066
419,1041,1081,1092
420,719,771,737
421,654,626,621
422,709,719,737
423,804,845,817
424,845,844,817
425,845,868,904
426,844,845,904
427,779,778,749
428,779,804,817
429,778,779,817
430,825,867,832
431,825,844,867
432,844,825,817
433,806,825,832
434,138,245,184
435,245,138,94
436,138,113,94
437,394,326,486
438,674,702,710
439,726,566,486
440,702,661,726
441,674,661,702
442,661,674,647
443,415,424,388
444,481,485,529
445,485,469,521
446,469,470,521
447,542,580,529
448,485,542,529
449,542,485,521
450,558,593,557
451,757,720,710
452,773,757,740
453,797,773,784
454,773,740,784
455,813,854,838
456,558,528,529
457,528,495,529
458,528,558,557
459,495,468,481
460,296,259,274
461,41,49,71
462,770,810,769
463,810,770,835
464,830,805,831
465,805,806,831
466,806,805,756
467,805,789,756
468,429,376,424
469,1696,1633,1682
470,1820,1806,1815
471,1763,1806,1755
472,1625,1613,1592
473,1601,1625,1592
474,1686,1650,1651
475,1650,1625,1651
476,1625,1650,1613
477,1695,1686,1651
478,1695,1681,1715
479,1752,1695,1715
480,1790,1742,1743
481,1587,1639,1623
482,1811,1810,1789
483,1810,1811,1819
484,1758,1809,1788
485,1809,1810,1819
486,1753,1754,1782
487,1754,1728,1709
488,1754,1753,1728
489,1736,1752,1715
490,1727,1736,1715
491,1736,1727,1761
492,1702,1727,1715
493,1681,1702,1715
494,1703,1702,1677
495,1805,1783,1819
496,1804,1805,1819
497,1805,1804,1782
498,1805,1754,1783
499,1754,1805,1782
500,1813,1814,1819
501,1814,1804,1819
502,1589,1581,1554
503,1581,1577,1554
504,1577,1581,1642
505,1594,1595,1616
506,1577,1595,1549
507,1333,1303,1288
508,1487,1486,1460
509,1536,1514,1549
510,1595,1536,1549
511,1536,1595,1594
512,1485,1486,1514
513,1464,1502,1474
514,1335,1325,1378
515,1325,1359,1378
516,1818,1772,1773
517,1772,1739,1773
518,1359,1392,1378
519,1393,1392,1359
520,1704,1653,1688
521,1653,1704,1698
522,1674,1653,1698
523,1653,1674,1642
524,839,861,827
525,861,882,827
526,882,861,917
527,861,862,917
528,862,861,840
529,861,839,840
530,1299,1269,1248
531,1312,1299,1248
532,1299,1284,1269
533,1328,1299,1312
534,1171,1197,1238
535,1197,1198,1238
536,1197,1165,1198
537,1165,1197,1171
538,632,627,612
539,632,669,627
540,669,632,670
541,695,670,696
542,695,669,670
543,627,668,641
544,669,668,627
545,695,668,669
546,668,695,727
547,641,668,827
548,668,727,827
549,689,729,696
550,367,405,404
551,405,400,447
552,405,446,404
553,405,447,446
554,665,712,699
555,665,635,671
556,712,665,671
557,624,598,577
558,598,624,671
559,729,728,696
560,728,729,754
561,728,753,727
562,753,728,754
563,729,741,785
564,785,741,766
565,741,721,766
566,741,690,721
567,759,775,793
568,793,775,822
569,767,775,734
570,775,759,734
571,775,823,822
572,775,767,823
573,697,733,722
574,759,733,734
575,733,698,734
576,733,697,698
577,721,751,766
578,751,721,722
579,733,751,722
580,751,733,759
581,981,1012,1022
582,1022,1012,1067
583,1012,1045,1067
584,1045,1012,1013
585,1617,1662,1582
586,1569,1543,1597
587,1630,1596,1597
588,1596,1569,1597
589,1542,1522,1518
590,1543,1542,1518
591,1542,1543,1569
592,1684,1691,1734
593,1662,1689,1740
594,1778,1785,1797
595,1775,1778,1797
596,1778,1775,1746
597,1462,1476,1518
598,1430,1476,1462
599,1309,1260,1315
600,1260,1309,1249
601,1072,1098,1107
602,1098,1072,1099
603,1098,1137,1107
604,1137,1098,1099
605,1009,1072,1015
606,1009,1015,950
607,956,1009,950
608,957,1009,956
609,1155,1165,1116
610,1121,1155,1116
611,1165,1155,1198
612,1045,1036,1060
613,1036,1037,1060
614,1036,1045,1013
615,982,1036,1013
616,1166,1173,1146
617,1212,1173,1166
618,1173,1156,1146
619,1173,1212,1211
620,1156,1173,1211
621,1200,1192,1172
622,1150,1192,1199
623,1214,1174,1233
624,1214,1184,1174
625,1184,1214,1213
626,1249,1214,1233
627,1214,1249,1213
628,908,876,894
629,876,864,894
630,864,876,849
631,876,863,849
632,876,893,863
633,876,918,893
634,918,876,908
635,927,976,948
636,976,927,977
637,976,977,1007
638,1023,976,1007
639,883,896,858
640,896,895,850
641,896,850,822
642,858,896,822
643,928,896,929
644,895,896,928
645,966,994,977
646,994,966,1004
647,977,994,1007
648,994,1069,1007
649,948,1003,1002
650,1003,1023,1038
651,976,1003,948
652,1003,976,1023
653,1003,1037,1002
654,1037,1003,1038
655,1122,1134,1106
656,1156,1134,1122
657,1134,1156,1172
658,1106,1134,1117
659,1134,1150,1117
660,1192,1134,1172
661,1134,1192,1150
662,1039,1070,1061
663,1008,1039,1004
664,1039,1031,1070
665,1031,1039,1008
666,1069,1039,1061
667,1039,994,1004
668,994,1039,1069
669,1031,995,983
670,995,1031,1008
671,995,930,983
672,930,995,929
673,995,1008,929
674,1071,1097,1070
675,1097,1136,1096
676,1070,1097,1096
677,1097,1071,1107
678,1147,1097,1107
679,1136,1097,1147
680,1071,1014,1015
681,1014,1071,1031
682,1014,984,1015
683,984,1014,983
684,1014,1031,983
685,599,623,613
686,743,755,724
687,703,743,724
688,755,743,786
689,859,824,834
690,824,878,828
691,824,859,886
692,878,824,886
693,643,706,673
694,807,842,823
695,833,842,807
696,842,858,823
697,842,865,858
698,842,833,866
699,865,842,866
700,923,919,877
701,877,919,866
702,919,909,866
703,919,923,949
704,909,919,949
705,931,897,932
706,931,885,897
707,931,956,950
708,923,931,950
709,885,931,923
710,816,802,829
711,802,810,829
712,1005,971,1006
713,1148,1181,1216
714,1181,1148,1149
715,1114,1123,1101
716,1123,1100,1101
717,1099,1123,1151
718,1100,1123,1099
719,1057,1086,1114
720,1086,1124,1114
721,1124,1087,1118
722,1087,1124,1086
723,857,910,902
724,903,910,857
725,888,860,836
726,860,888,898
727,836,860,835
728,860,903,835
729,860,898,903
730,1338,1292,1287
731,1256,1292,1291
732,1292,1256,1287
733,1371,1363,1400
734,1363,1371,1338
735,1317,1338,1287
736,1279,1317,1287
737,1317,1279,1332
738,1317,1363,1338
739,13,41,34
740,9,13,8
741,13,34,8
742,49,13,9
743,13,49,41
744,102,96,71
745,49,102,71
746,84,58,25
747,199,189,244
748,360,303,356
749,303,296,274
750,259,251,274
751,279,327,299
752,305,275,299
753,305,310,275
754,246,243,275
755,231,243,208
756,243,246,218
757,243,218,208
758,313,288,300
759,313,312,288
760,312,313,335
761,248,288,247
762,248,247,220
763,288,248,300
764,173,248,220
765,248,173,228
766,488,516,449
767,78,86,52
768,86,78,114
769,11,5,1
770,1,5,0
771,5,4,0
772,171,140,114
773,140,118,114
774,178,140,171
775,140,178,177
776,118,140,177
777,209,262,253
778,234,262,209
779,262,234,254
780,219,185,209
781,179,185,149
782,185,179,209
783,196,173,220
784,173,196,141
785,254,196,220
786,143,167,135
787,167,143,180
788,168,136,175
789,136,168,153
790,237,199,244
791,213,167,180
792,21,28,2
793,40,22,10
794,109,108,47
795,108,109,141
796,116,108,141
797,100,68,90
798,68,100,109
799,68,48,90
800,48,68,22
801,40,48,22
802,152,167,187
803,166,173,109
804,173,166,228
805,197,152,187
806,197,166,151
807,1018,1030,974
808,1053,1030,1054
809,1030,1018,1054
810,1018,990,1019
811,990,1018,974
812,1091,1053,1054
813,1130,1091,1120
814,1161,1130,1120
815,1104,1064,1065
816,1018,1064,1054
817,1065,1064,1019
818,1064,1018,1019
819,1119,1141,1159
820,1141,1119,1115
821,1297,1231,1275
822,1231,1297,1263
823,937,899,945
824,853,899,868
825,868,899,904
826,899,937,904
827,1119,1079,1115
828,1063,1103,1115
829,1079,1063,1115
830,1063,1052,1103
831,1063,1040,1027
832,1052,1063,1027
833,898,935,903
834,935,910,903
835,937,943,904
836,943,913,904
837,913,943,912
838,484,490,509
839,533,556,585
840,533,508,509
841,533,509,540
842,556,533,540
843,591,556,553
844,591,638,621
845,609,630,660
846,905,874,869
847,874,905,890
848,869,874,847
849,874,890,847
850,922,905,953
851,905,922,890
852,922,881,890
853,905,970,953
854,771,765,790
855,771,780,737
856,780,771,804
857,779,780,804
858,780,749,737
859,780,779,749
860,630,653,660
861,626,653,630
862,653,626,654
863,749,718,737
864,718,709,737
865,719,676,677
866,709,676,719
867,676,638,677
868,638,676,654
869,846,845,804
870,853,846,804
871,845,846,868
872,846,853,868
873,778,748,749
874,803,825,806
875,803,778,817
876,825,803,817
877,85,93,122
878,59,85,122
879,85,59,36
880,334,358,317
881,415,402,432
882,402,415,388
883,333,316,361
884,358,430,417
885,674,631,647
886,566,510,486
887,631,611,647
888,467,415,432
889,490,467,491
890,510,454,486
891,454,510,470
892,667,640,604
893,640,593,604
894,687,640,667
895,593,579,604
896,579,593,558
897,579,580,604
898,580,579,529
899,579,558,529
900,593,571,557
901,571,591,553
902,813,783,797
903,783,773,797
904,773,783,757
905,820,813,797
906,813,820,854
907,820,848,854
908,820,797,784
909,820,784,826
910,848,820,826
911,528,494,495
912,494,468,495
913,467,494,491
914,389,361,378
915,112,59,122
916,15,27,36
917,15,14,9
918,15,9,18
919,27,15,18
920,811,836,835
921,770,811,835
922,811,770,789
923,836,811,830
924,508,532,507
925,570,532,585
926,546,532,570
927,532,533,585
928,533,532,508
929,460,429,424
930,460,483,507
931,1795,1749,1750
932,1780,1749,1795
933,1560,1539,1520
934,1539,1560,1572
935,1525,1534,1587
936,1560,1525,1587
937,1525,1560,1520
938,1586,1600,1572
939,1560,1586,1572
940,1586,1560,1587
941,1586,1587,1623
942,1600,1586,1623
943,1612,1648,1631
944,1426,1425,1400
945,1455,1492,1479
946,1455,1426,1492
947,1455,1425,1426
948,1492,1456,1501
949,1426,1456,1492
950,1456,1426,1433
951,1456,1482,1501
952,1482,1463,1483
953,1463,1456,1433
954,1456,1463,1482
955,1501,1532,1531
956,1482,1532,1501
957,1758,1748,1779
958,1492,1507,1479
959,1529,1563,1545
960,1530,1507,1492
961,1530,1501,1531
962,1530,1492,1501
963,1730,1707,1725
964,1748,1730,1725
965,1730,1748,1758
966,1735,1730,1758
967,1599,1562,1545
968,1563,1599,1545
969,1659,1633,1696
970,1609,1660,1682
971,1633,1609,1682
972,1609,1627,1660
973,1609,1633,1588
974,1627,1609,1605
975,1609,1576,1605
976,1576,1609,1588
977,1603,1640,1602
978,1806,1784,1755
979,1784,1820,1783
980,1784,1806,1820
981,1792,1799,1815
982,1806,1792,1815
983,1763,1792,1806
984,1660,1687,1682
985,1722,1716,1737
986,1687,1722,1682
987,1722,1687,1716
988,1770,1732,1698
989,1716,1738,1737
990,1652,1695,1651
991,1695,1652,1681
992,1625,1652,1651
993,1652,1625,1601
994,1702,1671,1677
995,1671,1702,1681
996,1671,1652,1640
997,1652,1671,1681
998,1495,1540,1534
999,1502,1495,1474
1000,1540,1495,1502
1001,1593,1652,1601
1002,1640,1593,1602
1003,1652,1593,1640
1004,1553,1540,1502
1005,1546,1553,1502
1006,1553,1564,1540
1007,1553,1593,1601
1008,1593,1553,1546
1009,1553,1601,1592
1010,1564,1553,1592
1011,1650,1624,1613
1012,1695,1714,1686
1013,1742,1714,1743
1014,1714,1752,1743
1015,1714,1695,1752
1016,1741,1776,1750
1017,1812,1780,1795
1018,1812,1811,1780
1019,1798,1812,1795
1020,1812,1798,1813
1021,1812,1813,1819
1022,1811,1812,1819
1023,1810,1802,1779
1024,1809,1802,1810
1025,1802,1758,1779
1026,1802,1809,1758
1027,1734,1808,1787
1028,1808,1809,1819
1029,1804,1781,1782
1030,1814,1781,1804
1031,1782,1781,1761
1032,1781,1736,1761
1033,1752,1777,1743
1034,1581,1628,1642
1035,1628,1581,1589
1036,1629,1628,1589
1037,1628,1653,1642
1038,1653,1628,1629
1039,1595,1641,1616
1040,1674,1641,1642
1041,1641,1674,1673
1042,1641,1577,1642
1043,1641,1595,1577
1044,1373,1343,1374
1045,1373,1357,1343
1046,1410,1373,1374
1047,1298,1297,1275
1048,1357,1298,1343
1049,1298,1357,1297
1050,1343,1339,1374
1051,1298,1339,1343
1052,1339,1298,1303
1053,1161,1182,1196
1054,1182,1131,1162
1055,1182,1161,1120
1056,1131,1182,1120
1057,1449,1399,1459
1058,1340,1304,1334
1059,1304,1340,1333
1060,1515,1486,1487
1061,1486,1515,1514
1062,1436,1464,1474
1063,1464,1436,1457
1064,1480,1464,1457
1065,1464,1480,1502
1066,1546,1480,1503
1067,1480,1546,1502
1068,1480,1458,1503
1069,1458,1480,1457
1070,1316,1356,1323
1071,1297,1316,1263
1072,1446,1493,1483
1073,1539,1493,1520
1074,1493,1539,1483
1075,1290,1335,1305
1076,1290,1325,1335
1077,1359,1326,1349
1078,1325,1326,1359
1079,1081,1128,1092
1080,1128,1154,1092
1081,1127,1104,1092
1082,1154,1127,1092
1083,1183,1128,1144
1084,1128,1183,1154
1085,1188,1127,1154
1086,1183,1188,1154
1087,1817,1822,1771
1088,1816,1822,1821
1089,1822,1817,1818
1090,1800,1817,1771
1091,1772,1800,1771
1092,1817,1800,1818
1093,1800,1772,1818
1094,1739,1744,1717
1095,1772,1744,1739
1096,1744,1772,1771
1097,1744,1704,1717
1098,1704,1744,1698
1099,1744,1770,1698
1100,1770,1744,1771
1101,1385,1423,1393
1102,1450,1423,1451
1103,1392,1402,1378
1104,1402,1392,1427
1105,1402,1399,1378
1106,1459,1402,1427
1107,1399,1402,1459
1108,1488,1517,1487
1109,1488,1450,1451
1110,1450,1488,1487
1111,1629,1606,1634
1112,1606,1629,1589
1113,1606,1699,1634
1114,1653,1661,1688
1115,1661,1653,1629
1116,1661,1629,1634
1117,1699,1661,1634
1118,1688,1661,1699
1119,1327,1328,1351
1120,1328,1327,1299
1121,1327,1376,1337
1122,1327,1351,1376
1123,1284,1327,1337
1124,1299,1327,1284
1125,1341,1361,1312
1126,1361,1328,1312
1127,1361,1395,1351
1128,1328,1361,1351
1129,632,633,670
1130,613,633,612
1131,633,632,612
1132,340,367,404
1133,278,340,404
1134,340,278,286
1135,310,340,286
1136,600,594,559
1137,594,600,616
1138,665,634,635
1139,648,697,679
1140,409,401,431
1141,577,524,578
1142,549,524,577
1143,524,549,512
1144,464,524,512
1145,524,464,497
1146,635,597,671
1147,597,598,671
1148,597,635,596
1149,575,549,577
1150,598,575,577
1151,601,577,578
1152,601,624,577
1153,672,703,671
1154,624,672,671
1155,741,711,690
1156,711,741,729
1157,689,711,729
1158,774,799,766
1159,751,774,766
1160,799,774,793
1161,774,759,793
1162,774,751,759
1163,965,947,926
1164,982,947,965
1165,926,947,917
1166,947,982,981
1167,947,955,917
1168,947,981,955
1169,1635,1630,1597
1170,1596,1583,1569
1171,1583,1617,1582
1172,1617,1583,1630
1173,1583,1596,1630
1174,1598,1562,1608
1175,1584,1537,1552
1176,1489,1537,1510
1177,1537,1523,1552
1178,1523,1537,1489
1179,1543,1578,1597
1180,1578,1543,1544
1181,1667,1654,1637
1182,1723,1745,1740
1183,1689,1723,1740
1184,1663,1664,1705
1185,1635,1663,1630
1186,1663,1635,1664
1187,1667,1706,1654
1188,1706,1667,1684
1189,1706,1684,1734
1190,1747,1778,1746
1191,1778,1747,1785
1192,1396,1386,1411
1193,1476,1508,1518
1194,1508,1543,1518
1195,1489,1477,1452
1196,1477,1489,1510
1197,1440,1476,1430
1198,1301,1300,1272
1199,1300,1301,1329
1200,1301,1308,1329
1201,1278,1301,1272
1202,1301,1278,1308
1203,1308,1278,1314
1204,1249,1286,1255
1205,1309,1286,1249
1206,1190,1121,1191
1207,1190,1155,1121
1208,1155,1190,1198
1209,1190,1191,1248
1210,1247,1190,1248
1211,1190,1247,1198
1212,993,982,965
1213,993,1036,982
1214,993,965,1002
1215,1037,993,1002
1216,1036,993,1037
1217,1223,1200,1239
1218,1223,1192,1200
1219,1192,1223,1199
1220,1271,1223,1239
1221,1199,1223,1222
1222,1223,1270,1222
1223,1223,1271,1270
1224,690,663,679
1225,663,648,679
1226,594,615,599
1227,615,623,599
1228,615,594,616
1229,615,663,623
1230,648,615,616
1231,663,615,648
1232,752,800,786
1233,743,752,786
1234,752,743,703
1235,672,752,703
1236,801,824,828
1237,824,801,776
1238,800,801,828
1239,707,763,762
1240,795,809,815
1241,760,824,776
1242,644,706,643
1243,1158,1119,1159
1244,1158,1108,1119
1245,1108,1158,1140
1246,810,764,769
1247,802,764,810
1248,764,736,769
1249,736,764,715
1250,999,1033,1006
1251,1033,999,1026
1252,1005,998,971
1253,998,997,967
1254,998,1005,1025
1255,1180,1148,1216
1256,1074,1033,1026
1257,1033,1074,1059
1258,1148,1083,1149
1259,1083,1102,1149
1260,1074,1083,1059
1261,1083,1074,1102
1262,1215,1167,1201
1263,1167,1123,1114
1264,1123,1167,1151
1265,1167,1179,1151
1266,1179,1167,1215
1267,1057,1058,1086
1268,1058,1087,1086
1269,1124,1152,1114
1270,1167,1152,1201
1271,1152,1167,1114
1272,1445,1463,1433
1273,1445,1446,1483
1274,1463,1445,1483
1275,1250,1215,1201
1276,1344,1317,1332
1277,1344,1426,1400
1278,1363,1344,1400
1279,1317,1344,1363
1280,1426,1344,1433
1281,1344,1388,1433
1282,76,104,127
1283,58,24,25
1284,24,58,23
1285,25,24,8
1286,24,23,8
1287,110,136,92
1288,57,33,23
1289,58,57,23
1290,96,144,121
1291,155,162,199
1292,162,189,199
1293,162,155,121
1294,144,162,121
1295,189,162,176
1296,162,144,176
1297,332,357,356
1298,303,332,356
1299,163,169,127
1300,169,103,127
1301,103,76,127
1302,103,102,49
1303,103,126,102
1304,126,103,169
1305,176,126,190
1306,144,126,176
1307,102,126,96
1308,126,144,96
1309,229,202,239
1310,265,229,239
1311,303,229,265
1312,229,303,274
1313,251,229,274
1314,328,327,279
1315,280,328,279
1316,269,279,299
1317,232,269,231
1318,318,305,299
1319,327,318,299
1320,318,327,349
1321,248,255,300
1322,255,248,228
1323,255,282,300
1324,313,320,335
1325,320,342,335
1326,320,313,300
1327,282,321,300
1328,321,320,300
1329,362,312,335
1330,425,362,407
1331,362,425,368
1332,341,362,368
1333,568,537,516
1334,107,79,80
1335,79,46,80
1336,46,79,53
1337,165,160,194
1338,160,115,149
1339,88,115,80
1340,115,107,80
1341,99,115,88
1342,19,5,11
1343,46,19,11
1344,5,19,4
1345,19,53,4
1346,19,46,53
1347,328,281,319
1348,281,328,280
1349,281,280,253
1350,262,281,253
1351,306,341,319
1352,281,306,319
1353,306,281,262
1354,306,262,254
1355,280,233,253
1356,233,219,253
1357,233,232,194
1358,195,185,219
1359,195,233,194
1360,233,195,219
1361,160,195,194
1362,195,160,149
1363,185,195,149
1364,150,179,149
1365,116,150,89
1366,99,20,89
1367,12,20,1
1368,567,599,573
1369,567,594,599
1370,594,567,559
1371,516,475,449
1372,537,475,516
1373,143,174,180
1374,95,120,135
1375,120,143,135
1376,188,174,153
1377,354,308,290
1378,270,237,244
1379,270,244,290
1380,308,270,290
1381,270,308,289
1382,199,214,175
1383,237,214,199
1384,214,168,175
1385,301,273,283
1386,273,301,295
1387,301,330,295
1388,301,345,370
1389,330,301,370
1390,345,314,363
1391,236,222,283
1392,273,236,283
1393,28,6,2
1394,6,28,12
1395,2,6,1
1396,6,12,1
1397,28,62,12
1398,20,62,89
1399,62,20,12
1400,54,21,47
1401,54,28,21
1402,54,62,28
1403,48,69,90
1404,69,48,40
1405,100,124,109
1406,124,166,109
1407,166,124,151
1408,167,125,135
1409,152,125,167
1410,256,197,187
1411,1030,969,974
1412,969,945,974
1413,969,937,945
1414,1001,1041,1019
1415,1091,1090,1053
1416,1090,1130,1143
1417,1090,1091,1130
1418,1080,1064,1104
1419,1064,1080,1054
1420,1080,1131,1120
1421,1080,1091,1054
1422,1091,1080,1120
1423,1029,1030,1053
1424,1103,1142,1115
1425,1142,1141,1115
1426,1203,1231,1263
1427,1169,1195,1143
1428,1130,1169,1143
1429,1161,1169,1130
1430,1169,1161,1196
1431,1195,1169,1196
1432,1303,1276,1288
1433,1231,1225,1275
1434,914,899,853
1435,1063,1047,1040
1436,1047,1063,1079
1437,1047,1010,1040
1438,1047,1034,1010
1439,1047,1079,1062
1440,1034,1047,1062
1441,888,936,898
1442,936,935,898
1443,935,960,910
1444,960,985,902
1445,910,960,902
1446,1010,978,1027
1447,1017,1016,985
1448,1108,1088,1078
1449,1074,1088,1102
1450,1108,1089,1119
1451,1089,1108,1078
1452,1079,1089,1062
1453,1089,1079,1119
1454,556,603,590
1455,591,603,556
1456,603,591,621
1457,626,603,621
1458,603,626,590
1459,591,592,638
1460,592,571,593
1461,571,592,591
1462,610,609,585
1463,609,610,630
1464,590,610,585
1465,626,610,590
1466,610,626,630
1467,637,609,660
1468,964,939,907
1469,954,964,980
1470,954,939,964
1471,939,954,925
1472,848,875,854
1473,970,1021,953
1474,906,905,869
1475,906,875,925
1476,854,906,869
1477,875,906,854
1478,718,675,709
1479,675,653,654
1480,676,675,654
1481,675,676,709
1482,685,718,717
1483,748,777,756
1484,777,748,778
1485,803,777,778
1486,777,806,756
1487,777,803,806
1488,72,98,106
1489,98,148,106
1490,148,212,183
1491,38,27,18
1492,85,60,93
1493,60,27,93
1494,60,85,36
1495,27,60,36
1496,192,184,217
1497,245,242,217
1498,242,192,217
1499,192,242,212
1500,366,358,334
1501,366,372,398
1502,430,366,398
1503,366,430,358
1504,371,417,378
1505,371,358,417
1506,377,402,388
1507,377,333,361
1508,333,324,309
1509,377,324,333
1510,441,470,469
1511,430,441,469
1512,441,430,398
1513,441,454,470
1514,430,445,417
1515,468,445,481
1516,445,485,481
1517,485,445,469
1518,445,430,469
1519,678,631,674
1520,678,674,710
1521,720,678,710
1522,470,522,521
1523,510,522,470
1524,542,581,580
1525,622,611,566
1526,622,566,726
1527,661,622,726
1528,467,461,415
1529,415,461,424
1530,484,461,490
1531,461,467,490
1532,461,460,424
1533,461,484,483
1534,460,461,483
1535,462,394,486
1536,454,462,486
1537,592,639,638
1538,640,639,593
1539,639,592,593
1540,819,838,847
1541,819,813,838
1542,812,771,790
1543,771,812,804
1544,812,853,804
1545,812,837,853
1546,693,667,694
1547,693,687,667
1548,693,739,687
1549,687,739,677
1550,783,772,757
1551,772,720,757
1552,772,783,813
1553,571,527,557
1554,527,528,557
1555,527,494,528
1556,402,403,432
1557,377,403,402
1558,389,403,361
1559,403,377,361
1560,445,416,417
1561,416,445,468
1562,417,416,378
1563,416,389,378
1564,205,189,176
1565,250,224,259
1566,224,251,259
1567,139,112,122
1568,59,35,36
1569,35,15,36
1570,683,716,682
1571,789,747,756
1572,736,745,769
1573,745,770,769
1574,681,708,650
1575,708,736,715
1576,708,745,736
1577,745,708,681
1578,716,700,682
1579,700,745,681
1580,651,681,650
1581,651,650,619
1582,620,651,619
1583,651,700,681
1584,700,651,682
1585,459,519,518
1586,519,459,499
1587,519,531,551
1588,531,519,499
1589,386,355,296
1590,393,355,386
1591,271,302,290
1592,244,271,290
1593,478,493,506
1594,552,520,513
1595,520,493,513
1596,493,520,506
1597,501,539,500
1598,539,501,546
1599,532,501,507
1600,501,532,546
1601,1639,1676,1623
1602,1622,1600,1623
1603,1676,1622,1623
1604,1622,1676,1669
1605,1766,1811,1789
1606,1811,1766,1780
1607,1765,1810,1779
1608,1810,1765,1789
1609,1669,1701,1680
1610,1676,1701,1669
1611,1749,1701,1750
1612,1600,1638,1572
1613,1638,1585,1572
1614,1622,1638,1600
1615,1638,1622,1669
1616,1638,1669,1680
1617,1648,1658,1631
1618,1707,1658,1725
1619,1675,1658,1707
1620,1585,1559,1572
1621,1559,1585,1531
1622,1532,1559,1531
1623,1764,1758,1788
1624,1764,1735,1758
1625,1764,1808,1734
1626,1455,1454,1425
1627,1454,1491,1444
1628,1491,1454,1478
1629,1599,1591,1631
1630,1591,1599,1563
1631,1585,1580,1531
1632,1580,1530,1531
1633,1580,1585,1612
1634,1562,1620,1608
1635,1599,1620,1562
1636,1620,1599,1631
1637,1658,1620,1631
1638,1620,1658,1675
1639,1576,1527,1513
1640,1536,1568,1513
1641,1568,1576,1513
1642,1568,1536,1594
1643,1568,1594,1605
1644,1576,1568,1605
1645,1633,1626,1604
1646,1659,1626,1633
1647,1645,1678,1677
1648,1678,1703,1677
1649,1703,1678,1709
1650,1603,1644,1640
1651,1644,1603,1614
1652,1645,1644,1614
1653,1644,1645,1677
1654,1671,1644,1677
1655,1644,1671,1640
1656,1574,1603,1602
1657,1593,1574,1602
1658,1574,1593,1546
1659,1784,1762,1755
1660,1762,1720,1755
1661,1754,1762,1783
1662,1762,1784,1783
1663,1762,1754,1709
1664,1767,1792,1763
1665,1767,1722,1737
1666,1722,1767,1763
1667,1792,1767,1799
1668,1672,1687,1660
1669,1672,1627,1616
1670,1627,1672,1660
1671,1641,1672,1616
1672,1672,1641,1673
1673,1721,1722,1763
1674,1721,1763,1755
1675,1720,1721,1755
1676,1721,1720,1696
1677,1721,1696,1682
1678,1722,1721,1682
1679,1793,1770,1771
1680,1793,1822,1816
1681,1822,1793,1771
1682,1793,1816,1796
1683,1687,1697,1716
1684,1697,1738,1716
1685,1672,1697,1687
1686,1738,1697,1732
1687,1697,1672,1673
1688,1674,1697,1673
1689,1697,1674,1698
1690,1732,1697,1698
1691,1540,1573,1534
1692,1564,1573,1540
1693,1534,1573,1587
1694,1573,1564,1592
1695,1613,1573,1592
1696,1624,1573,1613
1697,1670,1650,1686
1698,1670,1624,1650
1699,1714,1726,1686
1700,1726,1714,1742
1701,1726,1670,1686
1702,1670,1726,1694
1703,1718,1741,1750
1704,1701,1718,1750
1705,1718,1701,1676
1706,1809,1794,1788
1707,1808,1794,1809
1708,1794,1764,1788
1709,1764,1794,1808
1710,1807,1786,1787
1711,1808,1807,1787
1712,1786,1807,1785
1713,1785,1807,1797
1714,1807,1808,1819
1715,1736,1791,1752
1716,1781,1791,1736
1717,1791,1777,1752
1718,1791,1781,1814
1719,1803,1790,1743
1720,1777,1803,1743
1721,1790,1803,1813
1722,1803,1814,1813
1723,1803,1791,1814
1724,1791,1803,1777
1725,1373,1384,1357
1726,1383,1384,1416
1727,1187,1182,1162
1728,1182,1187,1227
1729,1187,1232,1227
1730,1182,1218,1196
1731,1218,1182,1227
1732,1289,1305,1334
1733,1304,1289,1334
1734,1466,1465,1416
1735,1465,1458,1416
1736,1465,1466,1503
1737,1458,1465,1503
1738,1485,1497,1459
1739,1497,1449,1459
1740,1536,1497,1514
1741,1497,1536,1513
1742,1497,1485,1514
1743,1449,1497,1513
1744,1401,1449,1422
1745,1449,1401,1399
1746,1398,1410,1374
1747,1340,1358,1333
1748,1517,1516,1487
1749,1516,1515,1487
1750,1516,1517,1541
1751,1516,1541,1554
1752,1515,1516,1554
1753,1550,1515,1554
1754,1577,1550,1554
1755,1550,1577,1549
1756,1436,1421,1457
1757,1458,1421,1416
1758,1421,1458,1457
1759,1421,1383,1416
1760,1357,1324,1297
1761,1324,1316,1297
1762,1356,1348,1383
1763,1316,1348,1356
1764,1324,1348,1316
1765,1348,1324,1357
1766,1384,1348,1357
1767,1348,1384,1383
1768,1445,1420,1446
1769,1353,1420,1388
1770,1471,1493,1446
1771,1232,1259,1227
1772,1259,1289,1304
1773,1259,1304,1288
1774,1227,1259,1288
1775,1265,1259,1232
1776,1265,1290,1305
1777,1289,1265,1305
1778,1259,1265,1289
1779,1290,1266,1325
1780,1145,1111,1132
1781,1170,1145,1132
1782,1163,1170,1132
1783,1385,1360,1394
1784,1326,1360,1349
1785,1237,1210,1283
1786,1228,1237,1268
1787,1237,1228,1210
1788,1228,1163,1210
1789,1163,1228,1170
1790,1282,1326,1325
1791,1266,1282,1325
1792,1127,1126,1104
1793,1126,1080,1104
1794,1080,1126,1131
1795,1131,1126,1162
1796,1126,1187,1162
1797,1188,1209,1220
1798,1209,1188,1183
1799,1189,1228,1221
1800,1228,1189,1170
1801,1209,1189,1221
1802,1189,1209,1183
1803,1189,1183,1144
1804,1189,1145,1170
1805,1145,1189,1144
1806,1077,1035,1066
1807,1077,1044,1035
1808,1392,1417,1427
1809,1417,1392,1393
1810,1423,1417,1393
1811,1427,1417,1460
1812,1424,1385,1394
1813,1424,1423,1385
1814,1423,1424,1451
1815,1424,1428,1451
1816,1428,1424,1394
1817,1606,1528,1699
1818,1699,1528,1366
1819,1367,1361,1341
1820,1367,1386,1396
1821,1367,1396,1395
1822,1361,1367,1395
1823,1367,1341,1352
1824,1386,1367,1352
1825,633,662,670
1826,670,662,696
1827,662,689,696
1828,348,373,367
1829,340,348,367
1830,373,348,349
1831,348,318,349
1832,318,348,305
1833,305,348,310
1834,348,340,310
1835,373,379,400
1836,379,406,400
1837,379,373,349
1838,379,380,406
1839,380,379,349
1840,502,471,487
1841,400,471,447
1842,406,471,400
1843,471,472,487
1844,472,471,406
1845,447,471,530
1846,471,502,530
1847,600,628,616
1848,628,648,616
1849,697,628,698
1850,648,628,697
1851,473,464,512
1852,464,476,497
1853,504,476,477
1854,476,504,497
1855,582,576,550
1856,498,504,477
1857,498,459,518
1858,561,504,550
1859,576,561,550
1860,524,561,578
1861,504,561,497
1862,561,524,497
1863,345,375,370
1864,375,409,370
1865,375,401,409
1866,375,345,363
1867,401,375,363
1868,452,459,428
1869,459,452,499
1870,401,410,431
1871,410,459,431
1872,410,401,363
1873,392,410,363
1874,459,410,428
1875,410,392,428
1876,574,597,596
1877,597,574,598
1878,574,575,598
1879,602,601,578
1880,561,602,578
1881,601,649,624
1882,649,672,624
1883,1556,1542,1569
1884,1583,1556,1569
1885,1542,1556,1522
1886,1522,1556,1582
1887,1556,1583,1582
1888,1692,1675,1707
1889,1692,1700,1657
1890,1730,1692,1707
1891,1692,1730,1735
1892,1619,1598,1608
1893,1571,1524,1562
1894,1598,1571,1562
1895,1524,1571,1538
1896,1610,1584,1637
1897,1584,1610,1590
1898,1654,1610,1637
1899,1636,1610,1654
1900,1584,1611,1637
1901,1557,1578,1544
1902,1578,1557,1590
1903,1557,1544,1510
1904,1537,1557,1510
1905,1557,1584,1590
1906,1557,1537,1584
1907,1745,1710,1746
1908,1723,1710,1745
1909,1747,1710,1705
1910,1710,1747,1746
1911,1710,1723,1689
1912,1663,1647,1630
1913,1647,1617,1630
1914,1617,1647,1662
1915,1647,1689,1662
1916,1543,1509,1544
1917,1508,1509,1543
1918,1544,1509,1510
1919,1509,1477,1510
1920,1418,1430,1395
1921,1418,1440,1430
1922,1396,1418,1395
1923,1212,1241,1211
1924,1255,1241,1229
1925,1241,1212,1229
1926,1342,1308,1314
1927,1329,1368,1352
1928,1368,1386,1352
1929,1368,1342,1380
1930,1308,1368,1329
1931,1342,1368,1308
1932,1009,1048,1072
1933,1049,1048,1009
1934,1048,1049,1100
1935,1048,1100,1099
1936,1072,1048,1099
1937,1100,1073,1101
1938,1049,1073,1100
1939,1073,1114,1101
1940,1073,1057,1114
1941,1057,996,1024
1942,996,997,1024
1943,1073,996,1057
1944,996,1073,1049
1945,996,957,941
1946,996,1009,957
1947,996,1049,1009
1948,996,941,967
1949,997,996,967
1950,1562,1519,1545
1951,1519,1529,1545
1952,1519,1500,1491
1953,1524,1500,1562
1954,1500,1519,1562
1955,1506,1491,1478
1956,1506,1507,1529
1957,1519,1506,1529
1958,1506,1519,1491
1959,1506,1478,1479
1960,1507,1506,1479
1961,788,802,816
1962,809,788,816
1963,788,764,802
1964,763,787,762
1965,787,795,762
1966,795,787,809
1967,787,788,809
1968,788,787,763
1969,562,583,582
1970,531,563,551
1971,563,531,564
1972,706,705,673
1973,752,768,800
1974,744,768,752
1975,768,744,776
1976,768,801,800
1977,801,768,776
1978,744,735,776
1979,735,760,776
1980,735,705,706
1981,705,735,744
1982,725,707,762
1983,795,794,762
1984,794,815,834
1985,794,795,815
1986,824,794,834
1987,760,794,824
1988,1281,1262,1295
1989,1296,1262,1258
1990,1262,1296,1295
1991,1320,1281,1295
1992,1296,1321,1295
1993,1321,1320,1295
1994,1320,1321,1346
1995,1322,1296,1258
1996,1273,1322,1258
1997,1322,1273,1310
1998,1322,1321,1296
1999,1273,1274,1310
2000,1310,1274,1323
2001,1274,1316,1323
2002,1316,1274,1263
2003,1244,1273,1258
2004,1185,1158,1159
2005,1158,1185,1194
2006,958,998,967
2007,998,958,971
2008,958,967,942
2009,920,958,942
2010,958,920,933
2011,971,958,933
2012,1138,1181,1149
2013,1138,1168,1181
2014,1102,1138,1149
2015,1158,1176,1140
2016,1176,1158,1194
2017,1083,1082,1059
2018,1082,1058,1059
2019,1058,1082,1087
2020,1087,1082,1118
2021,1082,1148,1118
2022,1082,1083,1148
2023,1032,1033,1059
2024,1058,1032,1059
2025,1032,1005,1006
2026,1033,1032,1006
2027,1032,1058,1025
2028,1005,1032,1025
2029,1152,1202,1201
2030,1202,1152,1193
2031,1153,1180,1193
2032,1152,1153,1193
2033,1153,1152,1124
2034,1153,1124,1118
2035,1148,1153,1118
2036,1180,1153,1148
2037,1215,1243,1242
2038,1250,1243,1215
2039,1243,1287,1242
2040,1243,1279,1287
2041,1243,1250,1279
2042,1353,1280,1319
2043,1280,1353,1318
2044,1279,1293,1332
2045,1293,1318,1332
2046,1293,1280,1318
2047,1294,1252,1281
2048,1294,1320,1319
2049,1320,1294,1281
2050,1280,1294,1319
2051,1294,1280,1252
2052,1318,1345,1332
2053,1353,1345,1318
2054,1345,1353,1388
2055,1345,1344,1332
2056,1344,1345,1388
2057,1369,1309,1315
2058,1369,1370,1407
2059,15,42,14
2060,103,42,76
2061,83,58,84
2062,154,199,175
2063,154,155,199
2064,136,154,175
2065,110,154,136
2066,56,92,55
2067,33,56,55
2068,57,56,33
2069,324,284,309
2070,284,276,309
2071,276,284,266
2072,276,230,207
2073,230,276,266
2074,332,292,315
2075,292,284,315
2076,292,303,265
2077,292,332,303
2078,266,292,265
2079,284,292,266
2080,201,163,202
2081,163,201,169
2082,229,201,202
2083,126,181,190
2084,181,126,169
2085,181,224,190
2086,275,260,299
2087,260,269,299
2088,269,260,231
2089,243,260,275
2090,260,243,231
2091,249,255,228
2092,255,249,282
2093,249,256,282
2094,336,321,343
2095,320,336,342
2096,321,336,320
2097,396,395,342
2098,336,396,342
2099,450,488,449
2100,425,450,449
2101,425,421,368
2102,421,391,368
2103,421,425,449
2104,420,421,449
2105,421,420,391
2106,390,380,350
2107,390,420,419
2108,420,390,391
2109,381,395,407
2110,362,381,407
2111,381,362,335
2112,342,381,335
2113,395,381,342
2114,595,634,617
2115,635,595,596
2116,634,595,635
2117,628,586,617
2118,586,628,600
2119,586,595,617
2120,595,586,568
2121,586,600,559
2122,395,426,407
2123,456,426,457
2124,396,426,395
2125,496,456,457
2126,496,473,512
2127,473,496,457
2128,87,79,107
2129,78,87,114
2130,79,87,53
2131,53,87,52
2132,87,78,52
2133,165,134,160
2134,134,115,160
2135,115,134,107
2136,193,165,194
2137,232,193,194
2138,193,231,208
2139,193,232,231
2140,171,172,208
2141,172,193,208
2142,193,172,165
2143,306,311,341
2144,362,311,312
2145,341,311,362
2146,261,280,279
2147,261,233,280
2148,269,261,279
2149,261,269,232
2150,233,261,232
2151,161,116,141
2152,161,150,116
2153,196,161,141
2154,150,161,179
2155,123,99,89
2156,150,123,89
2157,123,150,149
2158,115,123,149
2159,123,115,99
2160,39,99,88
2161,39,20,99
2162,39,46,11
2163,39,11,1
2164,20,39,1
2165,39,88,80
2166,46,39,80
2167,567,536,559
2168,536,567,535
2169,536,537,559
2170,536,475,537
2171,530,544,573
2172,544,567,573
2173,567,544,535
2174,7,17,10
2175,63,75,95
2176,75,120,95
2177,236,204,222
2178,204,236,213
2179,204,188,222
2180,188,204,174
2181,204,213,180
2182,174,204,180
2183,392,384,428
2184,214,198,168
2185,168,198,153
2186,198,188,153
2187,188,198,222
2188,222,258,283
2189,258,314,283
2190,270,264,237
2191,264,214,237
2192,264,270,289
2193,258,264,314
2194,307,301,283
2195,301,307,345
2196,314,307,283
2197,307,314,345
2198,308,331,289
2199,331,308,354
2200,384,331,354
2201,236,257,213
2202,257,236,273
2203,257,273,295
2204,263,257,295
2205,352,330,370
2206,294,263,295
2207,256,294,282
2208,294,256,263
2209,294,321,282
2210,321,294,343
2211,294,344,343
2212,81,116,89
2213,62,81,89
2214,54,81,62
2215,81,108,116
2216,108,81,47
2217,81,54,47
2218,70,63,95
2219,70,17,63
2220,125,119,90
2221,119,125,152
2222,119,100,90
2223,119,124,100
2224,101,95,135
2225,125,101,135
2226,101,70,95
2227,70,101,69
2228,69,101,90
2229,101,125,90
2230,235,256,187
2231,256,235,263
2232,167,235,187
2233,213,235,167
2234,257,235,213
2235,235,257,263
2236,973,969,1030
2237,973,943,937
2238,969,973,937
2239,1052,1075,1103
2240,1090,1075,1053
2241,1075,1029,1053
2242,1029,1075,1052
2243,1028,1052,1027
2244,1028,1029,1052
2245,1125,1142,1103
2246,1141,1177,1159
2247,1177,1185,1159
2248,1185,1177,1203
2249,1142,1177,1141
2250,1218,1245,1196
2251,1276,1245,1288
2252,1245,1227,1288
2253,1245,1218,1227
2254,1298,1264,1303
2255,1264,1276,1303
2256,1264,1298,1275
2257,1225,1264,1275
2258,1195,1226,1186
2259,1226,1225,1186
2260,1226,1264,1225
2261,1226,1195,1196
2262,1245,1226,1196
2263,837,880,853
2264,880,914,853
2265,880,837,881
2266,990,975,1019
2267,975,1001,1019
2268,914,946,899
2269,922,915,881
2270,915,880,881
2271,880,915,914
2272,911,936,888
2273,911,888,872
2274,911,872,889
2275,1034,987,1010
2276,873,921,889
2277,912,921,873
2278,921,911,889
2279,911,921,944
2280,1051,1016,1017
2281,1051,1034,1062
2282,1051,1017,1034
2283,637,589,609
2284,589,570,585
2285,609,589,585
2286,584,589,637
2287,891,875,848
2288,907,891,826
2289,891,848,826
2290,875,891,925
2291,939,891,907
2292,891,939,925
2293,1055,1081,1041
2294,938,970,905
2295,906,938,905
2296,938,954,980
2297,954,938,925
2298,938,906,925
2299,684,685,717
2300,684,637,660
2301,685,684,660
2302,686,675,718
2303,685,686,718
2304,686,685,660
2305,653,686,660
2306,675,686,653
2307,44,72,50
2308,44,38,18
2309,38,44,50
2310,105,129,93
2311,105,61,106
2312,130,105,106
2313,105,130,129
2314,38,37,27
2315,61,37,38
2316,105,37,61
2317,27,37,93
2318,37,105,93
2319,66,38,50
2320,66,61,38
2321,61,66,106
2322,66,72,106
2323,72,66,50
2324,132,148,98
2325,148,132,212
2326,132,192,212
2327,159,148,183
2328,130,170,129
2329,159,170,130
2330,170,159,183
2331,211,170,183
2332,203,170,211
2333,93,147,122
2334,129,147,93
2335,226,276,207
2336,399,372,394
2337,462,399,394
2338,399,462,454
2339,372,399,398
2340,399,441,398
2341,441,399,454
2342,347,325,326
2343,394,347,326
2344,372,347,394
2345,339,366,334
2346,366,339,372
2347,339,347,372
2348,347,339,325
2349,285,339,334
2350,339,285,325
2351,358,338,317
2352,371,338,358
2353,357,346,388
2354,346,377,388
2355,332,346,357
2356,346,332,315
2357,688,720,694
2358,688,678,720
2359,605,611,631
2360,605,581,611
2361,581,605,580
2362,580,605,604
2363,547,542,521
2364,547,581,542
2365,666,687,677
2366,666,640,687
2367,666,639,640
2368,818,819,847
2369,812,818,837
2370,881,818,847
2371,837,818,881
2372,782,812,790
2373,765,782,790
2374,818,782,791
2375,782,818,812
2376,739,782,765
2377,782,739,791
2378,738,739,765
2379,738,771,719
2380,738,765,771
2381,738,719,677
2382,739,738,677
2383,720,750,694
2384,772,750,720
2385,750,693,694
2386,750,739,693
2387,739,750,791
2388,750,772,791
2389,541,571,553
2390,541,527,571
2391,494,514,491
2392,527,514,494
2393,541,514,527
2394,490,514,540
2395,514,490,491
2396,514,553,540
2397,514,541,553
2398,433,416,468
2399,494,433,468
2400,403,433,432
2401,433,467,432
2402,433,494,467
2403,433,403,389
2404,416,433,389
2405,238,205,250
2406,238,271,244
2407,271,238,250
2408,189,238,244
2409,205,238,189
2410,200,176,190
2411,200,205,176
2412,224,200,190
2413,205,200,250
2414,200,224,250
2415,147,146,122
2416,146,147,207
2417,202,191,239
2418,139,157,112
2419,112,157,97
2420,157,164,97
2421,65,35,59
2422,65,112,97
2423,112,65,59
2424,104,64,97
2425,64,65,97
2426,65,64,35
2427,35,64,15
2428,683,731,716
2429,747,731,756
2430,731,747,716
2431,748,731,717
2432,731,748,756
2433,747,746,716
2434,746,700,716
2435,770,746,789
2436,746,747,789
2437,745,746,770
2438,700,746,745
2439,531,538,564
2440,520,538,506
2441,355,291,296
2442,291,355,302
2443,291,259,296
2444,291,250,259
2445,291,271,250
2446,271,291,302
2447,364,355,393
2448,355,364,302
2449,364,354,290
2450,302,364,290
2451,478,465,493
2452,412,439,438
2453,412,393,386
2454,440,489,439
2455,489,500,513
2456,414,444,440
2457,429,444,376
2458,1693,1676,1639
2459,1670,1693,1639
2460,1693,1670,1694
2461,1693,1718,1676
2462,1760,1766,1731
2463,1760,1749,1780
2464,1766,1760,1780
2465,1766,1759,1731
2466,1759,1713,1731
2467,1713,1759,1765
2468,1759,1766,1789
2469,1765,1759,1789
2470,1585,1621,1612
2471,1638,1621,1585
2472,1643,1648,1612
2473,1621,1643,1612
2474,1712,1713,1765
2475,1712,1748,1725
2476,1658,1712,1725
2477,1748,1712,1779
2478,1712,1765,1779
2479,1533,1539,1572
2480,1559,1533,1572
2481,1533,1559,1532
2482,1539,1533,1483
2483,1533,1482,1483
2484,1533,1532,1482
2485,1764,1724,1735
2486,1700,1724,1711
2487,1724,1734,1711
2488,1724,1764,1734
2489,1724,1692,1735
2490,1692,1724,1700
2491,1419,1370,1371
2492,1370,1419,1407
2493,1454,1419,1425
2494,1407,1419,1444
2495,1419,1454,1444
2496,1419,1371,1400
2497,1425,1419,1400
2498,1507,1558,1529
2499,1530,1558,1507
2500,1580,1558,1530
2501,1561,1576,1588
2502,1561,1527,1576
2503,1475,1467,1496
2504,1467,1475,1410
2505,1398,1467,1410
2506,1626,1615,1604
2507,1574,1547,1603
2508,1547,1548,1603
2509,1547,1574,1546
2510,1547,1546,1503
2511,1548,1547,1503
2512,1484,1475,1496
2513,1768,1767,1737
2514,1738,1768,1737
2515,1799,1768,1796
2516,1767,1768,1799
2517,1769,1793,1796
2518,1768,1769,1796
2519,1769,1768,1738
2520,1769,1738,1732
2521,1770,1769,1732
2522,1793,1769,1770
2523,1632,1670,1639
2524,1670,1632,1624
2525,1632,1639,1587
2526,1573,1632,1587
2527,1632,1573,1624
2528,1719,1726,1741
2529,1726,1719,1694
2530,1718,1719,1741
2531,1719,1693,1694
2532,1693,1719,1718
2533,1741,1751,1776
2534,1726,1751,1741
2535,1751,1726,1742
2536,1751,1790,1776
2537,1751,1742,1790
2538,1409,1373,1410
2539,1409,1384,1373
2540,1384,1409,1416
2541,1409,1466,1416
2542,1566,1567,1604
2543,1567,1633,1604
2544,1633,1567,1588
2545,1567,1561,1588
2546,1575,1566,1604
2547,1615,1575,1604
2548,1339,1375,1374
2549,1375,1398,1374
2550,1398,1375,1390
2551,1391,1401,1422
2552,1356,1355,1323
2553,1355,1310,1323
2554,1355,1381,1347
2555,1322,1355,1347
2556,1355,1322,1310
2557,1397,1346,1347
2558,1381,1397,1347
2559,1382,1356,1383
2560,1421,1382,1383
2561,1420,1434,1446
2562,1434,1471,1446
2563,1420,1414,1388
2564,1414,1420,1445
2565,1388,1414,1433
2566,1414,1445,1433
2567,1471,1494,1493
2568,1494,1525,1520
2569,1493,1494,1520
2570,1434,1435,1471
2571,1219,1265,1232
2572,1219,1188,1220
2573,1219,1187,1188
2574,1187,1219,1232
2575,1254,1266,1290
2576,1265,1254,1290
2577,1254,1219,1220
2578,1219,1254,1265
2579,1164,1132,1129
2580,1164,1163,1132
2581,1210,1164,1129
2582,1163,1164,1210
2583,1277,1237,1283
2584,1237,1277,1268
2585,1277,1307,1268
2586,1311,1277,1283
2587,1307,1277,1311
2588,1282,1306,1326
2589,1307,1306,1268
2590,1246,1282,1266
2591,1246,1209,1221
2592,1228,1267,1221
2593,1267,1246,1221
2594,1246,1267,1282
2595,1267,1228,1268
2596,1306,1267,1268
2597,1267,1306,1282
2598,1129,1105,1066
2599,1105,1077,1066
2600,1439,1423,1450
2601,1439,1417,1423
2602,1417,1439,1460
2603,1439,1487,1460
2604,1439,1450,1487
2605,1488,1521,1517
2606,656,662,633
2607,623,656,613
2608,656,633,613
2609,663,656,623
2610,662,656,689
2611,656,663,690
2612,711,656,690
2613,656,711,689
2614,418,472,406
2615,380,418,406
2616,418,390,419
2617,390,418,380
2618,380,359,350
2619,359,328,350
2620,328,359,327
2621,327,359,349
2622,359,380,349
2623,698,664,691
2624,628,664,698
2625,664,628,617
2626,634,664,617
2627,664,699,691
2628,664,665,699
2629,664,634,665
2630,435,422,464
2631,473,435,464
2632,435,473,457
2633,435,396,422
2634,426,435,457
2635,435,426,396
2636,422,427,464
2637,607,576,582
2638,607,644,643
2639,602,607,643
2640,607,561,576
2641,607,602,561
2642,504,525,550
2643,498,525,504
2644,525,582,550
2645,459,458,431
2646,498,458,459
2647,458,498,477
2648,458,409,431
2649,452,482,499
2650,384,411,428
2651,602,642,601
2652,642,649,601
2653,649,642,673
2654,642,643,673
2655,642,602,643
2656,1607,1578,1590
2657,1610,1607,1590
2658,1607,1610,1636
2659,1578,1607,1597
2660,1607,1635,1597
2661,1607,1636,1635
2662,1668,1692,1657
2663,1692,1668,1675
2664,1668,1619,1608
2665,1619,1668,1657
2666,1620,1668,1608
2667,1668,1620,1675
2668,1570,1523,1538
2669,1571,1570,1538
2670,1523,1570,1552
2671,1570,1584,1552
2672,1570,1611,1584
2673,1611,1655,1637
2674,1655,1667,1637
2675,1667,1655,1684
2676,1684,1655,1691
2677,1683,1663,1705
2678,1710,1683,1705
2679,1683,1647,1663
2680,1683,1710,1689
2681,1647,1683,1689
2682,1729,1734,1787
2683,1729,1706,1734
2684,1747,1756,1785
2685,1756,1747,1705
2686,1635,1665,1664
2687,1636,1665,1635
2688,1440,1481,1476
2689,1481,1508,1476
2690,1481,1509,1508
2691,1509,1481,1477
2692,1438,1396,1411
2693,1438,1418,1396
2694,1418,1438,1440
2695,1438,1411,1452
2696,1477,1438,1452
2697,1481,1438,1477
2698,1438,1481,1440
2699,1241,1240,1211
2700,1240,1241,1278
2701,1200,1240,1239
2702,1240,1200,1211
2703,1240,1272,1239
2704,1240,1278,1272
2705,1278,1285,1314
2706,1241,1285,1278
2707,1285,1241,1255
2708,1286,1285,1255
2709,1285,1286,1314
2710,1411,1441,1452
2711,1441,1489,1452
2712,1386,1441,1411
2713,1498,1523,1489
2714,1498,1490,1523
2715,1491,1453,1444
2716,1500,1453,1491
2717,713,763,707
2718,646,680,645
2719,650,646,619
2720,708,646,650
2721,646,708,715
2722,680,646,715
2723,646,564,619
2724,646,563,564
2725,563,618,551
2726,618,646,645
2727,646,618,563
2728,725,692,707
2729,704,744,752
2730,704,705,744
2731,705,704,673
2732,704,752,672
2733,704,649,673
2734,649,704,672
2735,794,761,762
2736,761,794,760
2737,761,725,762
2738,1181,1207,1216
2739,1372,1320,1346
2740,1372,1397,1408
2741,1397,1372,1346
2742,1235,1274,1273
2743,1244,1235,1273
2744,1274,1235,1263
2745,1235,1244,1194
2746,1185,1235,1194
2747,1235,1203,1263
2748,1235,1185,1203
2749,1138,1139,1168
2750,1176,1139,1140
2751,1139,1176,1168
2752,1139,1108,1140
2753,1139,1088,1108
2754,1088,1139,1102
2755,1139,1138,1102
2756,1208,1176,1194
2757,1208,1244,1258
2758,1244,1208,1194
2759,1176,1208,1168
2760,1280,1224,1252
2761,1180,1224,1193
2762,1224,1180,1216
2763,1252,1224,1216
2764,1224,1202,1193
2765,1370,1331,1371
2766,1371,1331,1338
2767,1331,1302,1291
2768,1292,1331,1291
2769,1331,1292,1338
2770,1342,1362,1380
2771,1369,1362,1309
2772,1362,1342,1314
2773,1286,1362,1314
2774,1362,1286,1309
2775,26,103,49
2776,26,42,103
2777,42,26,14
2778,14,26,9
2779,26,49,9
2780,111,83,84
2781,111,84,121
2782,155,111,121
2783,83,111,110
2784,154,111,155
2785,111,154,110
2786,82,83,110
2787,82,110,92
2788,82,57,58
2789,83,82,58
2790,56,82,92
2791,82,56,57
2792,284,323,315
2793,323,284,324
2794,323,346,315
2795,323,324,377
2796,346,323,377
2797,240,230,266
2798,206,240,210
2799,240,206,230
2800,230,206,207
2801,206,146,207
2802,215,201,229
2803,215,229,251
2804,201,215,169
2805,215,181,169
2806,224,215,251
2807,181,215,224
2808,256,221,197
2809,249,221,256
2810,221,249,228
2811,166,221,228
2812,197,221,166
2813,382,336,343
2814,382,396,336
2815,396,382,422
2816,434,425,407
2817,434,450,425
2818,426,434,407
2819,434,426,456
2820,420,448,419
2821,475,448,449
2822,448,420,449
2823,390,351,391
2824,341,351,319
2825,351,390,350
2826,391,351,368
2827,351,341,368
2828,328,351,350
2829,351,328,319
2830,569,595,568
2831,595,569,596
2832,569,574,596
2833,574,569,545
2834,568,560,537
2835,586,560,568
2836,537,560,559
2837,560,586,559
2838,523,574,545
2839,523,496,512
2840,549,523,512
2841,575,523,549
2842,574,523,575
2843,496,503,456
2844,523,503,496
2845,503,523,545
2846,133,134,165
2847,172,133,165
2848,134,133,107
2849,133,171,114
2850,133,172,171
2851,87,133,114
2852,133,87,107
2853,287,306,254
2854,287,311,306
2855,247,287,254
2856,288,287,247
2857,312,287,288
2858,311,287,312
2859,161,186,179
2860,186,161,196
2861,186,234,209
2862,179,186,209
2863,234,186,254
2864,186,196,254
2865,536,492,475
2866,492,536,535
2867,472,492,487
2868,502,515,530
2869,515,544,530
2870,515,502,487
2871,544,515,535
2872,515,492,535
2873,492,515,487
2874,32,31,7
2875,31,17,7
2876,17,31,63
2877,75,31,32
2878,31,75,63
2879,91,32,55
2880,91,75,32
2881,92,91,55
2882,75,91,120
2883,223,198,214
2884,198,223,222
2885,223,258,222
2886,314,322,363
2887,331,322,289
2888,322,264,289
2889,264,322,314
2890,294,329,344
2891,352,329,330
2892,330,329,295
2893,329,294,295
2894,30,69,40
2895,30,70,69
2896,30,40,10
2897,17,30,10
2898,70,30,17
2899,142,119,152
2900,142,197,151
2901,197,142,152
2902,124,142,151
2903,119,142,124
2904,1075,1109,1103
2905,1109,1075,1090
2906,1109,1090,1143
2907,1125,1109,1143
2908,1109,1125,1103
2909,1028,988,1029
2910,1160,1125,1143
2911,1195,1160,1143
2912,1160,1195,1186
2913,1125,1160,1142
2914,945,962,974
2915,962,990,974
2916,962,975,990
2917,962,946,975
2918,975,963,1001
2919,946,963,975
2920,963,946,914
2921,915,963,914
2922,951,911,944
2923,911,951,936
2924,978,951,944
2925,951,978,1010
2926,987,951,1010
2927,951,972,936
2928,972,951,987
2929,972,987,1034
2930,1051,1050,1016
2931,1016,1050,1026
2932,1050,1051,1078
2933,1088,1050,1078
2934,1050,1074,1026
2935,1050,1088,1074
2936,584,588,552
2937,555,584,552
2938,555,552,513
2939,500,555,513
2940,539,555,500
2941,1001,1020,1041
2942,1020,1055,1041
2943,1043,1011,1044
2944,1044,1011,1035
2945,45,73,18
2946,73,44,18
2947,73,45,74
2948,72,73,98
2949,44,73,72
2950,113,73,74
2951,98,73,113
2952,137,98,113
2953,137,132,98
2954,138,137,113
2955,137,138,184
2956,192,137,184
2957,132,137,192
2958,293,334,317
2959,268,242,245
2960,268,285,242
2961,268,245,326
2962,325,268,326
2963,285,268,325
2964,148,131,106
2965,159,131,148
2966,131,130,106
2967,131,159,130
2968,170,158,129
2969,158,170,203
2970,158,147,129
2971,147,158,207
2972,158,226,207
2973,226,158,203
2974,337,371,378
2975,337,338,371
2976,361,337,378
2977,316,337,361
2978,338,337,317
2979,297,337,316
2980,337,297,317
2981,678,655,631
2982,688,655,678
2983,655,667,604
2984,667,655,694
2985,655,688,694
2986,605,655,604
2987,655,605,631
2988,548,510,566
2989,548,522,510
2990,611,548,566
2991,581,548,611
2992,547,548,581
2993,796,818,791
2994,818,796,819
2995,772,796,791
2996,819,796,813
2997,796,772,813
2998,191,216,239
2999,216,191,164
3000,216,265,239
3001,163,156,202
3002,156,191,202
3003,156,163,127
3004,191,156,164
3005,76,77,104
3006,77,64,104
3007,43,42,15
3008,64,43,15
3009,77,43,64
3010,42,43,76
3011,43,77,76
3012,701,684,717
3013,731,701,717
3014,684,701,637
3015,701,652,637
3016,701,731,683
3017,652,701,683
3018,651,636,682
3019,636,651,620
3020,636,683,682
3021,636,652,683
3022,614,584,637
3023,652,614,637
3024,636,614,652
3025,614,588,584
3026,588,614,620
3027,614,636,620
3028,538,505,506
3029,505,538,531
3030,505,478,506
3031,505,482,478
3032,505,531,499
3033,482,505,499
3034,587,520,552
3035,587,538,520
3036,538,587,564
3037,564,587,619
3038,587,620,619
3039,588,587,552
3040,587,588,620
3041,465,466,493
3042,439,466,438
3043,489,466,439
3044,493,466,513
3045,466,489,513
3046,413,412,386
3047,412,413,439
3048,413,440,439
3049,413,414,440
3050,479,501,500
3051,489,479,500
3052,479,489,440
3053,444,479,440
3054,376,365,360
3055,444,365,376
3056,365,303,360
3057,303,365,296
3058,1708,1760,1731
3059,1701,1708,1680
3060,1708,1713,1680
3061,1713,1708,1731
3062,1649,1638,1680
3063,1649,1621,1638
3064,1649,1643,1621
3065,1713,1649,1680
3066,1643,1649,1713
3067,1712,1685,1713
3068,1643,1685,1648
3069,1685,1643,1713
3070,1685,1658,1648
3071,1685,1712,1658
3072,1558,1579,1529
3073,1579,1563,1529
3074,1579,1591,1563
3075,1579,1612,1631
3076,1591,1579,1631
3077,1467,1504,1496
3078,1527,1504,1513
3079,1646,1678,1645
3080,1646,1615,1626
3081,1646,1626,1659
3082,1409,1447,1466
3083,1447,1484,1466
3084,1484,1447,1475
3085,1475,1447,1410
3086,1447,1409,1410
3087,1535,1567,1566
3088,1504,1535,1496
3089,1535,1504,1527
3090,1561,1535,1527
3091,1567,1535,1561
3092,1512,1548,1503
3093,1466,1512,1503
3094,1484,1512,1466
3095,1375,1364,1390
3096,1364,1391,1390
3097,1391,1364,1358
3098,1358,1364,1333
3099,1364,1375,1339
3100,1364,1303,1333
3101,1364,1339,1303
3102,1365,1358,1340
3103,1365,1391,1358
3104,1365,1340,1334
3105,1415,1436,1474
3106,1415,1381,1436
3107,1415,1397,1381
3108,1525,1472,1534
3109,1494,1472,1525
3110,1472,1494,1471
3111,1435,1472,1471
3112,1336,1306,1307
3113,1360,1336,1394
3114,1336,1360,1326
3115,1306,1336,1326
3116,1394,1336,1366
3117,1336,1311,1366
3118,1336,1307,1311
3119,1236,1246,1266
3120,1246,1236,1209
3121,1209,1236,1220
3122,1236,1254,1220
3123,1254,1236,1266
3124,1132,1112,1129
3125,1112,1105,1129
3126,1111,1112,1132
3127,1105,1112,1077
3128,1517,1551,1541
3129,1521,1551,1517
3130,1541,1551,1589
3131,1551,1606,1589
3132,1505,1521,1488
3133,1521,1505,1528
3134,1505,1428,1366
3135,1528,1505,1366
3136,451,476,464
3137,427,451,464
3138,476,451,477
3139,427,374,408
3140,329,374,344
3141,374,329,352
3142,526,562,582
3143,525,526,582
3144,562,526,518
3145,526,498,518
3146,526,525,498
3147,453,465,478
3148,482,453,478
3149,436,452,428
3150,411,436,428
3151,436,482,452
3152,436,453,482
3153,385,384,354
3154,385,411,384
3155,364,385,354
3156,385,364,393
3157,1618,1571,1598
3158,1618,1570,1571
3159,1619,1618,1598
3160,1570,1618,1611
3161,1618,1655,1611
3162,1729,1757,1733
3163,1757,1786,1785
3164,1757,1756,1733
3165,1756,1757,1785
3166,1786,1757,1787
3167,1757,1729,1787
3168,1666,1729,1733
3169,1706,1666,1654
3170,1729,1666,1706
3171,1666,1636,1654
3172,1666,1665,1636
3173,1664,1690,1705
3174,1665,1690,1664
3175,1690,1756,1705
3176,1756,1690,1733
3177,1690,1666,1733
3178,1666,1690,1665
3179,1368,1412,1386
3180,1412,1441,1386
3181,1412,1368,1380
3182,1406,1369,1407
3183,1406,1407,1444
3184,1453,1406,1444
3185,1511,1524,1538
3186,1523,1511,1538
3187,1490,1511,1523
3188,1499,1500,1524
3189,1499,1453,1500
3190,1511,1499,1524
3191,714,680,715
3192,714,713,680
3193,764,714,715
3194,788,714,764
3195,714,788,763
3196,713,714,763
3197,554,583,562
3198,618,554,551
3199,554,562,518
3200,554,519,551
3201,519,554,518
3202,659,618,645
3203,680,659,645
3204,659,713,707
3205,713,659,680
3206,730,692,725
3207,730,735,706
3208,735,730,760
3209,730,761,760
3210,761,730,725
3211,1207,1253,1216
3212,1253,1252,1216
3213,1252,1253,1281
3214,1253,1262,1281
3215,1320,1354,1319
3216,1372,1354,1320
3217,1354,1353,1319
3218,1354,1420,1353
3219,1262,1217,1258
3220,1217,1208,1258
3221,1253,1217,1262
3222,1217,1253,1207
3223,1208,1217,1168
3224,1168,1217,1181
3225,1217,1207,1181
3226,1250,1257,1279
3227,1257,1293,1279
3228,1302,1330,1315
3229,1331,1330,1302
3230,1330,1331,1370
3231,1330,1369,1315
3232,1369,1330,1370
3233,1387,1406,1432
3234,1387,1362,1369
3235,1406,1387,1369
3236,206,145,146
3237,145,139,122
3238,146,145,122
3239,463,434,456
3240,463,503,488
3241,503,463,456
3242,450,463,488
3243,434,463,450
3244,418,442,472
3245,442,492,472
3246,442,418,419
3247,448,442,419
3248,442,448,475
3249,492,442,475
3250,517,503,545
3251,503,517,488
3252,488,517,516
3253,569,517,545
3254,517,568,516
3255,517,569,568
3256,117,136,153
3257,91,117,120
3258,136,117,92
3259,117,91,92
3260,120,117,143
3261,174,117,153
3262,117,174,143
3263,322,353,363
3264,353,322,331
3265,353,331,384
3266,353,392,363
3267,353,384,392
3268,943,952,912
3269,988,952,943
3270,952,921,912
3271,921,952,944
3272,952,978,944
3273,978,979,1027
3274,979,1028,1027
3275,979,988,1028
3276,952,979,978
3277,979,952,988
3278,973,989,943
3279,989,988,943
3280,988,989,1029
3281,1029,989,1030
3282,989,973,1030
3283,1178,1177,1142
3284,1160,1178,1142
3285,1177,1178,1203
3286,1178,1160,1186
3287,961,960,935
3288,936,961,935
3289,972,961,936
3290,565,555,539
3291,565,546,570
3292,565,539,546
3293,589,565,570
3294,584,565,589
3295,555,565,584
3296,991,1020,1001
3297,991,963,953
3298,963,991,1001
3299,1020,991,1021
3300,1021,991,953
3301,1042,1056,1021
3302,1042,1011,1043
3303,1128,1093,1144
3304,1093,1128,1081
3305,1056,1093,1055
3306,1055,1093,1081
3307,1011,992,980
3308,992,938,980
3309,938,992,970
3310,1042,992,1011
3311,992,1021,970
3312,992,1042,1021
3313,277,285,334
3314,293,277,334
3315,285,277,242
3316,298,293,317
3317,297,298,317
3318,304,297,316
3319,276,304,309
3320,304,333,309
3321,304,316,333
3322,272,203,211
3323,272,226,203
3324,272,298,297
3325,225,240,266
3326,225,266,265
3327,216,225,265
3328,240,225,210
3329,225,157,210
3330,157,225,164
3331,225,216,164
3332,104,128,127
3333,128,156,127
3334,156,128,164
3335,128,104,97
3336,164,128,97
3337,479,480,501
3338,480,460,507
3339,501,480,507
3340,480,479,444
3341,460,480,429
3342,480,444,429
3343,387,444,414
3344,387,365,444
3345,387,413,386
3346,413,387,414
3347,387,386,296
3348,365,387,296
3349,1448,1504,1467
3350,1449,1448,1422
3351,1448,1449,1513
3352,1504,1448,1513
3353,1679,1646,1659
3354,1646,1679,1678
3355,1678,1679,1709
3356,1679,1762,1709
3357,1762,1679,1720
3358,1679,1659,1696
3359,1720,1679,1696
3360,1512,1565,1548
3361,1603,1565,1614
3362,1548,1565,1603
3363,1565,1615,1614
3364,1565,1575,1615
3365,1526,1484,1496
3366,1526,1512,1484
3367,1535,1526,1496
3368,1526,1535,1566
3369,1575,1526,1566
3370,1565,1526,1575
3371,1526,1565,1512
3372,1391,1377,1401
3373,1365,1377,1391
3374,1401,1377,1399
3375,1377,1365,1334
3376,1335,1377,1334
3377,1377,1335,1378
3378,1399,1377,1378
3379,1473,1495,1534
3380,1472,1473,1534
3381,1495,1473,1474
3382,1473,1415,1474
3383,1415,1473,1397
3384,1397,1473,1408
3385,1473,1435,1408
3386,1473,1472,1435
3387,1555,1528,1606
3388,1551,1555,1606
3389,1555,1521,1528
3390,1555,1551,1521
3391,1428,1468,1451
3392,1505,1468,1428
3393,1468,1488,1451
3394,1468,1505,1488
3395,451,443,477
3396,443,458,477
3397,443,427,408
3398,443,451,427
3399,443,408,409
3400,458,443,409
3401,374,383,408
3402,383,374,352
3403,383,352,370
3404,409,383,370
3405,408,383,409
3406,374,369,344
3407,344,369,343
3408,369,382,343
3409,423,385,393
3410,385,423,411
3411,423,436,411
3412,436,423,453
3413,1656,1619,1657
3414,1656,1618,1619
3415,1700,1656,1657
3416,1655,1656,1691
3417,1618,1656,1655
3418,1691,1656,1711
3419,1656,1700,1711
3420,1406,1443,1432
3421,1443,1406,1453
3422,1499,1443,1453
3423,1443,1499,1511
3424,583,608,582
3425,608,607,582
3426,608,629,607
3427,692,658,707
3428,658,659,707
3429,607,657,644
3430,629,657,607
3431,644,657,706
3432,658,657,629
3433,657,658,692
3434,657,730,706
3435,730,657,692
3436,1389,1434,1420
3437,1354,1389,1420
3438,1435,1389,1408
3439,1389,1435,1434
3440,1389,1372,1408
3441,1389,1354,1372
3442,1230,1257,1250
3443,1230,1250,1201
3444,1202,1230,1201
3445,1224,1230,1202
3446,145,182,139
3447,182,145,206
3448,182,206,210
3449,157,182,210
3450,182,157,139
3451,1204,1178,1186
3452,1225,1204,1186
3453,1204,1225,1231
3454,1203,1204,1231
3455,1178,1204,1203
3456,961,986,960
3457,986,1017,985
3458,960,986,985
3459,986,961,972
3460,1017,986,1034
3461,986,972,1034
3462,1076,1042,1043
3463,1076,1112,1111
3464,1112,1076,1077
3465,1077,1076,1044
3466,1076,1043,1044
3467,1110,1093,1056
3468,1042,1110,1056
3469,1093,1110,1144
3470,1110,1076,1111
3471,1076,1110,1042
3472,1110,1145,1144
3473,1145,1110,1111
3474,212,227,183
3475,227,211,183
3476,272,267,226
3477,267,272,297
3478,226,267,276
3479,267,304,276
3480,304,267,297
3481,1448,1437,1422
3482,1437,1448,1467
3483,1437,1391,1422
3484,1391,1437,1390
3485,1437,1398,1390
3486,1437,1467,1398
3487,397,374,427
3488,397,369,374
3489,369,397,382
3490,397,427,422
3491,382,397,422
3492,423,437,453
3493,453,437,465
3494,437,423,393
3495,437,412,438
3496,412,437,393
3497,1470,1511,1490
3498,1443,1470,1432
3499,1470,1443,1511
3500,1405,1412,1380
3501,1405,1431,1412
3502,1412,1442,1441
3503,1431,1442,1412
3504,1441,1442,1489
3505,1442,1498,1489
3506,625,608,583
3507,554,625,583
3508,625,554,618
3509,659,625,618
3510,608,625,629
3511,625,658,629
3512,658,625,659
3513,1251,1230,1224
3514,1230,1251,1257
3515,1251,1224,1280
3516,1293,1251,1280
3517,1257,1251,1293
3518,298,252,293
3519,272,252,298
3520,252,277,293
3521,252,272,211
3522,227,252,211
3523,242,241,212
3524,241,227,212
3525,241,252,227
3526,277,241,242
3527,252,241,277
3528,1405,1413,1431
3529,1470,1413,1432
3530,1413,1470,1431
3531,1413,1387,1432
3532,1413,1405,1380
3533,1362,1413,1380
3534,1387,1413,1362
3535,1469,1470,1490
3536,1498,1469,1490
3537,1442,1469,1498
3538,1470,1469,1431
3539,1469,1442,1431
3540,1171,1284,1350
3541,1284,1171,1238
3542,839,753,792
3543,753,839,827
3544,1379,1404,1403
3545,1404,1379,1376
3546,96,84,71
3547,71,84,34
3548,246,278,177
3549,218,246,177
3550,1727,1702,1728
3551,1702,1703,1728
3552,1486,1485,1460
3553,1485,1459,1460
3554,695,728,727
3555,728,695,696
3556,982,1012,981
3557,1012,982,1013
3558,930,896,883
3559,896,930,929
3560,931,957,956
3561,957,931,932
3562,483,484,508
3563,508,484,509
3564,718,748,717
3565,748,718,749
3566,805,811,789
3567,811,805,830
3568,405,373,400
3569,373,405,367
3570,997,998,1024
3571,1024,998,1025
3572,1058,1024,1025
3573,1058,1057,1024
3574,985,1016,1000
3575,1000,1016,1026
3576,611,622,647
3577,622,661,647
3578,1478,1454,1479
3579,1454,1455,1479
3580,1515,1550,1514
3581,1514,1550,1549
3582,1360,1385,1393
3583,1360,1393,1349
3584,1187,1126,1188
3585,1188,1126,1127
3586,1321,1322,1346
3587,1346,1322,1347
3588,1264,1226,1276
3589,1226,1245,1276
3590,1051,1089,1078
3591,1089,1051,1062
3592,639,666,638
3593,638,666,677
3594,1355,1382,1381
3595,1382,1355,1356
3596,1381,1382,1436
3597,1382,1421,1436
3598,223,264,258
3599,264,223,214
3600,946,962,899
3601,899,962,945
3602,963,915,922
3603,963,922,953
3604,1020,1056,1055
3605,1056,1020,1021
3606,964,1011,980
3607,1011,964,1035
3608,548,547,521
3609,522,548,521
3610,1760,1708,1749
3611,1708,1701,1749
3612,1579,1558,1580
3613,1579,1580,1612
3614,1615,1646,1614
3615,1646,1645,1614
3616,437,466,465
3617,466,437,438
