no.,vertice_idx1,vertice_idx2,vertice_idx3
0,55,232,204
1,182,206,192
2,32,42,85
3,53,98,85
4,53,55,204
5,98,53,204
6,259,232,260
7,242,257,260
8,205,242,187
9,198,206,182
10,232,218,204
11,20,32,85
12,20,85,52
13,16,20,52
14,85,88,52
15,42,45,85
16,45,53,85
17,257,258,260
18,258,259,260
19,259,258,257
20,205,207,210
21,208,207,205
22,195,208,205
23,208,195,225
24,215,205,210
25,215,242,205
26,162,180,182
27,180,193,182
28,193,180,190
29,198,203,206
30,218,203,204
31,137,182,192
32,95,71,77
33,54,57,52
34,91,54,52
35,53,49,55
36,188,205,187
37,188,169,205
38,109,148,175
39,259,231,232
40,226,231,259
41,203,214,206
42,214,203,218
43,248,226,259
44,195,194,225
45,206,194,192
46,194,206,225
47,216,208,225
48,215,227,242
49,122,127,77
50,122,162,182
51,112,197,124
52,111,112,124
53,112,98,204
54,197,112,204
55,196,198,182
56,193,196,182
57,197,196,190
58,196,193,190
59,201,203,198
60,134,146,139
61,130,134,139
62,134,130,123
63,146,171,163
64,171,180,162
65,163,171,162
66,153,163,162
67,153,146,163
68,71,93,109
69,95,93,71
70,1,16,0
71,1,10,16
72,20,28,32
73,2,1,0
74,28,33,32
75,33,28,10
76,33,42,32
77,89,90,91
78,90,89,88
79,89,91,52
80,88,89,52
81,98,92,85
82,90,92,98
83,92,88,85
84,92,90,88
85,43,41,39
86,44,45,42
87,44,43,45
88,41,44,42
89,44,41,43
90,47,43,39
91,223,231,226
92,223,218,232
93,231,223,232
94,206,213,225
95,213,248,225
96,248,213,226
97,220,214,218
98,223,220,218
99,220,223,226
100,213,220,226
101,220,213,214
102,253,248,259
103,253,254,252
104,135,148,109
105,118,135,109
106,216,211,208
107,211,207,208
108,222,216,225
109,216,222,224
110,217,211,216
111,221,216,224
112,227,221,224
113,221,217,216
114,122,81,87
115,122,133,127
116,137,133,182
117,133,122,182
118,138,122,87
119,146,138,139
120,112,101,98
121,104,112,111
122,104,107,91
123,104,101,112
124,199,201,198
125,196,199,198
126,199,196,197
127,200,197,204
128,200,199,197
129,199,200,201
130,180,186,190
131,134,129,146
132,197,129,124
133,129,134,123
134,108,111,124
135,107,108,124
136,108,104,111
137,104,108,107
138,114,95,77
139,93,97,109
140,57,56,52
141,56,58,52
142,1,5,10
143,10,21,16
144,28,21,10
145,21,20,16
146,21,28,20
147,2,3,1
148,9,3,2
149,39,38,31
150,36,37,42
151,33,36,42
152,36,33,35
153,36,34,37
154,34,36,35
155,33,29,35
156,25,34,23
157,83,80,116
158,80,64,116
159,64,54,91
160,48,19,51
161,48,47,19
162,48,49,53
163,47,48,53
164,45,46,53
165,46,47,53
166,43,46,45
167,47,46,43
168,179,177,188
169,173,187,175
170,184,188,187
171,184,179,188
172,173,184,187
173,214,209,206
174,209,213,206
175,213,209,214
176,255,259,257
177,255,253,259
178,253,255,254
179,251,253,252
180,253,251,248
181,249,251,252
182,251,249,248
183,164,159,169
184,135,144,148
185,144,150,148
186,150,144,135
187,159,151,152
188,222,229,224
189,229,235,224
190,235,229,236
191,227,238,242
192,234,227,224
193,235,234,224
194,234,238,227
195,238,234,235
196,212,217,215
197,217,212,211
198,212,215,210
199,207,212,210
200,211,212,207
201,219,221,227
202,221,219,217
203,219,227,215
204,217,219,215
205,79,122,77
206,79,81,122
207,81,84,87
208,84,81,75
209,136,138,87
210,136,83,116
211,83,136,87
212,136,116,123
213,130,136,123
214,136,130,139
215,138,136,139
216,122,147,162
217,138,147,122
218,147,153,162
219,153,147,146
220,147,138,146
221,96,104,91
222,104,96,101
223,101,96,98
224,96,90,98
225,90,96,91
226,201,202,203
227,200,202,201
228,203,202,204
229,202,200,204
230,181,171,146
231,129,181,146
232,181,129,197
233,181,197,190
234,186,181,190
235,171,181,180
236,181,186,180
237,116,115,123
238,64,115,116
239,107,115,91
240,115,64,91
241,117,107,124
242,129,117,124
243,117,115,107
244,117,129,123
245,115,117,123
246,185,137,192
247,170,189,195
248,185,189,183
249,189,194,195
250,185,178,137
251,178,185,183
252,114,102,95
253,102,100,95
254,100,102,103
255,127,120,77
256,120,114,77
257,170,128,137
258,94,93,95
259,100,94,95
260,160,159,152
261,160,195,205
262,169,160,205
263,159,160,169
264,56,60,58
265,60,62,58
266,62,60,63
267,9,7,19
268,7,9,2
269,7,2,0
270,19,7,51
271,26,9,19
272,27,26,31
273,26,39,31
274,47,26,19
275,26,47,39
276,25,13,14
277,13,25,23
278,17,13,23
279,3,4,1
280,4,3,14
281,13,4,14
282,3,15,14
283,15,3,9
284,15,25,14
285,25,15,27
286,15,26,27
287,26,15,9
288,38,40,37
289,37,40,42
290,40,41,42
291,41,40,39
292,40,38,39
293,11,5,8
294,5,11,10
295,22,17,23
296,34,22,23
297,25,30,34
298,30,38,37
299,38,30,31
300,34,30,37
301,30,27,31
302,30,25,27
303,54,59,57
304,64,59,54
305,59,56,57
306,50,48,51
307,48,50,49
308,55,50,51
309,49,50,55
310,188,172,169
311,177,172,188
312,148,156,175
313,156,173,175
314,250,249,252
315,254,250,252
316,250,254,242
317,245,250,242
318,250,245,247
319,249,246,248
320,256,255,257
321,255,256,254
322,242,256,257
323,254,256,242
324,154,150,135
325,151,154,135
326,164,154,159
327,154,151,159
328,71,78,77
329,78,79,77
330,73,66,75
331,81,73,75
332,79,73,81
333,78,73,79
334,73,78,71
335,86,83,87
336,84,86,87
337,66,68,75
338,194,191,192
339,191,185,192
340,189,191,194
341,191,189,185
342,174,189,170
343,189,174,183
344,174,178,183
345,174,170,137
346,178,174,137
347,120,121,114
348,128,121,120
349,132,133,137
350,128,132,137
351,131,151,135
352,142,160,152
353,141,142,152
354,160,142,143
355,142,105,143
356,99,105,97
357,99,97,93
358,99,100,103
359,105,99,103
360,94,99,93
361,99,94,100
362,5,12,8
363,17,12,5
364,22,12,17
365,6,5,1
366,4,6,1
367,6,4,13
368,6,17,5
369,6,13,17
370,18,11,8
371,12,18,8
372,18,12,22
373,83,74,80
374,67,59,64
375,60,67,63
376,67,60,56
377,59,67,56
378,67,70,63
379,67,74,70
380,67,64,80
381,74,67,80
382,167,177,179
383,244,246,247
384,245,244,247
385,65,73,71
386,73,65,66
387,58,65,71
388,76,74,83
389,74,76,70
390,61,68,66
391,65,61,66
392,62,61,58
393,61,65,58
394,102,106,103
395,110,106,102
396,106,105,103
397,113,102,114
398,113,110,102
399,126,128,120
400,126,132,128
401,126,120,127
402,133,126,127
403,132,126,133
404,145,141,152
405,145,131,141
406,151,145,152
407,131,145,151
408,97,125,109
409,125,118,109
410,125,135,118
411,125,131,135
412,24,22,29
413,24,18,22
414,18,24,11
415,11,24,10
416,24,33,10
417,24,29,33
418,166,167,179
419,156,166,173
420,167,166,156
421,165,172,177
422,167,165,177
423,240,245,242
424,240,235,236
425,238,240,242
426,240,238,235
427,246,243,248
428,244,243,246
429,239,243,244
430,248,243,225
431,243,239,225
432,82,86,84
433,76,82,84
434,86,82,83
435,82,76,83
436,69,61,62
437,61,69,68
438,68,69,75
439,69,84,75
440,69,76,84
441,149,106,110
442,105,149,143
443,106,149,105
444,149,160,143
445,149,161,160
446,168,170,195
447,160,168,195
448,161,168,160
449,142,140,105
450,105,140,97
451,140,125,97
452,140,142,141
453,131,140,141
454,125,140,131
455,176,166,179
456,166,176,173
457,184,176,179
458,176,184,173
459,150,158,148
460,154,158,150
461,158,154,164
462,165,158,172
463,158,164,169
464,172,158,169
465,157,167,156
466,157,165,167
467,157,156,148
468,158,157,148
469,157,158,165
470,241,244,245
471,240,241,245
472,241,239,244
473,241,240,236
474,237,241,236
475,228,222,225
476,72,62,63
477,72,69,62
478,70,72,63
479,76,72,70
480,69,72,76
481,155,149,110
482,149,155,161
483,113,155,110
484,155,168,161
485,155,128,170
486,168,155,170
487,228,230,222
488,230,228,237
489,230,229,222
490,229,230,236
491,230,237,236
492,228,233,237
493,233,241,237
494,241,233,239
495,239,233,225
496,233,228,225
497,155,119,128
498,119,155,113
499,119,113,114
500,121,119,114
501,119,121,128
502,22,34,35
503,29,22,35
504,250,246,249
505,246,250,247
