no.,vertice_idx1,vertice_idx2,vertice_idx3
0,11,201,46
1,201,11,254
2,348,287,254
3,25,62,23
4,77,91,89
5,201,135,46
6,135,201,159
7,11,4,0
8,431,348,254
9,11,431,254
10,348,431,409
11,339,287,348
12,406,400,409
13,406,411,405
14,411,406,409
15,286,276,287
16,237,201,254
17,57,59,62
18,113,162,89
19,91,113,89
20,447,446,448
21,417,414,418
22,412,416,423
23,416,424,423
24,135,99,46
25,94,117,109
26,141,117,132
27,4,1,0
28,431,421,409
29,14,6,15
30,6,14,16
31,17,6,16
32,6,17,23
33,6,23,0
34,3,6,0
35,52,51,40
36,287,324,296
37,339,324,287
38,287,263,254
39,276,263,287
40,262,263,276
41,379,348,409
42,400,379,409
43,255,283,162
44,283,344,89
45,162,283,89
46,224,207,225
47,416,420,424
48,410,414,417
49,365,358,357
50,364,365,372
51,365,364,358
52,365,373,372
53,90,94,109
54,90,69,94
55,88,75,87
56,99,88,87
57,44,58,56
58,58,75,56
59,58,44,46
60,51,55,40
61,99,65,46
62,65,99,87
63,65,58,46
64,75,65,87
65,58,65,75
66,118,119,132
67,117,118,132
68,201,177,159
69,177,181,159
70,181,177,201
71,180,184,165
72,184,179,165
73,9,4,11
74,9,5,4
75,7,6,3
76,2,1,4
77,5,2,4
78,2,5,3
79,2,3,0
80,1,2,0
81,415,411,409
82,421,415,409
83,437,441,445
84,439,441,437
85,162,161,172
86,179,164,165
87,164,156,165
88,6,12,15
89,31,32,40
90,12,24,15
91,24,12,19
92,32,24,19
93,24,32,31
94,52,70,51
95,70,55,51
96,69,70,94
97,55,70,69
98,268,286,267
99,286,268,276
100,268,262,276
101,252,237,254
102,263,252,254
103,262,252,263
104,379,360,348
105,347,339,348
106,332,347,340
107,295,287,296
108,295,286,287
109,226,248,241
110,217,226,225
111,226,241,225
112,232,252,243
113,252,232,237
114,232,221,237
115,221,232,220
116,188,180,174
117,233,255,162
118,202,233,162
119,257,245,258
120,245,257,244
121,212,207,224
122,207,212,196
123,197,207,196
124,197,179,184
125,424,427,423
126,428,427,424
127,414,419,418
128,419,415,421
129,426,421,431
130,426,419,421
131,422,428,424
132,422,420,417
133,420,422,424
134,422,417,418
135,354,338,352
136,336,332,340
137,337,345,341
138,342,338,354
139,342,328,330
140,328,342,337
141,402,398,403
142,410,408,414
143,414,408,411
144,411,408,405
145,413,416,412
146,413,420,416
147,420,413,417
148,413,410,417
149,359,365,357
150,33,25,23
151,112,99,135
152,120,112,135
153,148,149,174
154,148,141,132
155,148,156,141
156,180,148,174
157,156,148,165
158,148,180,165
159,119,133,132
160,149,175,174
161,175,188,174
162,188,175,181
163,181,175,159
164,151,120,135
165,175,151,159
166,106,117,94
167,106,118,117
168,70,106,94
169,10,9,11
170,9,10,5
171,443,438,446
172,444,443,446
173,444,447,445
174,447,444,446
175,442,441,439
176,441,442,445
177,442,444,445
178,444,442,443
179,76,77,62
180,76,91,77
181,59,76,62
182,78,76,59
183,110,113,91
184,86,85,68
185,69,86,68
186,90,86,69
187,14,26,16
188,26,14,15
189,39,31,40
190,55,39,40
191,50,69,68
192,39,50,34
193,50,55,69
194,50,39,55
195,75,71,56
196,71,52,56
197,71,70,52
198,88,71,75
199,259,248,243
200,268,259,262
201,259,268,267
202,252,259,243
203,259,252,262
204,371,360,379
205,391,379,400
206,391,389,379
207,389,382,379
208,395,398,386
209,398,395,403
210,413,404,410
211,404,408,410
212,375,377,386
213,369,377,375
214,362,361,352
215,361,354,352
216,361,369,354
217,355,349,356
218,347,349,340
219,349,347,356
220,363,367,362
221,355,363,362
222,363,356,374
223,363,355,356
224,347,333,339
225,333,324,339
226,333,323,324
227,333,347,332
228,333,332,322
229,323,333,322
230,241,250,225
231,247,261,253
232,247,250,261
233,250,247,225
234,231,232,243
235,232,231,220
236,248,231,243
237,226,231,248
238,210,221,220
239,188,210,220
240,237,210,201
241,221,210,237
242,210,181,201
243,210,188,181
244,188,193,180
245,184,193,217
246,180,193,184
247,270,282,281
248,282,270,264
249,270,269,258
250,293,289,305
251,289,299,305
252,279,293,283
253,293,279,289
254,233,234,255
255,273,283,255
256,273,279,283
257,257,256,244
258,234,256,255
259,256,234,244
260,256,273,255
261,273,256,257
262,161,173,172
263,240,247,253
264,264,246,260
265,197,213,207
266,213,217,225
267,207,213,225
268,261,266,253
269,266,265,253
270,430,427,428
271,430,433,435
272,433,430,428
273,429,426,431
274,429,433,428
275,433,436,435
276,436,439,437
277,435,436,437
278,436,438,439
279,338,343,352
280,343,338,335
281,336,343,335
282,332,326,322
283,336,326,332
284,326,336,335
285,328,321,330
286,358,350,357
287,350,345,357
288,345,350,341
289,341,350,344
290,351,345,337
291,342,351,337
292,345,351,357
293,351,359,357
294,351,342,354
295,359,351,354
296,401,398,402
297,401,402,412
298,401,412,423
299,385,373,375
300,385,375,386
301,366,373,365
302,359,366,365
303,373,366,375
304,366,369,375
305,369,366,354
306,366,359,354
307,33,29,25
308,29,37,57
309,29,57,62
310,25,29,62
311,104,112,120
312,88,104,103
313,104,120,103
314,104,88,99
315,112,104,99
316,152,135,159
317,151,152,159
318,152,151,135
319,150,175,149
320,150,151,175
321,118,107,119
322,106,107,118
323,107,106,70
324,5,8,3
325,10,8,5
326,8,7,3
327,21,8,10
328,438,440,439
329,440,438,443
330,440,442,439
331,442,440,443
332,76,92,91
333,92,76,78
334,92,114,121
335,92,78,95
336,114,92,95
337,92,110,91
338,110,92,121
339,129,110,121
340,129,161,162
341,113,129,162
342,110,129,113
343,164,145,156
344,140,145,164
345,156,145,141
346,101,90,109
347,101,86,90
348,127,101,109
349,53,54,63
350,37,53,57
351,67,41,48
352,41,67,64
353,28,32,19
354,28,52,40
355,32,28,40
356,22,10,11
357,22,21,10
358,12,13,19
359,7,13,6
360,13,12,6
361,8,13,7
362,13,8,21
363,17,27,23
364,27,33,23
365,27,41,33
366,24,30,15
367,30,26,15
368,30,24,31
369,26,30,34
370,39,30,31
371,30,39,34
372,102,88,103
373,102,71,88
374,107,102,119
375,71,102,70
376,102,107,70
377,133,102,103
378,102,133,119
379,371,353,360
380,347,353,356
381,353,371,374
382,356,353,374
383,360,353,348
384,353,347,348
385,396,395,386
386,396,383,397
387,404,396,397
388,395,396,403
389,396,404,403
390,404,407,403
391,407,404,413
392,407,413,412
393,402,407,412
394,407,402,403
395,382,381,374
396,381,378,374
397,381,382,389
398,377,380,386
399,380,396,386
400,396,380,383
401,383,380,376
402,380,377,369
403,346,349,355
404,346,362,352
405,346,355,362
406,343,346,352
407,346,343,336
408,346,336,340
409,349,346,340
410,363,368,367
411,367,368,376
412,368,378,376
413,378,368,374
414,368,363,374
415,314,315,323
416,323,315,324
417,251,259,267
418,259,251,248
419,248,251,241
420,251,250,241
421,193,214,217
422,231,214,220
423,214,188,220
424,214,193,188
425,214,226,217
426,214,231,226
427,271,264,260
428,271,282,264
429,265,271,260
430,271,290,282
431,279,280,289
432,280,299,289
433,222,233,202
434,211,222,202
435,222,211,223
436,228,234,223
437,234,228,244
438,228,245,244
439,272,273,257
440,273,272,279
441,269,272,258
442,272,257,258
443,280,272,269
444,272,280,279
445,203,211,202
446,183,178,164
447,183,164,179
448,183,197,196
449,197,183,179
450,155,140,164
451,178,155,164
452,236,240,224
453,240,236,247
454,236,224,225
455,247,236,225
456,246,249,260
457,249,246,235
458,270,242,264
459,242,246,264
460,242,270,258
461,246,230,235
462,432,430,435
463,430,432,427
464,432,435,437
465,432,437,423
466,427,432,423
467,429,425,426
468,419,425,418
469,426,425,419
470,425,429,428
471,425,422,418
472,422,425,428
473,438,434,431
474,436,434,438
475,434,436,433
476,434,429,431
477,429,434,433
478,312,313,322
479,326,312,322
480,321,331,330
481,331,342,330
482,342,331,338
483,321,301,311
484,301,321,328
485,338,329,335
486,331,329,338
487,329,331,321
488,298,285,286
489,295,298,286
490,298,314,313
491,314,298,295
492,398,393,386
493,393,385,386
494,401,393,398
495,384,364,372
496,373,384,372
497,385,384,373
498,120,134,103
499,134,133,103
500,151,134,120
501,150,134,151
502,129,153,161
503,153,129,121
504,157,173,161
505,153,157,161
506,114,130,121
507,130,153,121
508,128,117,141
509,145,128,141
510,117,128,109
511,128,127,109
512,127,128,140
513,128,145,140
514,111,101,127
515,54,60,63
516,60,61,73
517,82,66,63
518,66,53,63
519,53,66,57
520,66,59,57
521,66,78,59
522,82,105,95
523,105,82,100
524,105,114,95
525,72,82,63
526,72,60,73
527,60,72,63
528,82,72,100
529,85,74,68
530,74,48,68
531,74,67,48
532,96,116,100
533,67,80,64
534,80,74,85
535,74,80,67
536,29,49,37
537,49,29,33
538,61,49,64
539,41,49,33
540,49,41,64
541,79,61,64
542,80,79,64
543,52,42,56
544,28,42,52
545,42,28,21
546,35,11,46
547,35,22,11
548,44,35,46
549,22,35,44
550,28,20,21
551,20,13,21
552,20,28,19
553,13,20,19
554,36,26,34
555,36,27,26
556,50,36,34
557,26,18,16
558,27,18,26
559,18,17,16
560,18,27,17
561,370,367,376
562,380,370,376
563,370,380,369
564,361,370,369
565,367,370,362
566,370,361,362
567,304,314,295
568,304,315,314
569,304,295,296
570,324,304,296
571,315,304,324
572,251,275,250
573,275,251,267
574,286,275,267
575,285,275,286
576,284,271,265
577,266,284,265
578,290,284,291
579,284,290,271
580,283,316,344
581,299,306,305
582,306,316,305
583,316,306,317
584,334,341,344
585,334,337,341
586,308,306,299
587,306,308,317
588,185,203,202
589,185,186,203
590,192,183,196
591,183,192,178
592,192,195,178
593,212,192,196
594,195,192,212
595,195,191,178
596,163,155,178
597,163,191,171
598,191,163,178
599,143,158,139
600,227,239,235
601,239,227,240
602,239,249,235
603,249,239,260
604,239,240,253
605,239,265,260
606,265,239,253
607,198,208,218
608,204,198,218
609,204,228,223
610,228,204,218
611,211,204,223
612,203,204,211
613,204,186,187
614,186,204,203
615,245,238,258
616,238,242,258
617,238,228,218
618,228,238,245
619,242,229,246
620,229,230,246
621,238,229,242
622,229,238,218
623,208,229,218
624,230,229,209
625,229,208,209
626,393,392,385
627,392,384,385
628,392,393,401
629,392,445,344
630,364,392,344
631,384,392,364
632,392,437,445
633,437,392,423
634,392,401,423
635,167,157,137
636,167,138,168
637,138,167,137
638,187,167,168
639,186,167,187
640,185,167,186
641,157,167,173
642,167,185,173
643,157,146,137
644,146,157,153
645,146,130,137
646,130,146,153
647,47,60,54
648,47,53,37
649,53,47,54
650,66,81,78
651,81,66,82
652,78,81,95
653,81,82,95
654,83,72,73
655,72,83,100
656,83,96,100
657,143,125,126
658,125,143,139
659,108,96,93
660,108,116,96
661,147,124,139
662,124,147,131
663,116,124,131
664,124,125,139
665,108,124,116
666,124,108,125
667,98,80,85
668,86,98,85
669,98,111,126
670,101,98,86
671,111,98,101
672,49,45,37
673,45,49,61
674,45,47,37
675,60,45,61
676,47,45,60
677,61,84,73
678,79,84,61
679,84,83,73
680,84,79,93
681,96,84,93
682,83,84,96
683,43,42,21
684,43,22,44
685,22,43,21
686,43,44,56
687,42,43,56
688,36,38,27
689,41,38,48
690,27,38,41
691,38,36,50
692,48,38,68
693,38,50,68
694,388,381,389
695,381,388,378
696,408,399,405
697,404,399,408
698,399,404,397
699,390,399,397
700,316,327,344
701,327,316,317
702,327,334,344
703,297,308,299
704,297,280,281
705,280,297,299
706,282,297,281
707,290,297,282
708,300,297,290
709,297,300,308
710,334,325,337
711,308,325,317
712,325,327,317
713,327,325,334
714,189,185,202
715,185,189,173
716,173,189,172
717,189,162,172
718,189,202,162
719,144,143,126
720,144,158,143
721,190,204,187
722,204,190,198
723,190,187,168
724,169,190,168
725,191,194,171
726,194,182,171
727,199,208,198
728,170,147,139
729,170,160,147
730,319,312,326
731,319,302,312
732,302,303,312
733,312,303,313
734,303,298,313
735,298,303,285
736,301,288,311
737,115,105,100
738,115,123,105
739,123,115,131
740,115,116,131
741,116,115,100
742,123,122,105
743,105,122,114
744,122,130,114
745,130,122,137
746,108,97,125
747,125,97,126
748,97,98,126
749,98,97,80
750,97,108,93
751,79,97,93
752,97,79,80
753,388,387,378
754,387,383,376
755,378,387,376
756,387,388,390
757,383,387,397
758,387,390,397
759,391,394,389
760,388,394,390
761,394,388,389
762,394,391,400
763,394,399,390
764,399,394,405
765,394,406,405
766,406,394,400
767,320,328,337
768,325,320,337
769,205,191,195
770,205,194,191
771,216,195,212
772,216,212,224
773,216,205,195
774,205,216,215
775,215,216,227
776,240,216,224
777,227,216,240
778,219,227,235
779,219,215,227
780,219,230,209
781,230,219,235
782,136,144,126
783,155,136,140
784,111,136,126
785,136,127,140
786,136,111,127
787,144,154,158
788,154,163,171
789,158,154,171
790,163,154,155
791,154,136,155
792,136,154,144
793,160,142,147
794,147,142,131
795,138,142,168
796,123,142,138
797,142,123,131
798,142,169,168
799,142,160,169
800,194,200,182
801,200,199,182
802,208,200,209
803,199,200,208
804,166,158,171
805,182,166,171
806,170,166,182
807,158,166,139
808,166,170,139
809,160,176,169
810,170,176,160
811,176,170,182
812,190,176,198
813,176,190,169
814,176,199,198
815,199,176,182
816,319,307,302
817,288,307,311
818,274,284,266
819,274,266,261
820,292,288,301
821,292,301,291
822,284,292,291
823,274,292,284
824,292,274,288
825,310,301,328
826,320,310,328
827,301,310,291
828,310,290,291
829,310,300,290
830,309,325,308
831,309,320,325
832,309,310,320
833,300,309,308
834,310,309,300
835,206,205,215
836,219,206,215
837,205,206,194
838,206,219,209
839,200,206,209
840,206,200,194
841,318,307,319
842,318,329,321
843,318,321,311
844,307,318,311
845,329,318,335
846,318,326,335
847,318,319,326
848,277,274,261
849,250,277,261
850,274,277,288
851,275,278,250
852,278,277,250
853,278,275,285
854,277,294,288
855,307,294,302
856,294,307,288
857,278,294,277
858,294,278,285
859,303,294,285
860,294,303,302
861,415,419,411
862,419,414,411
863,148,133,149
864,133,148,132
865,382,371,379
866,371,382,374
867,314,323,322
868,313,314,322
869,213,197,184
870,213,184,217
871,364,350,358
872,350,364,344
873,270,280,269
874,280,270,281
875,222,234,233
876,234,222,223
877,133,134,149
878,134,150,149
879,293,316,283
880,316,293,305
881,122,123,138
882,122,138,137
