no.,vertice_idx1,vertice_idx2,vertice_idx3
0,78,51,143
1,143,265,225
2,199,242,116
3,128,199,116
4,196,143,225
5,196,175,143
6,278,274,276
7,198,208,190
8,227,209,208
9,199,209,242
10,209,227,242
11,142,126,143
12,126,102,143
13,21,0,38
14,67,110,47
15,49,44,51
16,44,49,36
17,67,68,78
18,78,68,51
19,265,262,225
20,280,281,284
21,0,1,5
22,1,7,5
23,1,2,7
24,121,128,116
25,93,121,116
26,123,135,129
27,128,144,155
28,137,127,129
29,137,144,127
30,175,163,143
31,163,142,143
32,88,78,143
33,102,88,143
34,31,21,38
35,10,9,0
36,9,1,0
37,49,39,36
38,43,39,49
39,20,44,10
40,20,10,0
41,44,20,51
42,21,20,0
43,56,49,51
44,68,56,51
45,56,43,49
46,196,193,175
47,268,265,276
48,274,268,276
49,281,283,284
50,283,282,284
51,33,41,32
52,12,11,5
53,11,12,32
54,181,191,187
55,200,191,201
56,25,17,47
57,17,25,7
58,17,35,47
59,26,35,15
60,35,67,47
61,2,8,7
62,35,8,15
63,3,8,2
64,8,3,15
65,3,26,15
66,27,3,28
67,3,27,26
68,103,121,93
69,144,103,127
70,121,103,128
71,103,144,128
72,185,171,158
73,135,140,129
74,140,137,129
75,137,140,158
76,171,157,158
77,137,157,144
78,157,137,158
79,144,157,155
80,83,89,93
81,127,122,129
82,122,123,129
83,280,257,266
84,242,257,116
85,257,280,116
86,257,261,266
87,261,257,254
88,249,246,254
89,249,257,242
90,257,249,254
91,246,247,254
92,247,232,238
93,232,247,246
94,247,261,254
95,223,227,208
96,198,216,208
97,216,223,208
98,243,249,242
99,243,232,246
100,249,243,246
101,142,149,134
102,163,149,142
103,37,31,38
104,143,37,38
105,51,37,143
106,21,30,24
107,31,30,21
108,24,30,51
109,30,37,51
110,37,30,31
111,44,29,10
112,29,9,10
113,29,44,36
114,9,29,36
115,101,88,102
116,101,102,126
117,101,67,78
118,88,101,78
119,111,110,67
120,107,111,67
121,110,111,134
122,118,142,134
123,142,118,126
124,111,118,134
125,118,111,107
126,110,106,47
127,106,100,47
128,139,130,152
129,39,16,36
130,16,9,36
131,9,16,1
132,1,16,2
133,19,39,43
134,19,16,39
135,16,19,2
136,23,24,51
137,20,23,51
138,48,28,45
139,48,27,28
140,27,48,26
141,35,48,67
142,48,35,26
143,55,68,67
144,55,56,68
145,48,55,67
146,215,204,184
147,167,204,203
148,214,204,215
149,262,230,225
150,212,215,184
151,230,212,225
152,212,196,225
153,212,193,196
154,156,163,175
155,193,156,175
156,156,149,163
157,149,156,134
158,220,200,201
159,272,268,274
160,230,244,237
161,244,230,262
162,260,262,265
163,268,260,265
164,277,283,281
165,283,277,282
166,280,277,281
167,275,277,280
168,277,275,267
169,275,270,258
170,273,280,266
171,273,275,280
172,270,273,266
173,273,270,275
174,12,13,32
175,13,33,32
176,7,13,5
177,13,12,5
178,41,52,32
179,58,52,41
180,11,6,5
181,6,22,93
182,159,139,152
183,139,159,138
184,159,172,138
185,120,133,113
186,97,120,113
187,133,141,148
188,172,141,138
189,141,172,148
190,141,120,138
191,120,141,133
192,151,132,148
193,132,133,148
194,133,132,113
195,191,197,187
196,197,191,200
197,197,198,187
198,197,216,198
199,216,197,200
200,131,135,123
201,33,34,41
202,41,34,47
203,34,25,47
204,25,34,7
205,34,13,7
206,13,34,33
207,14,17,7
208,8,14,7
209,14,35,17
210,14,8,35
211,89,95,93
212,95,103,93
213,169,199,128
214,169,180,199
215,169,128,155
216,180,169,171
217,157,169,155
218,169,157,171
219,180,189,199
220,189,180,171
221,185,189,171
222,161,150,147
223,151,161,147
224,161,151,181
225,161,165,150
226,176,185,158
227,164,176,158
228,185,176,190
229,176,198,190
230,176,165,177
231,165,176,164
232,198,176,187
233,176,177,187
234,145,164,158
235,140,145,158
236,145,140,135
237,131,145,135
238,145,131,150
239,165,145,150
240,145,165,164
241,83,90,89
242,122,90,123
243,123,90,80
244,90,83,80
245,247,251,261
246,223,226,232
247,216,226,223
248,232,226,238
249,231,223,232
250,243,231,232
251,223,231,227
252,227,231,242
253,231,243,242
254,108,107,67
255,101,108,67
256,108,118,107
257,108,101,126
258,118,108,126
259,117,130,139
260,153,167,152
261,130,153,152
262,18,43,45
263,18,19,43
264,28,18,45
265,3,18,28
266,50,48,45
267,50,55,48
268,55,50,56
269,43,50,45
270,56,50,43
271,236,245,229
272,244,236,237
273,245,236,244
274,222,230,237
275,212,222,215
276,222,212,230
277,195,212,184
278,212,195,193
279,250,275,258
280,275,250,267
281,206,218,217
282,211,210,201
283,210,211,221
284,210,220,201
285,220,210,221
286,271,272,274
287,277,271,274
288,271,277,267
289,269,271,267
290,271,269,272
291,256,260,253
292,245,256,253
293,256,245,244
294,256,244,262
295,260,256,262
296,260,259,253
297,259,260,268
298,277,279,282
299,279,278,284
300,282,279,284
301,279,274,278
302,279,277,274
303,261,263,266
304,263,270,266
305,270,263,258
306,263,251,258
307,251,263,261
308,53,52,58
309,77,85,92
310,85,87,98
311,65,41,47
312,65,58,41
313,172,162,148
314,179,162,172
315,151,166,181
316,166,162,179
317,166,151,148
318,162,166,148
319,159,186,172
320,167,173,152
321,173,159,152
322,173,186,159
323,173,167,203
324,186,173,203
325,114,97,92
326,114,120,97
327,114,139,138
328,120,114,138
329,114,85,98
330,85,114,92
331,114,117,139
332,79,75,84
333,83,76,80
334,76,79,80
335,79,76,75
336,59,66,63
337,42,59,22
338,66,72,63
339,75,72,84
340,72,66,84
341,40,42,22
342,6,40,22
343,40,6,11
344,40,11,32
345,52,40,32
346,119,125,123
347,125,131,123
348,132,105,113
349,124,105,132
350,124,136,119
351,136,125,119
352,125,136,131
353,150,136,147
354,131,136,150
355,136,124,132
356,136,151,147
357,136,132,151
358,94,97,113
359,81,77,92
360,97,81,92
361,94,81,97
362,81,94,86
363,103,112,127
364,95,112,103
365,112,122,127
366,112,95,89
367,90,112,89
368,112,90,122
369,189,194,199
370,194,189,185
371,194,209,199
372,194,185,190
373,208,194,190
374,209,194,208
375,165,178,177
376,178,165,161
377,178,161,181
378,178,181,187
379,177,178,187
380,251,255,258
381,255,250,258
382,250,255,248
383,219,226,216
384,219,216,200
385,220,219,200
386,226,219,238
387,117,115,130
388,106,115,100
389,115,110,134
390,115,106,110
391,154,153,130
392,4,3,2
393,4,18,3
394,19,4,2
395,18,4,19
396,213,236,229
397,218,213,229
398,224,214,215
399,236,224,237
400,224,222,237
401,222,224,215
402,235,218,229
403,218,235,217
404,240,250,248
405,239,240,248
406,211,205,217
407,205,206,217
408,205,186,206
409,206,207,218
410,213,207,203
411,207,213,218
412,207,186,203
413,186,207,206
414,264,269,267
415,259,264,267
416,264,259,268
417,272,264,268
418,269,264,272
419,53,46,52
420,46,40,52
421,40,46,42
422,42,46,54
423,46,53,54
424,82,85,77
425,82,87,85
426,82,65,47
427,100,82,47
428,87,82,100
429,99,87,100
430,115,99,100
431,99,115,117
432,166,182,181
433,182,191,181
434,182,179,188
435,182,166,179
436,182,188,201
437,191,182,201
438,186,183,172
439,183,179,172
440,205,183,186
441,71,83,93
442,71,76,83
443,71,59,63
444,72,71,63
445,22,71,93
446,59,71,22
447,76,71,75
448,71,72,75
449,57,42,54
450,57,59,42
451,104,124,119
452,104,105,124
453,79,104,119
454,105,96,113
455,96,94,113
456,94,96,86
457,81,73,77
458,241,255,251
459,255,241,248
460,241,239,248
461,241,247,238
462,241,251,247
463,153,170,167
464,154,170,153
465,170,174,184
466,204,170,184
467,170,204,167
468,250,252,267
469,252,259,267
470,259,252,253
471,252,245,253
472,245,252,229
473,252,235,229
474,228,240,239
475,228,220,221
476,211,228,221
477,202,205,211
478,188,202,201
479,202,211,201
480,202,183,205
481,109,99,117
482,109,114,98
483,114,109,117
484,87,109,98
485,99,109,87
486,91,79,84
487,91,104,79
488,104,91,105
489,91,96,105
490,86,91,84
491,96,91,86
492,73,74,77
493,74,73,65
494,74,82,77
495,82,74,65
496,65,64,58
497,73,64,65
498,61,57,54
499,69,81,86
500,66,69,84
501,69,86,84
502,219,233,238
503,233,241,238
504,233,219,220
505,241,233,239
506,228,233,220
507,233,228,239
508,168,195,184
509,174,168,184
510,168,156,193
511,195,168,193
512,156,168,134
513,252,234,235
514,235,234,217
515,240,234,250
516,234,252,250
517,228,234,240
518,234,211,217
519,234,228,211
520,192,202,188
521,202,192,183
522,179,192,188
523,183,192,179
524,62,53,58
525,64,62,58
526,53,62,54
527,62,61,54
528,62,69,61
529,59,60,66
530,60,69,66
531,69,60,61
532,57,60,59
533,61,60,57
534,70,73,81
535,69,70,81
536,62,70,69
537,70,64,73
538,70,62,64
539,168,146,134
540,146,154,130
541,146,115,134
542,115,146,130
543,160,168,174
544,160,146,168
545,146,160,154
546,160,170,154
547,170,160,174
548,23,20,21
549,23,21,24
550,79,119,123
551,79,123,80
552,214,213,204
553,204,213,203
554,224,213,214
555,213,224,236
