no.,vertice_idx1,vertice_idx2,vertice_idx3
0,526,286,270
1,286,526,360
2,242,286,360
3,11,54,235
4,463,508,473
5,526,456,360
6,508,456,526
7,463,456,508
8,176,163,133
9,264,242,360
10,403,392,411
11,242,231,286
12,231,210,286
13,231,188,210
14,200,176,270
15,503,508,510
16,508,517,510
17,521,517,508
18,525,508,526
19,525,521,508
20,523,528,524
21,456,402,360
22,392,402,411
23,402,429,411
24,429,402,456
25,429,451,428
26,451,429,456
27,451,463,455
28,451,456,463
29,243,259,235
30,236,243,235
31,132,112,133
32,163,132,133
33,193,163,176
34,200,193,176
35,193,200,210
36,293,310,320
37,281,293,320
38,376,385,353
39,343,376,353
40,310,337,320
41,349,354,369
42,210,181,182
43,188,181,210
44,181,188,153
45,231,205,188
46,286,269,270
47,269,200,270
48,210,269,286
49,200,269,210
50,11,30,54
51,522,517,524
52,527,528,531
53,528,527,524
54,527,522,524
55,457,468,452
56,468,457,462
57,474,468,462
58,451,438,428
59,438,451,455
60,503,504,508
61,504,503,498
62,508,504,473
63,503,499,498
64,499,503,510
65,525,530,521
66,530,526,532
67,530,525,526
68,520,517,521
69,523,520,521
70,517,520,524
71,520,523,524
72,359,392,369
73,359,402,392
74,402,359,360
75,354,359,369
76,337,359,354
77,359,310,360
78,359,337,310
79,417,429,428
80,417,403,411
81,429,417,411
82,163,192,182
83,193,192,163
84,192,210,182
85,192,193,210
86,86,77,54
87,90,77,86
88,129,143,107
89,277,293,281
90,293,277,275
91,326,279,320
92,279,326,285
93,353,352,336
94,385,352,353
95,385,395,394
96,381,392,403
97,376,381,403
98,392,381,369
99,399,376,403
100,376,399,385
101,399,395,385
102,335,337,354
103,349,335,354
104,337,335,320
105,258,278,292
106,258,295,260
107,295,258,292
108,304,295,292
109,295,304,309
110,188,187,153
111,205,187,188
112,30,65,54
113,25,23,11
114,23,30,11
115,436,468,287
116,513,514,516
117,527,513,516
118,513,474,512
119,474,513,531
120,513,527,531
121,509,499,510
122,511,513,512
123,513,511,514
124,522,518,517
125,466,471,478
126,466,449,450
127,482,495,474
128,391,384,394
129,384,385,394
130,372,391,378
131,372,384,391
132,461,463,473
133,463,461,455
134,484,471,480
135,419,430,418
136,419,391,394
137,471,481,478
138,490,481,488
139,481,484,488
140,484,481,471
141,499,491,498
142,479,485,480
143,529,523,521
144,530,529,521
145,529,530,532
146,523,529,528
147,529,532,531
148,528,529,531
149,255,265,287
150,265,255,236
151,259,255,287
152,243,255,259
153,255,243,236
154,216,265,236
155,189,216,235
156,216,236,235
157,265,306,287
158,306,321,287
159,328,323,307
160,323,328,350
161,132,126,112
162,89,69,112
163,69,89,85
164,126,89,112
165,91,101,86
166,101,90,86
167,143,128,107
168,128,91,107
169,152,128,143
170,128,152,134
171,128,101,91
172,90,127,117
173,154,127,134
174,90,100,77
175,100,90,117
176,77,100,54
177,173,130,174
178,130,173,129
179,212,178,201
180,282,293,275
181,293,282,310
182,310,282,360
183,282,264,360
184,280,281,320
185,279,280,320
186,130,155,174
187,373,352,385
188,373,358,352
189,384,373,385
190,358,373,351
191,349,368,343
192,368,376,343
193,368,381,376
194,368,349,369
195,381,368,369
196,334,326,320
197,335,334,320
198,326,334,343
199,334,349,343
200,334,335,349
201,304,322,309
202,326,305,285
203,305,278,285
204,305,304,292
205,278,305,292
206,274,254,260
207,342,358,351
208,352,342,336
209,358,342,352
210,342,322,336
211,342,308,309
212,322,342,309
213,333,342,351
214,342,333,308
215,239,278,258
216,239,279,285
217,278,239,285
218,308,291,309
219,291,295,309
220,290,291,308
221,295,291,260
222,291,274,260
223,291,290,274
224,208,205,231
225,187,148,153
226,198,209,214
227,135,119,158
228,119,144,158
229,264,241,242
230,226,241,264
231,246,226,264
232,6,3,0
233,3,1,0
234,1,2,0
235,17,25,11
236,17,11,12
237,18,17,12
238,65,64,54
239,64,86,54
240,91,92,107
241,444,436,434
242,468,444,452
243,436,444,468
244,499,507,497
245,509,507,499
246,507,509,514
247,511,507,514
248,519,518,522
249,519,527,516
250,527,519,522
251,517,515,510
252,518,515,517
253,515,509,510
254,514,515,516
255,509,515,514
256,515,519,516
257,519,515,518
258,453,459,446
259,459,453,465
260,430,439,418
261,449,439,430
262,439,453,446
263,453,439,449
264,475,459,465
265,482,483,495
266,387,401,398
267,391,390,378
268,390,387,378
269,387,390,401
270,364,331,332
271,315,339,332
272,365,372,378
273,365,339,340
274,372,367,384
275,373,367,351
276,367,373,384
277,484,492,488
278,440,443,450
279,449,440,450
280,440,449,430
281,441,438,455
282,414,419,394
283,395,414,394
284,454,441,455
285,441,454,443
286,486,485,479
287,491,486,473
288,486,479,473
289,487,484,480
290,485,487,480
291,487,492,484
292,408,409,422
293,265,250,307
294,250,296,307
295,323,311,307
296,311,323,321
297,306,311,321
298,311,265,307
299,311,306,265
300,366,344,350
301,344,323,350
302,323,344,321
303,321,344,287
304,344,436,287
305,344,396,436
306,344,366,379
307,396,344,379
308,288,271,272
309,276,288,272
310,288,276,312
311,169,189,235
312,54,169,235
313,100,169,54
314,190,194,228
315,169,190,189
316,190,169,194
317,324,327,312
318,327,317,312
319,345,328,346
320,328,345,350
321,374,345,346
322,345,374,379
323,366,345,379
324,345,366,350
325,296,313,307
326,313,328,307
327,120,126,141
328,140,120,141
329,120,89,126
330,149,126,132
331,149,163,182
332,149,132,163
333,126,149,141
334,73,69,85
335,47,176,133
336,112,47,133
337,69,47,112
338,101,118,90
339,118,127,90
340,127,118,134
341,118,128,134
342,128,118,101
343,169,122,142
344,122,169,100
345,129,172,143
346,173,172,129
347,222,207,212
348,207,178,212
349,207,222,221
350,151,127,154
351,127,151,117
352,262,282,275
353,262,234,240
354,234,262,275
355,245,262,240
356,234,230,214
357,198,230,158
358,230,198,214
359,124,155,130
360,325,305,326
361,325,343,353
362,325,326,343
363,325,353,336
364,322,325,336
365,325,322,304
366,305,325,304
367,300,273,301
368,273,300,299
369,300,315,299
370,212,229,249
371,229,212,201
372,254,268,238
373,268,254,274
374,273,268,301
375,290,268,274
376,319,331,330
377,341,333,351
378,333,297,308
379,297,290,308
380,268,297,301
381,297,268,290
382,239,197,174
383,197,173,174
384,197,224,202
385,224,197,239
386,230,157,158
387,157,135,158
388,131,109,125
389,198,191,209
390,103,136,147
391,115,135,114
392,115,119,135
393,121,119,104
394,119,121,144
395,144,121,147
396,103,121,104
397,121,103,147
398,31,23,25
399,23,31,30
400,75,65,30
401,75,92,65
402,215,241,226
403,246,225,226
404,10,18,12
405,11,10,12
406,2,10,11
407,33,17,18
408,78,64,65
409,78,92,91
410,92,78,65
411,78,91,86
412,64,78,86
413,396,386,388
414,374,386,379
415,386,396,379
416,457,458,462
417,447,458,457
418,458,447,442
419,459,448,446
420,425,448,442
421,458,448,459
422,448,458,442
423,453,460,465
424,460,466,478
425,460,449,466
426,460,453,449
427,477,460,478
428,460,477,465
429,481,477,478
430,483,477,481
431,489,481,490
432,489,483,481
433,483,489,495
434,387,375,378
435,375,365,378
436,375,364,332
437,339,375,332
438,365,375,339
439,389,387,398
440,375,389,364
441,389,375,387
442,404,390,391
443,404,419,418
444,419,404,391
445,390,404,401
446,331,356,330
447,356,331,364
448,357,365,340
449,365,357,372
450,341,357,340
451,357,367,372
452,367,357,351
453,357,341,351
454,474,506,512
455,495,506,474
456,507,502,497
457,502,507,511
458,502,492,497
459,416,414,395
460,431,440,430
461,419,431,430
462,414,431,419
463,467,461,473
464,493,491,499
465,493,486,491
466,486,493,485
467,407,406,397
468,407,420,406
469,408,407,397
470,412,396,388
471,405,412,388
472,396,412,436
473,386,377,388
474,377,386,374
475,377,380,388
476,211,216,189
477,317,302,312
478,302,288,312
479,271,252,272
480,256,257,283
481,276,256,283
482,166,169,142
483,348,327,324
484,329,313,317
485,327,329,317
486,328,329,346
487,313,329,328
488,149,162,141
489,162,140,141
490,181,162,182
491,162,149,182
492,162,181,153
493,140,162,153
494,47,37,6
495,48,37,47
496,73,48,69
497,48,47,69
498,168,154,134
499,152,168,134
500,179,183,201
501,178,179,201
502,168,179,154
503,179,168,183
504,179,151,154
505,151,179,178
506,123,122,100
507,123,100,117
508,167,145,146
509,122,145,142
510,145,167,142
511,185,207,221
512,167,185,195
513,207,185,178
514,178,185,146
515,185,167,146
516,150,178,146
517,150,151,178
518,123,150,146
519,151,150,117
520,150,123,117
521,263,262,245
522,262,263,282
523,282,263,264
524,263,246,264
525,246,263,245
526,280,261,281
527,261,230,277
528,261,277,281
529,261,280,279
530,261,157,230
531,239,261,279
532,253,273,249
533,229,253,249
534,268,253,238
535,253,268,273
536,266,267,289
537,273,267,249
538,267,273,299
539,289,267,299
540,248,212,249
541,248,222,212
542,267,248,249
543,248,267,266
544,248,266,257
545,248,257,221
546,222,248,221
547,284,266,289
548,257,284,283
549,266,284,257
550,318,319,330
551,331,314,332
552,314,315,332
553,315,314,299
554,244,254,238
555,224,244,238
556,254,244,260
557,244,258,260
558,244,239,258
559,244,224,239
560,341,316,333
561,316,297,333
562,297,316,301
563,316,341,340
564,316,300,301
565,300,316,315
566,339,316,340
567,315,316,339
568,155,156,174
569,156,239,174
570,157,156,135
571,156,261,239
572,261,156,157
573,135,156,114
574,124,156,155
575,161,187,205
576,161,148,187
577,148,161,125
578,161,131,125
579,160,139,131
580,139,160,138
581,109,139,98
582,139,109,131
583,98,76,70
584,105,139,138
585,139,105,98
586,105,76,98
587,191,184,203
588,184,137,138
589,184,136,137
590,160,184,138
591,175,191,198
592,175,198,158
593,95,116,103
594,116,136,103
595,136,116,137
596,137,116,138
597,116,105,138
598,97,115,114
599,115,102,119
600,119,102,104
601,102,82,104
602,97,102,115
603,82,102,81
604,102,97,81
605,61,43,62
606,49,41,42
607,41,25,42
608,41,31,25
609,31,40,30
610,40,75,30
611,40,41,49
612,41,40,31
613,75,93,92
614,208,186,205
615,186,161,205
616,241,219,242
617,215,219,241
618,219,231,242
619,219,208,231
620,219,186,208
621,204,215,226
622,204,225,203
623,225,204,226
624,184,204,203
625,204,184,160
626,225,218,203
627,218,246,245
628,218,225,246
629,218,191,203
630,191,218,209
631,209,218,240
632,218,245,240
633,10,19,18
634,19,33,18
635,43,19,24
636,33,19,43
637,7,10,2
638,14,7,2
639,7,14,24
640,19,7,24
641,7,19,10
642,4,2,1
643,4,14,2
644,410,409,398
645,401,410,398
646,409,423,422
647,423,442,422
648,423,425,442
649,410,423,409
650,423,410,425
651,437,439,446
652,448,437,446
653,437,448,425
654,445,457,452
655,445,447,457
656,444,445,452
657,445,444,434
658,447,433,442
659,442,433,422
660,420,433,434
661,433,445,434
662,445,433,447
663,470,474,462
664,470,482,474
665,470,475,482
666,475,464,459
667,464,458,459
668,470,464,475
669,458,464,462
670,464,470,462
671,476,477,483
672,476,475,465
673,477,476,465
674,496,489,490
675,496,490,488
676,492,496,488
677,502,496,492
678,393,389,398
679,409,393,398
680,383,393,397
681,393,408,397
682,408,393,409
683,404,427,401
684,427,410,401
685,410,427,425
686,427,404,418
687,427,437,425
688,439,427,418
689,437,427,439
690,371,356,364
691,389,371,364
692,371,393,383
693,393,371,389
694,505,511,512
695,505,502,511
696,506,505,512
697,505,506,501
698,496,505,501
699,505,496,502
700,399,415,395
701,415,416,395
702,415,417,428
703,417,415,403
704,415,399,403
705,438,432,428
706,432,415,428
707,415,432,416
708,441,432,438
709,479,472,473
710,472,467,473
711,472,479,480
712,492,494,497
713,487,494,492
714,494,499,497
715,494,493,499
716,420,424,406
717,424,413,406
718,424,420,434
719,436,424,434
720,412,426,436
721,426,412,405
722,413,426,405
723,426,424,436
724,424,426,413
725,380,400,388
726,400,405,388
727,400,413,405
728,413,400,406
729,400,380,406
730,406,382,397
731,380,382,406
732,382,383,397
733,211,232,216
734,216,232,265
735,232,250,265
736,294,271,288
737,302,294,288
738,271,294,296
739,294,302,317
740,294,313,296
741,313,294,317
742,251,252,271
743,250,251,296
744,251,271,296
745,252,251,228
746,237,256,276
747,169,170,194
748,170,166,194
749,166,170,169
750,177,167,195
751,166,177,194
752,167,177,142
753,177,166,142
754,348,355,363
755,371,355,356
756,348,347,327
757,347,329,327
758,68,48,73
759,111,148,125
760,111,140,153
761,148,111,153
762,37,15,6
763,15,3,6
764,171,196,183
765,171,168,152
766,168,171,183
767,213,224,238
768,224,213,202
769,213,196,202
770,253,223,238
771,223,253,229
772,223,213,238
773,183,223,201
774,223,229,201
775,196,223,183
776,213,223,196
777,303,284,289
778,284,303,319
779,303,289,299
780,314,303,299
781,319,303,331
782,303,314,331
783,298,284,319
784,318,298,319
785,284,298,283
786,276,298,312
787,298,276,283
788,298,324,312
789,298,318,324
790,76,63,70
791,43,38,62
792,38,46,62
793,38,43,24
794,46,32,50
795,79,67,95
796,67,79,62
797,159,175,147
798,136,159,147
799,175,159,191
800,159,184,191
801,184,159,136
802,87,116,95
803,116,87,105
804,105,87,76
805,67,87,95
806,87,67,76
807,83,95,103
808,83,79,95
809,79,83,62
810,83,61,62
811,97,96,81
812,96,97,114
813,74,40,49
814,40,74,75
815,59,74,49
816,74,93,75
817,74,59,81
818,96,74,81
819,92,113,107
820,93,113,92
821,113,129,107
822,113,130,129
823,113,124,130
824,186,165,161
825,165,160,131
826,161,165,131
827,204,199,215
828,199,219,215
829,219,199,186
830,199,204,160
831,165,199,160
832,199,165,186
833,63,56,70
834,56,63,50
835,29,37,52
836,5,4,1
837,16,21,26
838,32,16,26
839,433,421,422
840,421,433,420
841,407,421,420
842,421,408,422
843,421,407,408
844,489,500,495
845,496,500,489
846,500,496,501
847,500,506,495
848,506,500,501
849,435,431,414
850,416,435,414
851,432,435,416
852,440,435,443
853,431,435,440
854,435,441,443
855,435,432,441
856,471,469,480
857,469,472,480
858,466,469,471
859,467,469,454
860,472,469,467
861,469,466,450
862,443,469,450
863,454,469,443
864,232,233,250
865,233,251,250
866,233,232,211
867,247,276,272
868,247,237,276
869,252,247,272
870,247,252,228
871,237,220,256
872,257,220,221
873,256,220,257
874,220,185,221
875,185,220,195
876,338,348,324
877,338,355,348
878,318,338,324
879,338,318,330
880,356,338,330
881,355,338,356
882,370,355,371
883,355,370,363
884,370,380,363
885,370,382,380
886,329,361,346
887,347,361,329
888,361,374,346
889,361,377,374
890,362,348,363
891,362,347,348
892,362,361,347
893,361,362,377
894,380,362,363
895,362,380,377
896,88,71,84
897,71,88,70
898,88,98,70
899,88,109,98
900,71,72,84
901,68,53,48
902,37,53,52
903,48,53,37
904,53,72,52
905,72,53,68
906,80,73,85
907,80,68,73
908,72,80,84
909,80,72,68
910,171,180,196
911,180,172,202
912,196,180,202
913,34,32,26
914,32,34,50
915,21,34,26
916,38,36,46
917,36,32,46
918,58,63,76
919,67,58,76
920,63,58,50
921,60,49,42
922,60,59,49
923,60,66,82
924,60,82,81
925,59,60,81
926,25,35,42
927,17,35,25
928,33,35,17
929,45,33,43
930,45,35,33
931,60,45,66
932,45,60,42
933,35,45,42
934,94,103,104
935,94,83,103
936,82,94,104
937,66,94,82
938,83,94,61
939,113,108,124
940,108,113,93
941,108,96,114
942,74,108,93
943,108,74,96
944,156,108,114
945,108,156,124
946,44,56,50
947,56,44,39
948,34,44,50
949,44,21,39
950,44,34,21
951,51,56,39
952,51,29,52
953,29,51,39
954,51,71,70
955,56,51,70
956,28,29,39
957,28,21,20
958,21,28,39
959,15,22,20
960,22,28,20
961,28,22,29
962,22,15,37
963,29,22,37
964,9,5,1
965,9,15,20
966,3,9,1
967,15,9,3
968,16,13,21
969,9,13,5
970,21,13,20
971,13,9,20
972,251,227,228
973,233,227,251
974,227,190,228
975,190,227,189
976,227,211,189
977,227,233,211
978,247,217,237
979,194,217,228
980,217,247,228
981,111,110,84
982,110,88,84
983,88,110,109
984,109,110,125
985,110,111,125
986,106,111,84
987,80,106,84
988,106,120,140
989,111,106,140
990,164,171,152
991,164,180,171
992,164,152,143
993,172,164,143
994,180,164,172
995,36,27,32
996,14,27,24
997,27,38,24
998,27,36,38
999,16,27,14
1000,27,16,32
1001,55,46,50
1002,58,55,50
1003,55,58,67
1004,46,55,62
1005,55,67,62
1006,61,57,43
1007,57,45,43
1008,45,57,66
1009,94,57,61
1010,57,94,66
1011,8,13,16
1012,4,8,14
1013,8,16,14
1014,5,8,4
1015,13,8,5
1016,217,206,237
1017,220,206,195
1018,206,220,237
1019,206,177,195
1020,177,206,194
1021,206,217,194
1022,99,80,85
1023,99,106,80
1024,106,99,120
1025,89,99,85
1026,120,99,89
1027,491,504,498
1028,504,491,473
1029,209,234,214
1030,234,209,240
1031,230,234,275
1032,277,230,275
1033,172,197,202
1034,197,172,173
1035,467,454,455
1036,461,467,455
1037,123,145,122
1038,145,123,146
1039,175,144,147
1040,144,175,158
1041,476,483,482
1042,475,476,482
1043,493,494,485
1044,494,487,485
1045,382,370,383
1046,370,371,383
1047,51,72,71
1048,72,51,52
