no.,vertice_idx1,vertice_idx2,vertice_idx3
0,1172,1214,1210
1,758,1385,1765
2,877,1385,758
3,1385,877,1210
4,125,538,3
5,203,148,249
6,203,169,148
7,1385,1443,1765
8,1214,1188,1215
9,387,453,421
10,453,387,280
11,565,453,719
12,718,690,719
13,640,565,719
14,848,783,719
15,834,835,875
16,73,54,70
17,93,73,70
18,125,208,303
19,918,885,913
20,948,918,913
21,148,157,202
22,843,877,758
23,1993,1983,1992
24,1989,1991,1985
25,1443,1569,1765
26,1569,1443,1470
27,1226,1216,1178
28,1189,1147,1178
29,1216,1189,1178
30,1189,1216,1215
31,1188,1189,1215
32,1280,1291,1215
33,1259,1214,1215
34,1291,1259,1215
35,1097,1172,1210
36,877,1097,1210
37,795,835,834
38,690,657,719
39,657,640,719
40,613,657,690
41,640,596,565
42,546,596,573
43,596,546,565
44,749,718,719
45,783,749,719
46,912,848,961
47,102,93,70
48,94,114,109
49,54,94,70
50,94,54,17
51,114,94,148
52,94,17,249
53,148,94,249
54,102,133,93
55,133,102,122
56,73,69,54
57,69,73,93
58,7,1,17
59,64,125,3
60,567,516,525
61,881,885,918
62,966,941,914
63,486,546,465
64,398,387,421
65,359,351,333
66,387,359,280
67,398,359,387
68,359,398,351
69,359,309,280
70,309,359,333
71,319,309,333
72,351,319,333
73,319,351,332
74,212,203,249
75,169,164,148
76,164,157,148
77,194,169,203
78,194,193,169
79,1851,1857,1891
80,1822,1857,1851
81,1857,1895,1891
82,1798,1851,1765
83,1798,1822,1851
84,1933,1960,1963
85,1949,1933,1963
86,1660,1691,1648
87,796,843,758
88,843,796,836
89,1969,1985,1963
90,1960,1969,1963
91,1991,1982,1993
92,1982,1983,1993
93,1913,1874,1900
94,453,1253,719
95,1984,1965,1988
96,1984,1988,1992
97,1983,1984,1992
98,1894,1928,1889
99,1143,1144,1174
100,1081,1093,1060
101,1037,1028,996
102,1691,1647,1648
103,1610,1577,1631
104,1577,1610,1576
105,1804,1757,1782
106,1757,1804,1764
107,1804,1781,1764
108,1735,1757,1764
109,1701,1735,1745
110,1735,1781,1745
111,1781,1735,1764
112,1000,986,930
113,986,1000,1017
114,1547,1523,1570
115,1569,1547,1570
116,1547,1569,1470
117,1254,1226,1268
118,1226,1254,1216
119,1216,1254,1215
120,1254,1280,1215
121,1214,1258,1210
122,1259,1258,1214
123,843,866,877
124,866,891,877
125,795,809,835
126,802,826,833
127,605,596,640
128,605,657,613
129,657,605,640
130,605,613,573
131,596,605,573
132,937,912,961
133,912,937,922
134,912,876,848
135,876,854,848
136,835,865,875
137,854,865,835
138,103,94,109
139,102,79,122
140,103,123,94
141,123,103,109
142,123,156,153
143,123,130,94
144,130,123,153
145,54,38,17
146,4,3,0
147,1,4,0
148,5,2,1
149,4,2,10
150,2,4,1
151,2,9,10
152,9,2,5
153,268,295,313
154,165,158,180
155,158,181,180
156,136,95,90
157,95,136,149
158,296,344,336
159,174,148,202
160,211,232,202
161,193,224,169
162,114,139,109
163,139,123,109
164,123,139,156
165,185,165,180
166,179,208,125
167,179,185,208
168,185,179,165
169,64,89,125
170,34,64,3
171,325,286,310
172,286,325,334
173,388,432,399
174,432,388,389
175,435,432,389
176,555,584,549
177,482,489,444
178,585,555,569
179,555,585,584
180,856,816,808
181,816,782,808
182,587,588,612
183,588,626,612
184,626,588,600
185,670,664,634
186,830,812,785
187,941,1004,929
188,1004,940,929
189,940,1004,998
190,1004,966,999
191,966,1004,941
192,920,905,930
193,941,904,914
194,948,965,918
195,965,997,996
196,973,926,974
197,985,973,1014
198,963,985,995
199,1027,985,1014
200,985,1027,995
201,859,895,850
202,985,939,946
203,939,985,963
204,939,917,946
205,917,939,895
206,1148,1092,1100
207,1002,1057,1014
208,973,1002,1014
209,1002,973,974
210,1203,1168,1169
211,820,791,846
212,852,820,846
213,327,379,349
214,452,486,465
215,486,452,453
216,453,452,421
217,546,537,565
218,486,537,546
219,537,453,565
220,537,486,453
221,652,613,690
222,411,398,421
223,398,411,351
224,285,319,332
225,319,279,309
226,279,249,280
227,309,279,280
228,247,194,203
229,1828,1857,1822
230,1857,1828,1838
231,1864,1857,1838
232,1857,1864,1895
233,1864,1838,1829
234,1838,1808,1829
235,1710,1747,1765
236,1714,1694,1672
237,1792,1819,1791
238,1911,1865,1912
239,1985,1955,1963
240,1895,1955,1985
241,1761,1742,1791
242,1688,1705,1715
243,1777,1761,1802
244,1777,1802,1813
245,1780,1777,1813
246,1732,1704,1715
247,1788,1775,1823
248,1914,1955,1895
249,895,878,850
250,1947,1975,1966
251,1947,1943,1919
252,1956,1947,1966
253,1947,1956,1943
254,1956,1969,1960
255,1943,1956,1960
256,1982,1974,1983
257,1757,1752,1782
258,1783,1816,1782
259,1752,1783,1782
260,1967,1989,1985
261,1975,1977,1985
262,1977,1967,1985
263,1989,1987,1991
264,848,1089,961
265,1089,848,719
266,1866,1894,1889
267,1940,1928,1894
268,1928,1940,1959
269,1952,1953,1965
270,1965,1953,1988
271,1253,1953,1709
272,1093,1141,1108
273,1168,1141,1169
274,1141,1179,1169
275,1179,1141,1143
276,1109,1093,1081
277,1094,1109,1081
278,1141,1109,1143
279,1109,1141,1093
280,1029,1010,1060
281,1010,1029,997
282,997,1029,996
283,1029,1037,996
284,1058,1108,1100
285,1058,1037,1108
286,1037,1058,1028
287,1092,1058,1100
288,1219,1179,1230
289,1219,1203,1169
290,1179,1219,1169
291,1180,1143,1174
292,1180,1179,1143
293,1179,1180,1230
294,1180,1231,1230
295,1632,1660,1648
296,1647,1623,1648
297,1623,1632,1648
298,1688,1669,1705
299,1638,1610,1631
300,1559,1538,1539
301,1577,1584,1631
302,1623,1584,1585
303,1559,1584,1577
304,1546,1531,1528
305,1400,1353,1379
306,1353,1400,1372
307,1594,1588,1640
308,1671,1735,1701
309,1848,1865,1815
310,1848,1873,1865
311,1834,1869,1826
312,1869,1848,1826
313,1848,1869,1873
314,1943,1899,1919
315,1899,1869,1919
316,1869,1899,1873
317,1735,1728,1757
318,1728,1752,1757
319,1770,1727,1745
320,1727,1701,1745
321,1727,1692,1701
322,1692,1670,1701
323,1072,1062,1017
324,1062,1072,1096
325,1038,1061,1071
326,1110,1061,1046
327,1345,1358,1449
328,1480,1440,1449
329,1195,1232,1194
330,1318,1355,1317
331,1287,1318,1317
332,864,834,875
333,834,864,826
334,991,1018,1040
335,1414,1443,1385
336,1548,1500,1509
337,1572,1548,1581
338,1629,1645,1672
339,1610,1601,1576
340,1601,1562,1576
341,1601,1638,1653
342,1638,1601,1610
343,1548,1590,1581
344,1645,1630,1675
345,1636,1569,1570
346,1644,1636,1570
347,1522,1547,1470
348,1547,1522,1523
349,1471,1522,1470
350,1522,1471,1523
351,1226,1237,1268
352,1237,1226,1178
353,1275,1344,1337
354,950,1044,1097
355,891,923,877
356,950,923,891
357,923,1097,877
358,923,950,1097
359,1177,1138,1188
360,1177,1214,1172
361,1177,1188,1214
362,1097,1137,1172
363,1137,1177,1172
364,1177,1137,1138
365,1156,1189,1188
366,1138,1156,1188
367,1189,1156,1147
368,866,857,891
369,857,843,836
370,857,866,843
371,893,867,868
372,916,893,868
373,1147,1139,1178
374,725,769,743
375,689,725,743
376,725,689,681
377,794,769,795
378,794,834,826
379,794,795,834
380,783,810,770
381,810,783,848
382,825,802,833
383,876,884,854
384,884,865,854
385,884,876,912
386,77,102,70
387,79,77,70
388,77,79,102
389,130,108,94
390,79,108,122
391,108,163,122
392,108,130,163
393,173,200,199
394,173,163,200
395,188,162,199
396,188,167,162
397,230,188,199
398,133,113,93
399,162,113,133
400,38,45,32
401,62,98,68
402,98,62,87
403,45,62,68
404,24,28,17
405,15,13,7
406,414,348,349
407,344,376,378
408,320,296,269
409,296,320,344
410,296,240,269
411,240,296,261
412,6,9,5
413,6,1,7
414,6,5,1
415,6,7,14
416,9,6,14
417,286,281,310
418,281,311,310
419,311,281,250
420,304,286,334
421,127,95,149
422,74,57,90
423,95,74,90
424,181,209,180
425,154,136,137
426,115,116,137
427,136,115,137
428,115,136,90
429,116,119,137
430,99,119,116
431,315,296,336
432,296,315,261
433,314,315,335
434,382,346,340
435,257,262,220
436,257,246,273
437,163,182,200
438,145,174,178
439,174,145,148
440,224,184,169
441,184,164,169
442,164,184,157
443,157,184,202
444,184,211,202
445,221,257,220
446,257,221,246
447,201,174,202
448,174,201,178
449,221,201,246
450,231,232,263
451,201,231,246
452,232,231,202
453,231,201,202
454,371,382,340
455,191,221,220
456,185,234,208
457,208,234,303
458,35,25,47
459,34,65,64
460,18,34,3
461,599,598,515
462,599,629,598
463,559,603,558
464,598,559,515
465,796,803,836
466,325,362,334
467,352,325,310
468,311,352,310
469,352,311,363
470,352,362,325
471,362,352,389
472,524,506,558
473,360,388,399
474,304,360,303
475,360,304,334
476,295,322,313
477,737,702,729
478,496,488,455
479,488,435,455
480,488,496,515
481,435,488,432
482,472,467,516
483,423,433,455
484,423,435,389
485,435,423,455
486,311,312,363
487,312,268,313
488,268,312,250
489,312,311,250
490,812,777,785
491,777,757,785
492,811,777,812
493,519,555,549
494,519,518,493
495,518,519,549
496,555,519,569
497,519,531,569
498,528,504,490
499,541,504,551
500,637,664,687
501,664,637,634
502,766,767,801
503,767,766,741
504,705,677,687
505,705,767,741
506,676,709,686
507,648,676,686
508,704,739,703
509,675,704,703
510,709,704,686
511,704,675,686
512,888,915,887
513,856,888,887
514,847,856,887
515,768,782,816
516,909,943,908
517,505,543,511
518,543,535,588
519,535,505,521
520,535,543,505
521,689,671,639
522,627,626,600
523,671,627,639
524,638,670,634
525,626,651,612
526,724,678,679
527,791,821,846
528,853,811,812
529,821,853,846
530,853,821,811
531,750,720,721
532,860,830,838
533,889,860,838
534,885,860,913
535,860,889,913
536,830,855,812
537,855,853,812
538,853,855,881
539,881,855,885
540,855,860,885
541,860,855,830
542,861,889,838
543,861,831,870
544,861,838,806
545,831,861,806
546,739,715,703
547,786,831,806
548,977,940,998
549,1004,1030,998
550,1030,1004,1038
551,954,990,953
552,990,954,986
553,986,954,930
554,954,920,930
555,831,822,870
556,822,786,792
557,786,822,831
558,882,862,914
559,904,882,914
560,882,904,870
561,882,822,862
562,822,882,870
563,942,919,953
564,919,942,914
565,976,1010,997
566,976,965,948
567,965,976,997
568,976,977,1010
569,852,903,896
570,903,926,896
571,903,852,846
572,973,947,926
573,917,947,946
574,947,985,946
575,985,947,973
576,926,947,896
577,947,917,896
578,963,994,962
579,994,963,995
580,879,917,895
581,859,879,895
582,851,879,859
583,917,879,896
584,879,851,852
585,879,852,896
586,1002,1036,1057
587,1058,1036,1028
588,1286,1277,1310
589,1133,1168,1148
590,1133,1148,1100
591,1108,1133,1100
592,1141,1133,1108
593,1133,1141,1168
594,1400,1375,1372
595,1168,1193,1148
596,1193,1168,1203
597,1257,1193,1203
598,1193,1257,1256
599,230,270,242
600,275,270,298
601,270,275,242
602,348,305,349
603,327,305,298
604,305,327,349
605,305,275,298
606,652,624,613
607,624,652,602
608,570,535,521
609,588,570,600
610,535,570,588
611,689,656,681
612,656,652,681
613,628,656,639
614,656,689,639
615,652,656,602
616,656,628,602
617,495,513,523
618,430,405,451
619,278,285,253
620,285,278,319
621,278,279,319
622,227,212,249
623,321,308,331
624,227,267,212
625,285,267,253
626,267,227,253
627,225,224,193
628,194,225,193
629,247,225,194
630,225,247,266
631,1798,1784,1822
632,1784,1828,1822
633,1784,1798,1765
634,1747,1784,1765
635,1808,1809,1829
636,1740,1748,1712
637,1748,1747,1712
638,1694,1726,1687
639,1819,1842,1791
640,1820,1795,1796
641,1792,1795,1819
642,1795,1820,1819
643,1885,1911,1884
644,1911,1885,1865
645,1820,1885,1884
646,1885,1820,1865
647,1936,1943,1960
648,1943,1936,1912
649,1911,1917,1884
650,1917,1916,1884
651,1790,1761,1791
652,1761,1790,1802
653,1812,1780,1813
654,1812,1832,1801
655,1761,1733,1742
656,1750,1732,1715
657,1750,1777,1780
658,1732,1750,1780
659,1705,1750,1715
660,1733,1750,1705
661,1777,1750,1761
662,1750,1733,1761
663,1767,1732,1780
664,1812,1767,1780
665,1767,1812,1801
666,1831,1788,1823
667,1852,1831,1823
668,1730,1726,1694
669,1726,1730,1754
670,1775,1779,1823
671,1779,1749,1789
672,1785,1774,1754
673,1785,1809,1774
674,1811,1831,1840
675,1831,1811,1788
676,1864,1892,1895
677,1918,1904,1879
678,1914,1921,1955
679,1921,1918,1935
680,1921,1904,1918
681,784,797,755
682,784,818,797
683,1970,1956,1966
684,1956,1970,1969
685,1975,1970,1966
686,1970,1975,1985
687,1969,1970,1985
688,1968,1962,1939
689,1984,1954,1965
690,1954,1952,1965
691,1954,1984,1983
692,1974,1954,1983
693,1954,1974,1959
694,1940,1954,1959
695,1954,1940,1952
696,1874,1863,1900
697,1804,1827,1835
698,1816,1827,1782
699,1827,1804,1782
700,1938,1962,1958
701,1856,1827,1816
702,1827,1856,1855
703,1783,1736,1753
704,1736,1783,1752
705,1866,1836,1805
706,1781,1793,1745
707,1793,1770,1745
708,1793,1834,1826
709,1863,1850,1835
710,1850,1863,1874
711,1850,1804,1835
712,1850,1781,1804
713,1937,1934,1900
714,1934,1913,1900
715,1934,1944,1913
716,1944,1934,1950
717,1957,1967,1950
718,1934,1957,1950
719,1957,1934,1937
720,1990,1981,1991
721,1987,1990,1991
722,1890,1953,1952
723,1890,1940,1894
724,1940,1890,1952
725,1120,1109,1094
726,1120,1144,1143
727,1109,1120,1143
728,1093,1059,1060
729,1059,1029,1060
730,1059,1093,1108
731,1037,1059,1108
732,1029,1059,1037
733,1204,1180,1174
734,1180,1204,1231
735,1205,1204,1174
736,1204,1205,1231
737,1592,1585,1567
738,1592,1623,1585
739,1623,1592,1632
740,1639,1669,1631
741,1669,1639,1647
742,1584,1639,1631
743,1639,1623,1647
744,1639,1584,1623
745,1538,1512,1539
746,1638,1659,1653
747,1659,1669,1688
748,1669,1659,1631
749,1659,1638,1631
750,1559,1558,1538
751,1558,1518,1538
752,1558,1577,1576
753,1558,1559,1577
754,1562,1558,1576
755,1541,1558,1562
756,1558,1541,1518
757,1478,1466,1528
758,1466,1408,1454
759,1408,1466,1420
760,1472,1494,1498
761,1453,1494,1472
762,1400,1407,1427
763,1407,1400,1379
764,1588,1663,1640
765,1663,1588,1619
766,1663,1670,1640
767,1663,1671,1701
768,1670,1663,1701
769,1662,1683,1655
770,1662,1670,1692
771,1670,1662,1640
772,1797,1793,1826
773,1793,1797,1770
774,1751,1797,1815
775,1869,1849,1874
776,1849,1869,1834
777,1849,1850,1874
778,1850,1849,1781
779,1849,1793,1781
780,1793,1849,1834
781,1899,1898,1873
782,1865,1898,1912
783,1873,1898,1865
784,1898,1943,1912
785,1898,1899,1943
786,1673,1650,1678
787,1727,1756,1734
788,1756,1727,1770
789,1797,1756,1770
790,1756,1751,1734
791,1756,1797,1751
792,1086,1062,1096
793,1075,1086,1117
794,1086,1075,1062
795,1039,991,1040
796,991,1039,1000
797,1000,1039,1017
798,1039,1072,1017
799,1101,1129,1096
800,1072,1101,1096
801,1046,1023,999
802,1061,1023,1046
803,1023,1061,1038
804,1023,1004,999
805,1004,1023,1038
806,978,942,953
807,990,978,953
808,1383,1345,1449
809,1358,1468,1449
810,1345,1327,1358
811,1418,1388,1382
812,1418,1440,1448
813,1381,1408,1355
814,1455,1490,1454
815,1408,1401,1355
816,1401,1380,1355
817,1401,1408,1420
818,1380,1401,1420
819,1144,1175,1174
820,1175,1205,1174
821,1150,1196,1195
822,1232,1196,1263
823,1196,1232,1195
824,1127,1150,1195
825,1150,1127,1117
826,1341,1388,1357
827,1326,1341,1357
828,1341,1326,1305
829,1388,1341,1382
830,1277,1316,1310
831,1316,1353,1310
832,1353,1316,1379
833,1269,1239,1287
834,1232,1239,1194
835,1262,1318,1287
836,1262,1232,1263
837,1239,1262,1287
838,1262,1239,1232
839,884,890,865
840,865,890,875
841,890,911,875
842,890,912,922
843,890,884,912
844,900,911,935
845,900,864,875
846,911,900,875
847,957,937,961
848,937,957,922
849,911,936,935
850,936,981,935
851,1089,1033,961
852,1033,957,961
853,957,1033,989
854,1391,1369,1350
855,1369,1344,1350
856,1344,1369,1337
857,1344,1323,1350
858,1304,1323,1292
859,1323,1275,1292
860,1275,1323,1344
861,1483,1437,1457
862,1396,1437,1419
863,1423,1390,1391
864,1390,1369,1391
865,1471,1444,1462
866,1414,1444,1443
867,1443,1444,1470
868,1444,1471,1470
869,1395,1367,1349
870,1367,1414,1385
871,1367,1395,1414
872,1276,1304,1292
873,1375,1406,1371
874,1500,1484,1509
875,1484,1492,1509
876,1492,1484,1458
877,1491,1483,1457
878,1629,1628,1607
879,1562,1600,1591
880,1601,1600,1562
881,1590,1608,1581
882,1608,1629,1607
883,1608,1572,1581
884,1572,1608,1607
885,1492,1530,1509
886,1582,1530,1549
887,1530,1582,1590
888,1530,1548,1509
889,1530,1590,1548
890,1695,1749,1700
891,1695,1700,1675
892,1749,1703,1700
893,1703,1775,1714
894,1703,1779,1775
895,1779,1703,1749
896,1700,1703,1675
897,1703,1645,1675
898,1703,1714,1672
899,1645,1703,1672
900,1749,1794,1789
901,1590,1609,1645
902,1609,1630,1645
903,1582,1609,1590
904,1681,1676,1653
905,1676,1681,1704
906,1659,1681,1653
907,1681,1659,1688
908,1704,1681,1715
909,1681,1688,1715
910,1722,1697,1731
911,1697,1722,1696
912,1676,1723,1652
913,1697,1723,1731
914,1767,1723,1732
915,1732,1723,1704
916,1723,1676,1704
917,1667,1627,1687
918,1620,1644,1570
919,1711,1747,1710
920,1686,1711,1710
921,1747,1711,1712
922,1711,1686,1712
923,1620,1657,1644
924,1665,1636,1644
925,1686,1665,1644
926,1665,1686,1710
927,1665,1710,1765
928,1569,1665,1765
929,1636,1665,1569
930,1199,1166,1125
931,1132,1166,1165
932,1166,1132,1125
933,1132,1079,1125
934,1079,1132,1084
935,1237,1274,1268
936,1274,1237,1243
937,1275,1274,1243
938,1274,1275,1337
939,1164,1237,1178
940,1139,1164,1178
941,1164,1132,1165
942,1132,1164,1139
943,1237,1198,1243
944,1166,1198,1165
945,1198,1164,1165
946,1164,1198,1237
947,1198,1199,1227
948,1199,1198,1166
949,1290,1259,1291
950,1290,1258,1259
951,1293,1283,1256
952,1044,1073,1097
953,1073,1137,1097
954,1137,1073,1138
955,803,837,836
956,837,803,797
957,717,725,681
958,718,717,690
959,717,652,690
960,652,717,681
961,769,748,795
962,725,748,769
963,809,748,770
964,748,809,795
965,717,748,725
966,809,828,835
967,828,854,835
968,854,828,848
969,828,810,848
970,817,842,808
971,817,825,842
972,108,88,94
973,88,108,79
974,94,88,70
975,88,79,70
976,151,162,133
977,162,151,199
978,151,173,199
979,188,172,167
980,111,98,87
981,142,111,155
982,92,69,93
983,113,92,93
984,53,45,38
985,53,62,45
986,48,53,38
987,53,48,63
988,53,63,87
989,62,53,87
990,29,38,32
991,38,29,17
992,29,24,17
993,24,37,28
994,29,37,24
995,28,27,17
996,45,44,32
997,44,45,68
998,67,44,68
999,141,187,161
1000,85,110,84
1001,160,138,161
1002,379,415,349
1003,415,414,349
1004,425,482,444
1005,414,425,348
1006,425,376,348
1007,345,376,344
1008,320,345,344
1009,376,345,348
1010,345,320,348
1011,240,241,269
1012,241,251,269
1013,187,217,161
1014,241,217,187
1015,217,241,240
1016,9,20,10
1017,20,31,30
1018,268,260,295
1019,259,281,286
1020,159,127,149
1021,159,181,158
1022,127,105,95
1023,105,118,82
1024,146,158,165
1025,146,118,158
1026,146,126,118
1027,126,146,125
1028,146,179,125
1029,179,146,165
1030,118,135,158
1031,135,159,158
1032,159,135,127
1033,135,105,127
1034,105,135,118
1035,170,159,149
1036,159,170,181
1037,170,209,181
1038,239,268,250
1039,239,260,268
1040,260,239,228
1041,66,85,84
1042,66,55,52
1043,166,154,195
1044,154,166,136
1045,186,166,195
1046,136,166,149
1047,166,170,149
1048,170,166,186
1049,154,196,195
1050,196,228,195
1051,57,75,90
1052,96,75,76
1053,96,115,90
1054,75,96,90
1055,106,99,84
1056,110,106,84
1057,106,110,128
1058,119,106,128
1059,106,119,99
1060,97,99,116
1061,97,96,76
1062,315,287,261
1063,314,287,315
1064,260,282,295
1065,381,346,382
1066,156,177,153
1067,289,252,262
1068,262,252,220
1069,368,393,426
1070,380,379,327
1071,380,416,379
1072,299,327,298
1073,270,299,298
1074,183,182,163
1075,177,183,153
1076,200,237,199
1077,237,230,199
1078,272,244,256
1079,184,233,211
1080,233,184,224
1081,284,231,263
1082,284,300,273
1083,300,284,318
1084,462,512,521
1085,502,512,462
1086,290,257,273
1087,300,290,273
1088,257,290,262
1089,346,290,340
1090,290,289,262
1091,289,290,346
1092,258,225,266
1093,225,258,224
1094,258,233,224
1095,233,258,265
1096,264,265,292
1097,232,264,263
1098,372,291,292
1099,284,291,318
1100,291,284,263
1101,330,372,292
1102,443,450,477
1103,450,462,521
1104,450,505,477
1105,505,450,521
1106,450,443,396
1107,543,542,511
1108,577,542,587
1109,520,542,577
1110,542,588,587
1111,542,543,588
1112,401,357,402
1113,357,401,371
1114,371,401,382
1115,484,520,501
1116,542,484,511
1117,484,542,520
1118,471,448,501
1119,532,471,501
1120,471,532,531
1121,191,192,221
1122,201,192,178
1123,192,201,221
1124,192,144,178
1125,190,191,220
1126,252,190,220
1127,190,252,219
1128,7,11,14
1129,15,26,13
1130,80,89,64
1131,65,80,64
1132,4,8,3
1133,8,18,3
1134,8,4,10
1135,496,497,515
1136,497,599,515
1137,497,496,455
1138,641,578,603
1139,603,578,558
1140,660,629,599
1141,559,614,603
1142,603,614,666
1143,629,614,598
1144,614,559,598
1145,375,399,303
1146,360,375,303
1147,375,360,399
1148,361,360,334
1149,360,361,388
1150,362,361,334
1151,388,361,389
1152,361,362,389
1153,589,540,590
1154,540,567,525
1155,540,589,567
1156,400,474,424
1157,344,367,336
1158,367,344,378
1159,367,366,336
1160,366,392,391
1161,392,366,367
1162,433,407,436
1163,377,407,363
1164,377,347,353
1165,776,804,761
1166,804,776,819
1167,514,488,515
1168,559,514,515
1169,506,514,558
1170,514,559,558
1171,488,480,432
1172,480,454,432
1173,480,514,506
1174,514,480,488
1175,474,473,424
1176,473,468,424
1177,617,635,653
1178,589,617,567
1179,635,617,589
1180,631,662,630
1181,662,631,653
1182,599,547,579
1183,497,547,599
1184,343,377,363
1185,312,343,363
1186,343,312,313
1187,343,347,377
1188,322,343,313
1189,347,343,322
1190,720,707,673
1191,702,707,729
1192,548,518,549
1193,584,548,549
1194,568,548,584
1195,604,584,609
1196,604,568,584
1197,552,528,562
1198,504,552,551
1199,552,504,528
1200,563,592,562
1201,475,490,440
1202,504,509,482
1203,541,509,504
1204,482,509,489
1205,677,649,687
1206,649,637,687
1207,637,610,634
1208,781,765,813
1209,709,710,740
1210,676,710,709
1211,710,676,677
1212,705,710,677
1213,710,741,740
1214,710,705,741
1215,873,856,808
1216,873,888,856
1217,842,873,808
1218,888,873,915
1219,873,898,915
1220,856,815,816
1221,847,815,856
1222,768,815,774
1223,815,768,816
1224,909,872,887
1225,872,847,887
1226,872,909,908
1227,847,872,841
1228,872,907,841
1229,907,872,908
1230,664,706,687
1231,706,705,687
1232,705,706,767
1233,825,788,802
1234,817,788,825
1235,802,775,826
1236,775,747,732
1237,788,775,802
1238,775,794,826
1239,775,732,743
1240,769,775,743
1241,794,775,769
1242,979,1018,991
1243,943,932,908
1244,932,907,908
1245,932,979,991
1246,979,932,943
1247,611,577,587
1248,611,587,612
1249,768,754,782
1250,724,754,768
1251,763,777,811
1252,750,763,791
1253,763,750,721
1254,763,821,791
1255,821,763,811
1256,861,897,889
1257,940,897,929
1258,897,940,889
1259,897,861,870
1260,904,897,870
1261,897,941,929
1262,897,904,941
1263,647,675,703
1264,604,647,622
1265,779,786,806
1266,582,583,608
1267,592,583,562
1268,583,552,562
1269,977,949,940
1270,949,948,913
1271,949,976,948
1272,976,949,977
1273,889,949,913
1274,940,949,889
1275,1055,1081,1060
1276,1010,1055,1060
1277,814,840,813
1278,765,814,813
1279,840,814,841
1280,814,801,841
1281,814,765,766
1282,814,766,801
1283,832,822,792
1284,822,832,862
1285,919,886,920
1286,886,832,839
1287,832,886,862
1288,862,886,914
1289,886,919,914
1290,840,871,813
1291,871,886,839
1292,871,840,906
1293,871,906,905
1294,920,871,905
1295,886,871,920
1296,745,704,709
1297,704,745,739
1298,965,964,918
1299,903,964,975
1300,964,903,918
1301,964,965,996
1302,975,964,996
1303,1036,1003,1028
1304,1003,1036,1002
1305,1028,1003,996
1306,1003,975,996
1307,853,880,846
1308,880,903,846
1309,880,853,881
1310,880,881,918
1311,903,880,918
1312,829,851,859
1313,829,859,850
1314,851,829,819
1315,829,804,819
1316,827,829,850
1317,829,827,804
1318,1069,1058,1092
1319,1069,1036,1058
1320,1036,1069,1057
1321,1247,1277,1286
1322,1257,1247,1286
1323,1247,1219,1230
1324,1277,1247,1230
1325,1219,1247,1203
1326,1247,1257,1203
1327,1284,1293,1256
1328,1257,1284,1256
1329,1285,1286,1310
1330,1285,1257,1286
1331,1285,1284,1257
1332,772,789,760
1333,818,789,845
1334,789,784,760
1335,784,789,818
1336,804,798,761
1337,827,798,804
1338,798,772,761
1339,798,789,772
1340,789,798,827
1341,275,229,242
1342,251,229,275
1343,320,297,348
1344,297,305,348
1345,305,297,275
1346,297,251,275
1347,297,320,269
1348,251,297,269
1349,293,321,341
1350,293,258,266
1351,321,373,341
1352,373,321,331
1353,564,624,602
1354,624,564,613
1355,479,431,465
1356,431,479,451
1357,546,479,465
1358,513,479,546
1359,545,546,573
1360,545,513,546
1361,613,545,573
1362,564,545,613
1363,513,545,523
1364,545,564,523
1365,502,459,463
1366,459,502,462
1367,478,430,451
1368,479,478,451
1369,495,478,513
1370,478,479,513
1371,564,522,523
1372,358,342,332
1373,351,358,332
1374,411,358,351
1375,431,434,465
1376,434,431,411
1377,434,452,465
1378,452,434,421
1379,434,411,421
1380,279,248,249
1381,278,248,279
1382,248,278,253
1383,248,227,249
1384,227,248,253
1385,267,226,212
1386,212,226,203
1387,226,247,203
1388,226,277,247
1389,277,226,267
1390,302,342,331
1391,302,267,285
1392,342,302,332
1393,302,285,332
1394,1772,1784,1747
1395,1808,1772,1773
1396,1772,1808,1838
1397,1828,1772,1838
1398,1784,1772,1828
1399,1766,1808,1773
1400,1766,1809,1808
1401,1809,1766,1774
1402,1766,1741,1774
1403,1741,1766,1740
1404,1748,1766,1773
1405,1766,1748,1740
1406,1774,1725,1754
1407,1741,1725,1774
1408,1725,1726,1754
1409,1726,1725,1687
1410,1725,1667,1687
1411,1725,1741,1666
1412,1667,1725,1666
1413,1713,1741,1740
1414,1741,1713,1666
1415,1713,1740,1712
1416,1628,1606,1607
1417,1606,1628,1627
1418,1847,1842,1819
1419,1847,1820,1884
1420,1820,1847,1819
1421,1803,1825,1796
1422,1825,1820,1796
1423,1820,1825,1865
1424,1865,1825,1815
1425,1825,1803,1815
1426,1719,1677,1682
1427,1751,1719,1682
1428,1751,1706,1734
1429,1683,1706,1682
1430,1706,1751,1682
1431,1706,1727,1734
1432,1727,1706,1692
1433,1917,1925,1933
1434,1925,1917,1911
1435,1933,1925,1960
1436,1925,1936,1960
1437,1925,1911,1912
1438,1936,1925,1912
1439,1883,1841,1842
1440,1942,1949,1963
1441,1955,1942,1963
1442,1942,1931,1949
1443,1931,1942,1924
1444,1846,1862,1872
1445,1802,1846,1813
1446,1862,1846,1802
1447,1908,1862,1882
1448,1862,1908,1872
1449,1948,1930,1955
1450,1948,1921,1935
1451,1921,1948,1955
1452,1922,1948,1935
1453,1768,1795,1792
1454,1769,1768,1744
1455,1717,1762,1742
1456,1762,1792,1791
1457,1742,1762,1791
1458,1762,1768,1792
1459,1832,1860,1853
1460,1669,1689,1705
1461,1689,1733,1705
1462,1775,1720,1714
1463,1720,1694,1714
1464,1720,1730,1694
1465,1918,1923,1935
1466,1905,1923,1918
1467,1896,1905,1918
1468,1905,1896,1871
1469,1896,1918,1879
1470,1760,1800,1799
1471,1811,1787,1788
1472,1901,1914,1895
1473,1892,1901,1895
1474,1858,1864,1829
1475,1858,1892,1864
1476,1878,1831,1852
1477,1831,1878,1840
1478,902,878,895
1479,1763,1769,1744
1480,1719,1763,1744
1481,1763,1719,1751
1482,1944,1927,1913
1483,1927,1874,1913
1484,1964,1944,1950
1485,1967,1964,1950
1486,1977,1964,1967
1487,1964,1977,1975
1488,1964,1927,1944
1489,1947,1964,1975
1490,1973,1974,1982
1491,1974,1973,1959
1492,1962,1945,1939
1493,1938,1945,1962
1494,1939,1945,1889
1495,1698,1736,1752
1496,1728,1698,1752
1497,1783,1817,1816
1498,1817,1783,1753
1499,1746,1817,1753
1500,1961,1957,1937
1501,1967,1971,1989
1502,1957,1971,1967
1503,1961,1971,1957
1504,1962,1972,1958
1505,1972,1961,1958
1506,1253,1155,719
1507,1673,1633,1650
1508,1588,1596,1619
1509,1650,1613,1634
1510,1633,1613,1650
1511,1805,1758,1778
1512,1836,1758,1805
1513,1817,1758,1836
1514,1758,1817,1746
1515,1729,1626,1693
1516,1729,1758,1746
1517,1685,1729,1746
1518,1708,1674,1709
1519,1674,1699,1693
1520,1708,1699,1674
1521,1626,1642,1693
1522,1642,1674,1693
1523,1737,1806,1778
1524,1806,1805,1778
1525,1890,1837,1953
1526,1654,1683,1682
1527,1683,1654,1655
1528,1611,1594,1640
1529,1662,1611,1640
1530,1553,1586,1546
1531,1511,1512,1538
1532,1512,1511,1487
1533,1518,1511,1538
1534,1511,1518,1476
1535,1490,1479,1454
1536,1479,1466,1454
1537,1542,1552,1498
1538,1585,1542,1567
1539,1552,1542,1585
1540,1542,1531,1567
1541,1502,1478,1528
1542,1531,1502,1528
1543,1466,1447,1420
1544,1447,1466,1478
1545,1446,1453,1472
1546,1447,1417,1420
1547,1417,1447,1453
1548,1445,1461,1487
1549,1489,1452,1472
1550,1452,1446,1472
1551,1407,1452,1427
1552,1446,1452,1407
1553,1512,1513,1539
1554,1514,1472,1498
1555,1514,1489,1472
1556,1552,1514,1498
1557,1514,1513,1489
1558,1513,1514,1539
1559,1439,1375,1400
1560,1445,1439,1400
1561,1439,1406,1375
1562,1439,1511,1476
1563,1439,1445,1487
1564,1511,1439,1487
1565,1560,1503,1543
1566,1560,1596,1588
1567,1503,1560,1532
1568,1560,1594,1532
1569,1560,1588,1594
1570,1490,1473,1532
1571,1473,1503,1532
1572,1503,1473,1480
1573,1440,1473,1448
1574,1473,1440,1480
1575,1641,1663,1619
1576,1663,1641,1671
1577,1633,1641,1619
1578,1641,1673,1671
1579,1641,1633,1673
1580,1684,1662,1692
1581,1662,1684,1683
1582,1706,1684,1692
1583,1684,1706,1683
1584,1848,1821,1826
1585,1821,1797,1826
1586,1821,1848,1815
1587,1797,1821,1815
1588,1702,1728,1735
1589,1671,1702,1735
1590,1673,1702,1671
1591,1702,1673,1678
1592,1698,1702,1678
1593,1702,1698,1728
1594,1082,1110,1046
1595,1082,1127,1110
1596,1082,1075,1117
1597,1127,1082,1117
1598,1075,1047,1062
1599,1047,1082,1046
1600,1082,1047,1075
1601,1101,1134,1129
1602,978,967,942
1603,967,966,914
1604,942,967,914
1605,966,967,999
1606,1110,1095,1061
1607,1122,1095,1110
1608,1061,1095,1071
1609,1468,1505,1449
1610,1505,1468,1499
1611,1481,1480,1449
1612,1505,1481,1449
1613,1481,1505,1516
1614,1515,1481,1516
1615,1233,1184,1271
1616,1265,1233,1271
1617,1299,1327,1271
1618,1250,1299,1271
1619,1410,1418,1382
1620,1418,1410,1440
1621,1383,1410,1382
1622,1440,1410,1449
1623,1410,1383,1449
1624,1421,1418,1448
1625,1421,1455,1454
1626,1356,1381,1355
1627,1318,1356,1355
1628,1356,1318,1325
1629,1381,1356,1357
1630,1356,1326,1357
1631,1326,1356,1325
1632,1152,1151,1129
1633,1152,1170,1182
1634,1134,1152,1129
1635,1152,1134,1170
1636,1151,1128,1129
1637,1086,1128,1117
1638,1128,1150,1117
1639,1128,1151,1150
1640,1129,1128,1096
1641,1128,1086,1096
1642,1220,1212,1182
1643,1149,1195,1194
1644,1149,1127,1195
1645,1149,1145,1122
1646,1149,1122,1110
1647,1127,1149,1110
1648,1296,1326,1325
1649,1296,1262,1263
1650,1318,1296,1325
1651,1262,1296,1318
1652,1345,1342,1319
1653,1383,1342,1345
1654,1342,1383,1382
1655,1341,1342,1382
1656,1334,1324,1269
1657,1334,1287,1317
1658,1334,1269,1287
1659,1355,1334,1317
1660,1380,1334,1355
1661,1324,1295,1269
1662,1238,1239,1269
1663,1124,1043,1118
1664,936,992,981
1665,921,936,911
1666,921,890,922
1667,890,921,911
1668,826,863,833
1669,864,863,826
1670,900,863,864
1671,899,863,900
1672,955,900,935
1673,981,955,935
1674,955,981,988
1675,1437,1422,1457
1676,1422,1437,1396
1677,1390,1422,1396
1678,1422,1390,1423
1679,1437,1464,1419
1680,1464,1437,1483
1681,1429,1463,1462
1682,1444,1429,1462
1683,1395,1429,1414
1684,1429,1444,1414
1685,1362,1332,1337
1686,1369,1368,1337
1687,1390,1368,1369
1688,1368,1362,1337
1689,1368,1390,1396
1690,1362,1368,1396
1691,1343,1313,1349
1692,1367,1343,1349
1693,1343,1367,1385
1694,1389,1396,1419
1695,1360,1322,1331
1696,1280,1322,1291
1697,1331,1322,1280
1698,1338,1370,1350
1699,1323,1338,1350
1700,1338,1323,1304
1701,1378,1399,1415
1702,1399,1426,1415
1703,1426,1399,1406
1704,1406,1399,1371
1705,1399,1340,1371
1706,1399,1378,1340
1707,1378,1339,1340
1708,1377,1378,1415
1709,1377,1339,1378
1710,1484,1475,1458
1711,1475,1484,1500
1712,1491,1475,1500
1713,1475,1491,1457
1714,1475,1423,1458
1715,1475,1422,1423
1716,1422,1475,1457
1717,1526,1500,1548
1718,1526,1491,1500
1719,1658,1629,1672
1720,1658,1628,1629
1721,1628,1658,1627
1722,1627,1658,1687
1723,1694,1658,1672
1724,1658,1694,1687
1725,1622,1601,1653
1726,1622,1600,1601
1727,1676,1622,1653
1728,1622,1676,1652
1729,1530,1527,1549
1730,1527,1530,1492
1731,1501,1451,1476
1732,1518,1501,1476
1733,1541,1501,1518
1734,1794,1818,1789
1735,1779,1818,1823
1736,1818,1779,1789
1737,1760,1755,1731
1738,1755,1722,1731
1739,1755,1760,1799
1740,1794,1755,1799
1741,1755,1794,1749
1742,1776,1723,1767
1743,1776,1800,1760
1744,1776,1767,1801
1745,1800,1776,1801
1746,1651,1646,1697
1747,1723,1646,1652
1748,1646,1723,1697
1749,1668,1697,1696
1750,1668,1651,1697
1751,1695,1668,1696
1752,1630,1668,1675
1753,1668,1695,1675
1754,1583,1582,1549
1755,1679,1686,1644
1756,1657,1679,1644
1757,1686,1679,1712
1758,1200,1199,1125
1759,1142,1200,1125
1760,1200,1142,1173
1761,1132,1115,1084
1762,1115,1132,1139
1763,1084,1115,1067
1764,1332,1303,1337
1765,1274,1303,1268
1766,1303,1274,1337
1767,1303,1254,1268
1768,1254,1303,1280
1769,1303,1331,1280
1770,1303,1332,1331
1771,1244,1275,1243
1772,1198,1244,1243
1773,1244,1198,1227
1774,1290,1289,1258
1775,1289,1290,1313
1776,1343,1289,1313
1777,1289,1343,1385
1778,1289,1385,1210
1779,1258,1289,1210
1780,1255,1283,1282
1781,1245,1255,1282
1782,1255,1245,1217
1783,1045,1044,1013
1784,1045,1073,1044
1785,916,938,893
1786,945,938,916
1787,938,901,893
1788,927,925,902
1789,857,892,891
1790,837,844,867
1791,867,844,868
1792,818,844,797
1793,844,837,797
1794,844,869,868
1795,844,818,845
1796,869,844,845
1797,733,718,770
1798,748,733,770
1799,733,717,718
1800,733,748,717
1801,152,133,122
1802,152,151,133
1803,151,152,173
1804,163,152,122
1805,173,152,163
1806,167,132,162
1807,132,113,162
1808,111,132,155
1809,117,111,142
1810,111,117,98
1811,117,142,129
1812,48,51,63
1813,51,38,54
1814,51,48,38
1815,92,72,69
1816,69,72,54
1817,72,51,54
1818,51,72,63
1819,91,111,87
1820,91,72,92
1821,63,91,87
1822,72,91,63
1823,56,37,61
1824,56,66,52
1825,66,56,85
1826,43,67,61
1827,37,43,61
1828,43,44,67
1829,44,43,32
1830,43,29,32
1831,43,37,29
1832,27,23,17
1833,23,26,15
1834,67,78,61
1835,78,56,61
1836,56,78,85
1837,138,120,161
1838,120,141,161
1839,107,117,129
1840,117,107,98
1841,98,107,68
1842,196,171,222
1843,171,196,154
1844,131,110,138
1845,160,131,138
1846,110,131,128
1847,408,416,440
1848,415,408,440
1849,416,408,379
1850,408,415,379
1851,425,439,482
1852,439,425,414
1853,439,504,482
1854,504,439,490
1855,490,439,440
1856,439,415,440
1857,415,439,414
1858,216,217,240
1859,217,216,161
1860,19,20,30
1861,20,19,10
1862,19,8,10
1863,8,19,18
1864,31,39,30
1865,39,31,35
1866,39,75,57
1867,75,39,35
1868,21,25,35
1869,31,21,35
1870,11,21,14
1871,21,11,25
1872,21,31,20
1873,21,9,14
1874,21,20,9
1875,259,274,234
1876,274,304,303
1877,234,274,303
1878,304,274,286
1879,274,259,286
1880,214,209,250
1881,281,214,250
1882,259,214,281
1883,209,214,180
1884,83,74,95
1885,105,83,95
1886,83,105,82
1887,74,83,57
1888,170,215,209
1889,215,170,186
1890,209,215,250
1891,215,239,250
1892,239,215,228
1893,228,215,195
1894,215,186,195
1895,55,58,47
1896,75,58,76
1897,58,35,47
1898,58,75,35
1899,71,97,76
1900,97,71,99
1901,58,71,76
1902,71,58,55
1903,71,66,84
1904,99,71,84
1905,71,55,66
1906,254,260,228
1907,254,282,260
1908,254,196,222
1909,196,254,228
1910,282,254,314
1911,254,287,314
1912,364,323,335
1913,323,314,335
1914,323,282,314
1915,289,329,306
1916,329,289,346
1917,418,381,382
1918,401,418,382
1919,418,401,457
1920,471,442,448
1921,381,356,346
1922,356,329,346
1923,329,356,355
1924,385,356,409
1925,356,385,355
1926,245,289,306
1927,245,252,289
1928,252,245,219
1929,369,393,368
1930,499,446,483
1931,460,446,499
1932,446,460,426
1933,369,337,338
1934,337,369,368
1935,244,243,200
1936,243,237,200
1937,272,243,244
1938,283,299,270
1939,288,272,256
1940,317,328,338
1941,317,288,328
1942,288,317,272
1943,337,317,338
1944,134,145,178
1945,144,134,178
1946,134,114,148
1947,145,134,148
1948,512,544,521
1949,238,233,265
1950,264,238,265
1951,233,238,211
1952,238,232,211
1953,238,264,232
1954,265,307,292
1955,307,330,292
1956,258,307,265
1957,293,307,258
1958,330,307,341
1959,307,293,341
1960,330,386,372
1961,372,386,396
1962,403,386,341
1963,386,330,341
1964,386,450,396
1965,357,383,402
1966,443,383,396
1967,383,372,396
1968,324,371,340
1969,324,357,371
1970,290,324,340
1971,324,290,300
1972,324,300,318
1973,357,324,318
1974,520,556,501
1975,556,532,501
1976,556,520,577
1977,532,556,576
1978,458,443,477
1979,458,484,457
1980,442,470,409
1981,470,442,471
1982,168,192,191
1983,192,168,144
1984,190,168,191
1985,139,168,156
1986,168,190,156
1987,190,189,156
1988,189,190,219
1989,189,177,156
1990,177,189,219
1991,13,12,7
1992,12,11,7
1993,126,104,118
1994,80,104,89
1995,89,104,125
1996,104,126,125
1997,18,33,34
1998,33,19,30
1999,19,33,18
2000,46,65,34
2001,33,46,34
2002,46,33,49
2003,60,83,82
2004,83,60,57
2005,466,433,436
2006,472,466,436
2007,433,466,455
2008,466,497,455
2009,578,597,566
2010,597,578,641
2011,597,641,658
2012,597,658,538
2013,566,597,538
2014,550,578,566
2015,550,566,538
2016,524,550,538
2017,550,524,558
2018,578,550,558
2019,736,726,755
2020,797,736,755
2021,701,736,735
2022,641,701,658
2023,803,759,797
2024,759,736,797
2025,736,759,735
2026,642,660,599
2027,728,772,760
2028,660,659,629
2029,614,659,666
2030,659,614,629
2031,422,454,538
2032,422,538,125
2033,432,422,399
2034,454,422,432
2035,422,125,303
2036,399,422,303
2037,635,667,653
2038,625,589,590
2039,625,635,589
2040,625,667,635
2041,540,560,590
2042,561,560,517
2043,365,364,335
2044,365,400,364
2045,400,365,391
2046,365,366,391
2047,366,365,336
2048,365,315,336
2049,315,365,335
2050,469,489,517
2051,407,437,436
2052,437,472,436
2053,472,437,467
2054,437,468,467
2055,407,390,363
2056,390,407,433
2057,423,390,433
2058,390,352,363
2059,352,390,389
2060,390,423,389
2061,776,790,819
2062,790,820,819
2063,820,790,791
2064,683,662,653
2065,662,683,692
2066,737,683,702
2067,683,667,702
2068,667,683,653
2069,480,487,454
2070,487,524,538
2071,454,487,538
2072,524,487,506
2073,487,480,506
2074,473,498,468
2075,516,498,525
2076,467,498,516
2077,468,498,467
2078,540,508,503
2079,503,508,474
2080,508,473,474
2081,508,498,473
2082,508,540,525
2083,498,508,525
2084,616,617,653
2085,631,616,653
2086,616,631,580
2087,616,580,567
2088,617,616,567
2089,539,580,579
2090,547,539,579
2091,539,516,567
2092,580,539,567
2093,539,472,516
2094,757,799,785
2095,738,799,757
2096,799,830,785
2097,830,799,838
2098,720,698,721
2099,698,720,673
2100,750,756,720
2101,756,707,720
2102,707,756,729
2103,756,750,791
2104,790,756,791
2105,510,499,483
2106,548,510,518
2107,530,548,568
2108,554,530,568
2109,530,510,548
2110,510,530,499
2111,499,530,529
2112,530,554,529
2113,595,554,568
2114,595,604,622
2115,604,595,568
2116,593,563,594
2117,563,593,592
2118,554,553,529
2119,563,553,594
2120,553,595,594
2121,595,553,554
2122,534,528,490
2123,475,534,490
2124,528,534,562
2125,534,563,562
2126,553,534,529
2127,534,553,563
2128,416,445,440
2129,445,475,440
2130,445,416,426
2131,460,445,426
2132,644,636,607
2133,668,636,644
2134,591,581,607
2135,581,591,561
2136,636,591,607
2137,591,636,632
2138,582,574,551
2139,574,541,551
2140,574,582,608
2141,527,581,561
2142,489,527,517
2143,527,561,517
2144,575,576,634
2145,610,575,634
2146,575,610,569
2147,531,575,569
2148,575,532,576
2149,532,575,531
2150,649,623,637
2151,623,610,637
2152,623,649,648
2153,623,585,569
2154,610,623,569
2155,623,648,609
2156,584,623,609
2157,585,623,584
2158,765,753,740
2159,753,765,781
2160,745,753,781
2161,753,709,740
2162,753,745,709
2163,898,910,933
2164,883,910,898
2165,863,883,833
2166,883,863,899
2167,910,883,899
2168,874,873,842
2169,873,874,898
2170,874,883,898
2171,825,874,842
2172,874,825,833
2173,883,874,833
2174,824,815,847
2175,801,824,841
2176,824,847,841
2177,711,724,768
2178,678,711,670
2179,724,711,678
2180,787,788,817
2181,782,787,808
2182,787,817,808
2183,754,787,782
2184,651,680,679
2185,688,627,671
2186,611,650,638
2187,650,678,670
2188,638,650,670
2189,678,650,679
2190,650,651,679
2191,651,650,612
2192,650,611,612
2193,647,633,675
2194,633,647,604
2195,633,604,609
2196,648,633,609
2197,675,633,686
2198,633,648,686
2199,723,752,714
2200,752,779,714
2201,779,752,786
2202,779,751,714
2203,708,751,738
2204,714,751,674
2205,751,708,674
2206,693,714,674
2207,693,723,714
2208,723,693,715
2209,583,619,608
2210,619,583,592
2211,645,654,608
2212,619,645,608
2213,645,619,646
2214,645,646,674
2215,654,645,674
2216,1022,1055,1010
2217,1055,1022,1030
2218,1030,1022,998
2219,1022,977,998
2220,977,1022,1010
2221,1070,1094,1081
2222,1055,1070,1081
2223,1094,1070,1071
2224,1070,1055,1030
2225,1070,1038,1071
2226,1070,1030,1038
2227,871,823,813
2228,823,871,839
2229,823,781,813
2230,1069,1091,1057
2231,1091,1069,1092
2232,1027,1021,995
2233,1054,1021,1027
2234,1021,1054,1026
2235,1021,994,995
2236,1021,1026,994
2237,1079,1085,1125
2238,1054,1085,1026
2239,1218,1193,1256
2240,1193,1218,1148
2241,1218,1211,1148
2242,1167,1211,1217
2243,1142,1167,1173
2244,1140,1167,1142
2245,1293,1315,1340
2246,1284,1315,1293
2247,1285,1315,1284
2248,1333,1285,1310
2249,1353,1333,1310
2250,1333,1353,1372
2251,1333,1315,1285
2252,789,849,845
2253,849,789,827
2254,849,869,845
2255,869,849,878
2256,878,849,850
2257,849,827,850
2258,198,188,230
2259,198,172,188
2260,198,230,242
2261,172,197,155
2262,198,197,172
2263,229,197,242
2264,197,198,242
2265,294,293,266
2266,293,294,321
2267,247,294,266
2268,277,294,247
2269,294,308,321
2270,294,277,308
2271,404,403,341
2272,373,404,341
2273,459,404,463
2274,428,459,462
2275,428,386,403
2276,404,428,403
2277,428,404,459
2278,450,428,462
2279,386,428,450
2280,478,464,430
2281,464,478,495
2282,358,374,342
2283,342,374,331
2284,301,277,267
2285,302,301,267
2286,277,301,308
2287,308,301,331
2288,301,302,331
2289,1680,1657,1666
2290,1713,1680,1666
2291,1680,1679,1657
2292,1575,1571,1557
2293,1575,1606,1571
2294,1606,1575,1607
2295,1575,1572,1607
2296,1916,1868,1884
2297,1868,1847,1884
2298,1847,1868,1842
2299,1868,1883,1842
2300,1719,1718,1677
2301,1718,1717,1691
2302,1718,1719,1744
2303,1660,1718,1691
2304,1677,1718,1660
2305,1949,1932,1933
2306,1931,1932,1949
2307,1790,1814,1802
2308,1814,1790,1791
2309,1915,1931,1924
2310,1915,1868,1916
2311,1868,1915,1883
2312,1930,1941,1955
2313,1941,1942,1955
2314,1908,1941,1930
2315,1908,1907,1872
2316,1907,1908,1930
2317,1941,1909,1942
2318,1909,1941,1908
2319,1883,1909,1882
2320,1909,1908,1882
2321,1861,1846,1872
2322,1861,1812,1813
2323,1846,1861,1813
2324,1812,1861,1832
2325,1861,1860,1832
2326,1733,1716,1742
2327,1689,1716,1733
2328,1716,1717,1742
2329,1720,1759,1730
2330,1787,1759,1788
2331,1759,1775,1788
2332,1759,1720,1775
2333,1730,1759,1754
2334,1759,1787,1754
2335,1923,1897,1935
2336,1897,1922,1935
2337,1922,1897,1888
2338,1860,1897,1853
2339,1897,1860,1888
2340,1852,1859,1879
2341,1832,1824,1801
2342,1824,1800,1801
2343,1824,1832,1853
2344,1845,1824,1853
2345,1824,1845,1799
2346,1800,1824,1799
2347,1786,1811,1810
2348,1786,1787,1811
2349,1785,1786,1810
2350,1786,1785,1754
2351,1787,1786,1754
2352,1809,1830,1829
2353,1830,1858,1829
2354,1830,1785,1810
2355,1785,1830,1809
2356,1877,1901,1892
2357,1858,1877,1892
2358,1903,1878,1852
2359,928,963,962
2360,927,928,962
2361,928,927,902
2362,928,939,963
2363,939,928,895
2364,928,902,895
2365,1926,1947,1919
2366,1927,1926,1874
2367,1926,1964,1947
2368,1964,1926,1927
2369,1869,1926,1919
2370,1926,1869,1874
2371,1968,1979,1981
2372,1973,1979,1968
2373,1979,1973,1982
2374,1979,1982,1991
2375,1981,1979,1991
2376,1951,1928,1959
2377,1973,1951,1959
2378,1951,1973,1968
2379,1875,1854,1855
2380,1854,1863,1835
2381,1863,1854,1900
2382,1854,1875,1900
2383,1827,1854,1835
2384,1854,1827,1855
2385,1920,1937,1900
2386,1875,1920,1900
2387,1920,1938,1958
2388,1961,1920,1958
2389,1920,1961,1937
2390,1920,1876,1938
2391,1876,1920,1875
2392,1856,1876,1855
2393,1876,1875,1855
2394,1945,1876,1889
2395,1876,1945,1938
2396,1656,1698,1678
2397,1650,1656,1678
2398,1656,1650,1634
2399,1843,1856,1816
2400,1817,1843,1816
2401,1843,1817,1836
2402,1876,1843,1889
2403,1843,1876,1856
2404,1843,1866,1889
2405,1843,1836,1866
2406,1986,1987,1989
2407,1971,1986,1989
2408,1978,1972,1962
2409,1990,1978,1981
2410,1978,1968,1981
2411,1968,1978,1962
2412,1980,1990,1987
2413,1980,1978,1990
2414,1978,1980,1972
2415,1155,1192,1163
2416,1119,1089,719
2417,1155,1119,719
2418,1192,1197,1163
2419,1235,1223,1251
2420,1223,1235,1208
2421,1235,1207,1208
2422,1288,1235,1251
2423,1235,1288,1266
2424,1596,1612,1619
2425,1612,1596,1589
2426,1612,1633,1619
2427,1612,1613,1633
2428,1613,1612,1589
2429,1596,1563,1589
2430,1515,1563,1543
2431,1563,1560,1543
2432,1560,1563,1596
2433,1563,1516,1589
2434,1563,1515,1516
2435,1626,1564,1565
2436,1729,1625,1626
2437,1707,1746,1753
2438,1707,1685,1746
2439,1736,1707,1753
2440,1698,1707,1736
2441,1685,1707,1698
2442,1758,1724,1778
2443,1729,1724,1758
2444,1724,1729,1693
2445,1724,1737,1778
2446,1724,1699,1737
2447,1699,1724,1693
2448,1614,1643,1617
2449,1642,1643,1674
2450,1674,1643,1709
2451,1643,1614,1709
2452,1604,1579,1617
2453,1643,1604,1617
2454,1604,1643,1642
2455,1579,1604,1565
2456,1604,1626,1565
2457,1604,1642,1626
2458,1699,1738,1737
2459,1738,1699,1708
2460,1870,1890,1894
2461,1806,1870,1805
2462,1866,1870,1894
2463,1870,1866,1805
2464,1953,1739,1709
2465,1837,1739,1953
2466,1739,1708,1709
2467,1739,1738,1708
2468,1632,1649,1660
2469,1649,1677,1660
2470,1654,1616,1655
2471,1624,1662,1655
2472,1624,1611,1662
2473,1616,1624,1655
2474,1611,1624,1586
2475,1624,1616,1586
2476,1587,1611,1586
2477,1553,1587,1586
2478,1611,1587,1594
2479,1594,1587,1532
2480,1587,1553,1532
2481,1520,1490,1532
2482,1520,1479,1490
2483,1553,1520,1532
2484,1520,1546,1528
2485,1520,1553,1546
2486,1466,1520,1528
2487,1479,1520,1466
2488,1494,1519,1498
2489,1519,1542,1498
2490,1542,1519,1531
2491,1519,1502,1531
2492,1502,1519,1494
2493,1477,1502,1494
2494,1453,1477,1494
2495,1447,1477,1453
2496,1502,1477,1478
2497,1477,1447,1478
2498,1416,1446,1407
2499,1416,1387,1417
2500,1446,1416,1453
2501,1416,1417,1453
2502,1416,1407,1379
2503,1387,1416,1379
2504,1461,1488,1487
2505,1513,1488,1489
2506,1488,1452,1489
2507,1452,1488,1461
2508,1433,1445,1400
2509,1433,1461,1445
2510,1433,1400,1427
2511,1452,1433,1427
2512,1433,1452,1461
2513,1514,1551,1539
2514,1551,1514,1552
2515,1551,1559,1539
2516,1551,1584,1559
2517,1584,1551,1585
2518,1551,1552,1585
2519,1439,1438,1406
2520,1438,1426,1406
2521,1426,1438,1451
2522,1451,1438,1476
2523,1438,1439,1476
2524,1455,1467,1490
2525,1467,1473,1490
2526,1473,1467,1448
2527,1467,1421,1448
2528,1421,1467,1455
2529,1124,1146,1136
2530,1146,1118,1161
2531,1146,1124,1118
2532,1118,1113,1161
2533,1043,1113,1118
2534,1065,1033,1089
2535,1062,1016,1017
2536,1047,1016,1062
2537,1016,986,1017
2538,1016,990,986
2539,1087,1134,1101
2540,1087,1111,1134
2541,1087,1101,1072
2542,1087,1039,1040
2543,1039,1087,1072
2544,1083,1087,1040
2545,1087,1083,1111
2546,1121,1094,1071
2547,1095,1121,1071
2548,1121,1120,1094
2549,1120,1121,1144
2550,1121,1095,1122
2551,1145,1121,1122
2552,1468,1506,1499
2553,1505,1521,1516
2554,1516,1521,1589
2555,1521,1578,1589
2556,1521,1505,1499
2557,1481,1504,1480
2558,1515,1504,1481
2559,1504,1503,1480
2560,1503,1504,1543
2561,1504,1515,1543
2562,1222,1250,1271
2563,1184,1222,1271
2564,1327,1311,1271
2565,1311,1265,1271
2566,1311,1345,1319
2567,1311,1327,1345
2568,1270,1311,1319
2569,1311,1270,1265
2570,1272,1250,1241
2571,1272,1299,1250
2572,1299,1272,1300
2573,1266,1272,1241
2574,1388,1392,1357
2575,1392,1381,1357
2576,1418,1392,1388
2577,1421,1392,1418
2578,1381,1409,1408
2579,1408,1409,1454
2580,1409,1421,1454
2581,1392,1409,1381
2582,1409,1392,1421
2583,1248,1212,1220
2584,1249,1248,1220
2585,1181,1212,1196
2586,1151,1181,1150
2587,1181,1196,1150
2588,1212,1181,1182
2589,1221,1249,1220
2590,1221,1220,1182
2591,1170,1221,1182
2592,1134,1158,1170
2593,1158,1221,1170
2594,1221,1158,1206
2595,1111,1158,1134
2596,1354,1334,1380
2597,1334,1354,1324
2598,1387,1354,1380
2599,1354,1387,1379
2600,1316,1354,1379
2601,1324,1354,1316
2602,1294,1316,1277
2603,1294,1324,1316
2604,1294,1295,1324
2605,1295,1261,1269
2606,1261,1238,1269
2607,1294,1261,1295
2608,1205,1261,1231
2609,1238,1261,1205
2610,1238,1190,1239
2611,1239,1190,1194
2612,1175,1190,1205
2613,1190,1238,1205
2614,1145,1190,1175
2615,1190,1149,1194
2616,1149,1190,1145
2617,921,956,936
2618,992,956,989
2619,956,992,936
2620,956,957,989
2621,957,956,922
2622,956,921,922
2623,898,944,915
2624,915,944,887
2625,944,909,887
2626,944,943,909
2627,979,1031,1018
2628,1102,1130,1154
2629,1043,1042,1012
2630,1042,1001,1012
2631,910,934,933
2632,934,910,899
2633,934,899,900
2634,955,934,900
2635,1429,1436,1463
2636,1464,1436,1419
2637,1436,1464,1463
2638,1436,1429,1395
2639,1436,1389,1419
2640,1463,1497,1462
2641,1464,1497,1463
2642,1497,1464,1483
2643,1525,1526,1557
2644,1525,1497,1483
2645,1497,1525,1535
2646,1491,1525,1483
2647,1526,1525,1491
2648,1423,1424,1458
2649,1424,1423,1391
2650,1361,1360,1331
2651,1361,1389,1360
2652,1332,1361,1331
2653,1362,1361,1332
2654,1361,1362,1396
2655,1389,1361,1396
2656,1389,1386,1360
2657,1386,1395,1349
2658,1360,1386,1349
2659,1386,1436,1395
2660,1436,1386,1389
2661,1321,1360,1349
2662,1321,1322,1360
2663,1313,1321,1349
2664,1290,1321,1313
2665,1321,1290,1291
2666,1322,1321,1291
2667,1245,1202,1217
2668,1167,1202,1173
2669,1202,1167,1217
2670,1339,1314,1340
2671,1314,1293,1340
2672,1314,1283,1293
2673,1283,1314,1282
2674,1314,1339,1282
2675,1281,1245,1282
2676,1308,1338,1304
2677,1276,1308,1304
2678,1281,1308,1276
2679,1572,1545,1548
2680,1545,1526,1548
2681,1526,1545,1557
2682,1545,1575,1557
2683,1575,1545,1572
2684,1493,1527,1492
2685,1527,1493,1485
2686,1493,1459,1485
2687,1432,1459,1431
2688,1460,1432,1415
2689,1459,1460,1485
2690,1432,1460,1459
2691,1426,1460,1415
2692,1460,1426,1451
2693,1510,1527,1485
2694,1510,1536,1527
2695,1537,1501,1541
2696,1537,1541,1562
2697,1510,1537,1536
2698,1537,1510,1501
2699,1721,1755,1749
2700,1755,1721,1722
2701,1722,1721,1696
2702,1721,1695,1696
2703,1695,1721,1749
2704,1599,1609,1582
2705,1583,1599,1582
2706,1609,1599,1630
2707,1536,1550,1527
2708,1527,1550,1549
2709,1550,1583,1549
2710,1598,1606,1627
2711,1597,1598,1627
2712,1606,1598,1571
2713,1525,1556,1535
2714,1571,1556,1557
2715,1556,1525,1557
2716,1657,1637,1666
2717,1637,1657,1620
2718,1637,1667,1666
2719,1667,1637,1627
2720,1637,1597,1627
2721,1580,1620,1570
2722,1229,1281,1276
2723,1281,1229,1245
2724,1229,1202,1245
2725,1255,1246,1283
2726,1218,1246,1211
2727,1211,1246,1217
2728,1246,1255,1217
2729,1283,1246,1256
2730,1246,1218,1256
2731,982,993,1013
2732,1073,1114,1138
2733,1114,1156,1138
2734,1098,1099,1147
2735,1099,1139,1147
2736,1115,1099,1067
2737,1099,1115,1139
2738,971,938,945
2739,894,925,916
2740,894,916,868
2741,869,894,868
2742,925,894,902
2743,894,869,878
2744,902,894,878
2745,1052,1084,1067
2746,1034,1052,1067
2747,1026,1009,994
2748,952,945,916
2749,925,952,916
2750,952,971,945
2751,952,925,927
2752,892,858,901
2753,858,837,867
2754,858,892,857
2755,858,857,836
2756,837,858,836
2757,172,150,167
2758,150,132,167
2759,150,172,155
2760,132,150,155
2761,112,132,111
2762,91,112,111
2763,132,112,113
2764,112,92,113
2765,112,91,92
2766,37,42,28
2767,56,42,37
2768,23,16,17
2769,16,23,15
2770,16,7,17
2771,16,15,7
2772,23,36,26
2773,36,23,27
2774,78,86,101
2775,86,78,67
2776,86,67,68
2777,107,86,68
2778,100,110,85
2779,78,100,85
2780,110,100,138
2781,100,78,101
2782,100,120,138
2783,120,100,101
2784,121,120,101
2785,86,121,101
2786,121,86,107
2787,121,107,129
2788,141,121,129
2789,120,121,141
2790,171,204,222
2791,131,147,128
2792,147,131,160
2793,140,154,137
2794,140,171,154
2795,119,140,137
2796,140,119,128
2797,147,140,128
2798,140,147,171
2799,39,50,30
2800,50,33,30
2801,33,50,49
2802,50,39,57
2803,60,50,57
2804,50,60,49
2805,213,214,259
2806,213,234,185
2807,213,259,234
2808,213,185,180
2809,214,213,180
2810,282,326,295
2811,323,326,282
2812,326,322,295
2813,347,326,353
2814,326,347,322
2815,326,364,353
2816,326,323,364
2817,339,329,355
2818,288,339,328
2819,339,288,306
2820,329,339,306
2821,410,418,448
2822,418,410,381
2823,442,410,448
2824,410,442,409
2825,356,410,409
2826,410,356,381
2827,449,418,457
2828,418,449,448
2829,448,449,501
2830,449,484,501
2831,484,449,457
2832,183,218,182
2833,244,218,256
2834,182,218,200
2835,218,244,200
2836,223,183,177
2837,223,177,219
2838,245,223,219
2839,223,218,183
2840,223,245,256
2841,218,223,256
2842,393,419,426
2843,419,446,426
2844,518,476,493
2845,255,270,230
2846,255,283,270
2847,237,255,230
2848,283,316,299
2849,299,316,327
2850,316,337,368
2851,380,316,368
2852,316,380,327
2853,276,255,237
2854,255,276,283
2855,276,316,283
2856,276,317,337
2857,316,276,337
2858,134,124,114
2859,124,134,144
2860,124,139,114
2861,571,570,521
2862,544,571,521
2863,570,571,600
2864,571,628,639
2865,571,627,600
2866,627,571,639
2867,572,564,602
2868,572,522,564
2869,557,544,512
2870,557,571,544
2871,571,557,628
2872,350,357,318
2873,350,383,357
2874,383,350,372
2875,291,350,318
2876,350,291,372
2877,586,556,577
2878,556,586,576
2879,576,586,634
2880,586,638,634
2881,586,611,638
2882,611,586,577
2883,484,485,511
2884,458,485,484
2885,485,458,477
2886,485,505,511
2887,505,485,477
2888,427,458,457
2889,427,401,402
2890,401,427,457
2891,458,427,443
2892,383,427,402
2893,427,383,443
2894,500,471,531
2895,500,470,471
2896,519,500,531
2897,500,519,493
2898,470,500,493
2899,143,168,139
2900,168,143,144
2901,124,143,139
2902,143,124,144
2903,25,22,47
2904,22,26,47
2905,11,22,25
2906,12,22,11
2907,26,22,13
2908,22,12,13
2909,81,104,80
2910,81,80,65
2911,118,81,82
2912,104,81,118
2913,59,46,49
2914,60,59,49
2915,46,59,65
2916,59,81,65
2917,736,695,726
2918,771,803,796
2919,771,759,803
2920,771,796,758
2921,642,615,630
2922,615,642,599
2923,615,579,630
2924,615,599,579
2925,661,662,692
2926,662,661,630
2927,661,642,630
2928,727,728,760
2929,726,727,755
2930,784,727,760
2931,727,784,755
2932,772,713,761
2933,728,713,772
2934,683,713,692
2935,713,776,761
2936,776,713,737
2937,713,683,737
2938,707,684,673
2939,625,684,667
2940,684,707,702
2941,667,684,702
2942,673,684,643
2943,684,625,643
2944,526,540,503
2945,526,560,540
2946,560,526,517
2947,481,469,517
2948,481,503,474
2949,526,481,517
2950,481,526,503
2951,413,425,444
2952,376,413,378
2953,425,413,376
2954,413,367,378
2955,413,392,367
2956,468,412,424
2957,437,412,468
2958,364,412,353
2959,412,400,424
2960,400,412,364
2961,412,377,353
2962,412,407,377
2963,412,437,407
2964,762,776,737
2965,762,790,776
2966,762,756,790
2967,762,737,729
2968,756,762,729
2969,539,507,472
2970,507,539,547
2971,507,466,472
2972,507,547,497
2973,466,507,497
2974,654,685,644
2975,685,668,644
2976,685,654,674
2977,708,685,674
2978,663,698,673
2979,663,673,643
2980,632,663,643
2981,698,663,668
2982,663,636,668
2983,636,663,632
2984,722,698,668
2985,698,722,721
2986,777,722,757
2987,722,763,721
2988,763,722,777
2989,534,491,529
2990,491,534,475
2991,491,499,529
2992,491,460,499
2993,491,445,460
2994,445,491,475
2995,606,591,632
2996,560,606,590
2997,606,560,561
2998,591,606,561
2999,606,632,643
3000,625,606,643
3001,606,625,590
3002,618,574,608
3003,654,618,608
3004,618,654,644
3005,574,618,581
3006,618,644,607
3007,581,618,607
3008,527,533,581
3009,574,533,541
3010,533,574,581
3011,533,509,541
3012,509,533,489
3013,533,527,489
3014,815,793,774
3015,793,767,774
3016,824,793,815
3017,767,793,801
3018,793,824,801
3019,742,711,768
3020,742,768,774
3021,767,742,774
3022,706,742,767
3023,731,680,694
3024,731,754,724
3025,731,724,679
3026,680,731,679
3027,787,731,788
3028,731,787,754
3029,680,665,694
3030,665,688,694
3031,665,651,626
3032,665,680,651
3033,627,665,626
3034,688,665,627
3035,700,688,671
3036,700,671,689
3037,732,700,743
3038,700,689,743
3039,688,716,694
3040,747,716,732
3041,716,700,732
3042,700,716,688
3043,931,959,930
3044,959,1000,930
3045,959,991,1000
3046,959,931,932
3047,959,932,991
3048,764,752,723
3049,764,723,715
3050,786,764,792
3051,752,764,786
3052,764,780,792
3053,764,715,739
3054,780,764,739
3055,778,799,738
3056,751,778,738
3057,778,751,779
3058,621,595,622
3059,595,621,594
3060,593,620,592
3061,620,619,592
3062,620,593,594
3063,621,620,594
3064,807,832,792
3065,780,807,792
3066,832,807,839
3067,745,773,739
3068,773,780,739
3069,773,807,780
3070,773,745,781
3071,1126,1092,1148
3072,1126,1091,1092
3073,1090,1126,1140
3074,1126,1090,1091
3075,1375,1352,1372
3076,1352,1333,1372
3077,1333,1352,1315
3078,1352,1375,1371
3079,1340,1352,1371
3080,1315,1352,1340
3081,207,142,155
3082,197,207,155
3083,207,229,251
3084,207,197,229
3085,397,404,373
3086,397,405,430
3087,397,373,331
3088,374,397,331
3089,397,374,405
3090,494,464,495
3091,494,522,502
3092,494,502,463
3093,464,494,463
3094,406,374,358
3095,431,406,411
3096,406,358,411
3097,374,406,405
3098,405,406,451
3099,406,431,451
3100,1768,1743,1744
3101,1743,1718,1744
3102,1762,1743,1768
3103,1743,1762,1717
3104,1718,1743,1717
3105,1833,1862,1802
3106,1814,1833,1802
3107,1833,1814,1841
3108,1862,1833,1882
3109,1833,1883,1882
3110,1883,1833,1841
3111,1910,1915,1924
3112,1915,1910,1883
3113,1910,1909,1883
3114,1942,1910,1924
3115,1909,1910,1942
3116,1929,1907,1930
3117,1907,1929,1922
3118,1948,1929,1930
3119,1922,1929,1948
3120,1907,1881,1872
3121,1881,1861,1872
3122,1881,1922,1888
3123,1881,1907,1922
3124,1860,1881,1888
3125,1861,1881,1860
3126,1717,1690,1691
3127,1716,1690,1717
3128,1690,1716,1689
3129,1690,1647,1691
3130,1690,1669,1647
3131,1690,1689,1669
3132,1906,1923,1905
3133,1906,1897,1923
3134,1896,1844,1871
3135,1844,1845,1871
3136,1844,1896,1879
3137,1859,1844,1879
3138,1844,1859,1818
3139,1844,1818,1794
3140,1845,1844,1799
3141,1844,1794,1799
3142,1901,1886,1914
3143,1877,1886,1901
3144,1886,1877,1858
3145,1893,1903,1852
3146,1893,1852,1879
3147,1904,1893,1879
3148,1921,1893,1904
3149,1903,1893,1921
3150,1903,1902,1878
3151,1902,1921,1914
3152,1902,1903,1921
3153,1951,1946,1928
3154,1946,1939,1889
3155,1928,1946,1889
3156,1946,1968,1939
3157,1946,1951,1968
3158,1664,1685,1698
3159,1656,1664,1698
3160,1664,1656,1634
3161,1664,1729,1685
3162,1664,1625,1729
3163,1976,1971,1961
3164,1976,1986,1971
3165,1986,1976,1987
3166,1972,1976,1961
3167,1187,1155,1253
3168,1187,1192,1155
3169,1307,1252,1253
3170,1131,1155,1163
3171,1131,1119,1155
3172,1119,1131,1089
3173,1213,1222,1185
3174,1250,1213,1241
3175,1222,1213,1250
3176,1197,1162,1163
3177,1113,1162,1161
3178,1162,1113,1106
3179,1162,1131,1163
3180,1131,1162,1106
3181,1267,1209,1242
3182,1209,1197,1242
3183,1162,1209,1161
3184,1209,1162,1197
3185,1234,1235,1266
3186,1235,1234,1207
3187,1234,1266,1241
3188,1213,1234,1241
3189,1234,1213,1207
3190,1394,1442,1441
3191,1428,1411,1402
3192,1474,1517,1495
3193,1517,1506,1495
3194,1613,1602,1634
3195,1602,1613,1589
3196,1578,1602,1589
3197,1603,1602,1578
3198,1603,1564,1626
3199,1625,1603,1626
3200,1837,1867,1806
3201,1867,1870,1806
3202,1867,1837,1890
3203,1870,1867,1890
3204,1739,1771,1738
3205,1771,1806,1737
3206,1738,1771,1737
3207,1771,1739,1837
3208,1677,1661,1682
3209,1649,1661,1677
3210,1661,1654,1682
3211,1616,1593,1586
3212,1592,1618,1632
3213,1618,1649,1632
3214,1593,1618,1592
3215,1618,1593,1616
3216,1618,1661,1649
3217,1618,1616,1654
3218,1661,1618,1654
3219,1146,1160,1136
3220,1207,1160,1208
3221,1186,1146,1161
3222,1186,1209,1223
3223,1209,1186,1161
3224,1186,1223,1208
3225,1160,1186,1208
3226,1186,1160,1146
3227,1015,1047,1046
3228,1015,1016,1047
3229,1016,1015,990
3230,1015,978,990
3231,1015,1046,999
3232,967,1015,999
3233,1015,967,978
3234,1083,1112,1111
3235,1112,1158,1111
3236,1112,1102,1154
3237,1482,1506,1468
3238,1506,1482,1495
3239,1506,1540,1499
3240,1540,1521,1499
3241,1540,1517,1564
3242,1517,1540,1506
3243,1222,1191,1185
3244,1191,1222,1184
3245,1306,1341,1305
3246,1306,1342,1341
3247,1270,1306,1249
3248,1342,1306,1319
3249,1306,1270,1319
3250,1264,1296,1263
3251,1196,1264,1263
3252,1212,1264,1196
3253,1248,1264,1212
3254,1296,1264,1326
3255,1240,1221,1206
3256,1240,1206,1233
3257,1240,1270,1249
3258,1221,1240,1249
3259,1265,1240,1233
3260,1270,1240,1265
3261,1153,1112,1154
3262,1112,1153,1158
3263,1260,1294,1277
3264,1231,1260,1230
3265,1260,1277,1230
3266,1261,1260,1231
3267,1260,1261,1294
3268,992,1005,981
3269,981,1005,988
3270,988,1005,1012
3271,1005,1043,1012
3272,1113,1077,1106
3273,1065,1078,1033
3274,1078,1077,1050
3275,1078,1065,1089
3276,987,979,943
3277,944,987,943
3278,987,944,980
3279,987,1031,979
3280,1031,1048,1018
3281,1018,1048,1040
3282,1048,1083,1040
3283,1112,1063,1102
3284,1063,1112,1083
3285,1048,1063,1083
3286,1063,1048,1031
3287,1159,1184,1154
3288,1130,1159,1154
3289,1159,1191,1184
3290,1191,1159,1185
3291,1159,1123,1185
3292,1123,1159,1130
3293,1123,1130,1102
3294,1088,1123,1102
3295,1105,1124,1136
3296,1105,1043,1124
3297,1105,1042,1043
3298,1011,1019,1041
3299,934,969,933
3300,1524,1497,1535
3301,1580,1524,1535
3302,1523,1524,1570
3303,1524,1580,1570
3304,1465,1424,1425
3305,1465,1493,1492
3306,1465,1492,1458
3307,1424,1465,1458
3308,1493,1465,1459
3309,1424,1397,1425
3310,1398,1397,1370
3311,1397,1398,1425
3312,1370,1397,1350
3313,1397,1391,1350
3314,1397,1424,1391
3315,1405,1432,1431
3316,1405,1377,1415
3317,1432,1405,1415
3318,1338,1351,1370
3319,1308,1351,1338
3320,1309,1308,1281
3321,1339,1309,1282
3322,1309,1281,1282
3323,1309,1351,1308
3324,1501,1486,1451
3325,1486,1460,1451
3326,1510,1486,1501
3327,1460,1486,1485
3328,1486,1510,1485
3329,1621,1595,1591
3330,1621,1646,1651
3331,1600,1621,1591
3332,1622,1621,1600
3333,1621,1622,1652
3334,1646,1621,1652
3335,1615,1668,1630
3336,1599,1615,1630
3337,1668,1615,1651
3338,1615,1621,1651
3339,1621,1615,1595
3340,1595,1615,1583
3341,1615,1599,1583
3342,1566,1550,1536
3343,1595,1566,1591
3344,1566,1595,1583
3345,1550,1566,1583
3346,1537,1566,1536
3347,1566,1562,1591
3348,1566,1537,1562
3349,1580,1605,1620
3350,1605,1637,1620
3351,1637,1605,1597
3352,1574,1556,1571
3353,1605,1574,1597
3354,1574,1605,1580
3355,1556,1574,1535
3356,1574,1580,1535
3357,1598,1574,1571
3358,1574,1598,1597
3359,1228,1229,1276
3360,1228,1292,1227
3361,1228,1276,1292
3362,1199,1228,1227
3363,1200,1228,1199
3364,1201,1200,1173
3365,1202,1201,1173
3366,1229,1201,1202
3367,1201,1228,1200
3368,1228,1201,1229
3369,1025,1045,1013
3370,993,1025,1013
3371,924,892,901
3372,892,924,891
3373,924,950,891
3374,1114,1074,1098
3375,1074,1114,1073
3376,1045,1074,1073
3377,1025,1074,1045
3378,1066,1034,1067
3379,1099,1066,1067
3380,1066,1099,1098
3381,1053,1079,1084
3382,1052,1053,1084
3383,1053,1052,1008
3384,994,972,962
3385,1009,972,994
3386,972,927,962
3387,972,952,927
3388,971,984,1008
3389,952,984,971
3390,972,984,952
3391,984,1009,1008
3392,984,972,1009
3393,55,40,52
3394,40,36,52
3395,40,55,47
3396,26,40,47
3397,36,40,26
3398,41,36,27
3399,36,41,52
3400,41,56,52
3401,41,42,56
3402,204,235,222
3403,287,235,261
3404,235,254,222
3405,254,235,287
3406,175,204,171
3407,175,147,160
3408,147,175,171
3409,205,160,161
3410,216,205,161
3411,205,175,160
3412,175,205,204
3413,385,395,355
3414,395,339,355
3415,395,385,409
3416,492,476,518
3417,492,510,483
3418,510,492,518
3419,328,370,338
3420,370,369,338
3421,419,420,446
3422,420,441,446
3423,441,420,417
3424,243,271,237
3425,271,276,237
3426,271,243,272
3427,317,271,272
3428,276,271,317
3429,522,536,502
3430,572,536,522
3431,557,536,572
3432,536,512,502
3433,536,557,512
3434,557,601,628
3435,601,557,572
3436,628,601,602
3437,601,572,602
3438,701,672,736
3439,672,695,736
3440,695,672,666
3441,672,701,641
3442,672,603,666
3443,672,641,603
3444,701,691,658
3445,712,691,701
3446,691,712,758
3447,538,691,758
3448,658,691,538
3449,712,744,758
3450,744,771,758
3451,759,734,735
3452,771,734,759
3453,744,734,771
3454,734,744,712
3455,734,701,735
3456,734,712,701
3457,695,696,726
3458,659,696,666
3459,696,695,666
3460,682,713,728
3461,682,661,692
3462,713,682,692
3463,642,682,660
3464,661,682,642
3465,481,456,469
3466,392,456,391
3467,456,481,474
3468,400,456,474
3469,456,400,391
3470,413,438,392
3471,438,456,392
3472,456,438,469
3473,438,413,444
3474,489,438,444
3475,469,438,489
3476,685,730,668
3477,730,722,668
3478,730,685,708
3479,722,730,757
3480,730,738,757
3481,730,708,738
3482,699,742,706
3483,742,699,711
3484,711,699,670
3485,670,699,664
3486,699,706,664
3487,746,731,694
3488,716,746,694
3489,746,716,747
3490,731,746,788
3491,775,746,747
3492,746,775,788
3493,805,779,806
3494,805,778,779
3495,838,805,806
3496,799,805,838
3497,778,805,799
3498,647,669,622
3499,669,621,622
3500,715,669,703
3501,669,647,703
3502,693,669,715
3503,669,620,621
3504,619,655,646
3505,620,655,619
3506,646,655,674
3507,655,693,674
3508,655,669,693
3509,669,655,620
3510,807,800,839
3511,773,800,807
3512,800,773,781
3513,800,823,839
3514,823,800,781
3515,1091,1068,1057
3516,1090,1068,1091
3517,1057,1068,1014
3518,1068,1027,1014
3519,1080,1054,1027
3520,1068,1080,1027
3521,1080,1068,1090
3522,1116,1140,1142
3523,1116,1090,1140
3524,1116,1080,1090
3525,1116,1142,1125
3526,1085,1116,1125
3527,1116,1085,1054
3528,1080,1116,1054
3529,1157,1126,1148
3530,1211,1157,1148
3531,1167,1157,1211
3532,1157,1167,1140
3533,1126,1157,1140
3534,207,176,142
3535,141,176,187
3536,142,176,129
3537,176,141,129
3538,429,397,430
3539,397,429,404
3540,464,429,430
3541,404,429,463
3542,429,464,463
3543,1880,1905,1871
3544,1880,1906,1905
3545,1880,1845,1853
3546,1845,1880,1871
3547,1897,1880,1853
3548,1906,1880,1897
3549,1878,1887,1840
3550,1886,1887,1914
3551,1887,1902,1914
3552,1902,1887,1878
3553,1839,1811,1840
3554,1811,1839,1810
3555,1887,1839,1840
3556,1839,1887,1886
3557,1839,1830,1810
3558,1830,1839,1858
3559,1839,1886,1858
3560,1279,1252,1307
3561,1330,1279,1307
3562,1225,1197,1192
3563,1197,1225,1242
3564,1225,1279,1242
3565,1279,1225,1252
3566,1236,1267,1251
3567,1223,1236,1251
3568,1236,1209,1267
3569,1209,1236,1223
3570,1330,1336,1365
3571,1336,1330,1307
3572,1336,1307,1253
3573,1359,1330,1365
3574,1376,1359,1365
3575,1330,1359,1335
3576,1376,1413,1394
3577,1413,1442,1394
3578,1413,1435,1442
3579,1435,1253,1709
3580,1435,1336,1253
3581,1288,1297,1266
3582,1272,1297,1300
3583,1297,1272,1266
3584,1403,1428,1402
3585,1456,1474,1495
3586,1482,1456,1495
3587,1564,1544,1565
3588,1517,1544,1564
3589,1664,1635,1625
3590,1635,1603,1625
3591,1603,1635,1602
3592,1635,1664,1634
3593,1602,1635,1634
3594,1807,1837,1806
3595,1771,1807,1806
3596,1807,1771,1837
3597,1531,1568,1567
3598,1568,1531,1546
3599,1586,1568,1546
3600,1593,1568,1586
3601,1434,1482,1468
3602,1428,1434,1411
3603,1456,1434,1428
3604,1434,1456,1482
3605,1434,1468,1358
3606,1411,1434,1358
3607,1521,1561,1578
3608,1540,1561,1521
3609,1561,1603,1578
3610,1603,1561,1564
3611,1561,1540,1564
3612,1278,1248,1249
3613,1306,1278,1249
3614,1278,1306,1305
3615,1278,1264,1248
3616,1326,1278,1305
3617,1264,1278,1326
3618,1158,1176,1206
3619,1153,1176,1158
3620,1077,1032,1050
3621,1005,1032,1043
3622,1032,1113,1043
3623,1032,1077,1113
3624,1032,1005,992
3625,1078,1020,1033
3626,1020,1078,1050
3627,1033,1020,989
3628,1020,992,989
3629,1020,1032,992
3630,1032,1020,1050
3631,1107,1131,1106
3632,1077,1107,1106
3633,1078,1107,1077
3634,1131,1107,1089
3635,1107,1078,1089
3636,987,1024,1031
3637,1024,1011,1041
3638,1024,987,980
3639,1011,1024,980
3640,1123,1171,1185
3641,1171,1160,1207
3642,1171,1213,1185
3643,1213,1171,1207
3644,1103,1123,1088
3645,1011,968,1019
3646,969,968,933
3647,968,1011,980
3648,1019,968,1001
3649,968,969,1001
3650,968,898,933
3651,968,944,898
3652,944,968,980
3653,960,934,955
3654,960,969,934
3655,960,955,988
3656,960,988,1012
3657,1001,960,1012
3658,969,960,1001
3659,1497,1496,1462
3660,1524,1496,1497
3661,1496,1471,1462
3662,1471,1496,1523
3663,1496,1524,1523
3664,1430,1465,1425
3665,1398,1430,1425
3666,1459,1430,1431
3667,1465,1430,1459
3668,1430,1405,1431
3669,1405,1430,1398
3670,1374,1398,1370
3671,1351,1374,1370
3672,1374,1405,1398
3673,1405,1374,1377
3674,1377,1363,1339
3675,1363,1309,1339
3676,1309,1363,1351
3677,1374,1363,1377
3678,1363,1374,1351
3679,1051,1066,1098
3680,1074,1051,1098
3681,1051,1074,1025
3682,1066,1051,1034
3683,971,970,938
3684,958,983,993
3685,958,993,982
3686,958,982,950
3687,924,958,950
3688,1006,1025,993
3689,983,1006,993
3690,1006,1051,1025
3691,1051,1006,1034
3692,1053,1035,1079
3693,1035,1009,1026
3694,1009,1035,1008
3695,1035,1053,1008
3696,1035,1085,1079
3697,1085,1035,1026
3698,235,236,261
3699,236,205,216
3700,236,235,204
3701,205,236,204
3702,236,240,261
3703,236,216,240
3704,395,447,417
3705,447,441,417
3706,441,447,492
3707,492,447,476
3708,384,395,417
3709,369,394,393
3710,370,394,369
3711,420,394,417
3712,394,384,417
3713,384,394,370
3714,682,697,660
3715,697,659,660
3716,697,696,659
3717,727,697,728
3718,697,682,728
3719,210,207,251
3720,210,176,207
3721,1273,1267,1242
3722,1279,1273,1242
3723,1224,1225,1192
3724,1225,1224,1252
3725,1252,1224,1253
3726,1224,1187,1253
3727,1187,1224,1192
3728,1508,1474,1441
3729,1442,1508,1441
3730,1573,1614,1617
3731,1579,1573,1617
3732,1614,1573,1709
3733,1573,1435,1709
3734,1404,1413,1376
3735,1404,1435,1413
3736,1404,1376,1365
3737,1336,1404,1365
3738,1435,1404,1336
3739,1384,1411,1358
3740,1364,1384,1358
3741,1411,1384,1402
3742,1328,1299,1300
3743,1328,1364,1358
3744,1327,1328,1358
3745,1299,1328,1327
3746,1297,1320,1300
3747,1373,1403,1402
3748,1403,1373,1347
3749,1384,1373,1402
3750,1373,1384,1364
3751,1320,1312,1347
3752,1312,1297,1288
3753,1312,1320,1297
3754,1298,1288,1251
3755,1267,1298,1251
3756,1298,1312,1288
3757,1312,1298,1329
3758,1394,1366,1335
3759,1366,1329,1335
3760,1474,1450,1441
3761,1456,1450,1474
3762,1403,1450,1428
3763,1450,1456,1428
3764,1507,1517,1474
3765,1507,1544,1517
3766,1544,1533,1565
3767,1507,1533,1544
3768,1176,1183,1206
3769,1183,1176,1153
3770,1183,1184,1233
3771,1206,1183,1233
3772,1184,1183,1154
3773,1183,1153,1154
3774,1056,1024,1041
3775,1063,1056,1102
3776,1056,1063,1031
3777,1024,1056,1031
3778,1088,1056,1041
3779,1056,1088,1102
3780,1104,1105,1136
3781,970,951,938
3782,951,970,983
3783,958,951,983
3784,951,958,924
3785,938,951,901
3786,951,924,901
3787,970,1007,983
3788,1007,1006,983
3789,1006,1007,1034
3790,1007,970,971
3791,1007,1052,1034
3792,1007,971,1008
3793,1052,1007,1008
3794,461,447,395
3795,470,461,409
3796,461,395,409
3797,461,470,493
3798,476,461,493
3799,447,461,476
3800,354,370,328
3801,354,384,370
3802,339,354,328
3803,395,354,339
3804,384,354,395
3805,241,206,251
3806,206,210,251
3807,206,241,187
3808,176,206,187
3809,210,206,176
3810,1273,1301,1267
3811,1301,1298,1267
3812,1329,1301,1335
3813,1298,1301,1329
3814,1435,1469,1442
3815,1469,1508,1442
3816,1573,1469,1435
3817,1508,1555,1534
3818,1469,1555,1508
3819,1555,1469,1573
3820,1346,1320,1347
3821,1373,1346,1347
3822,1346,1373,1364
3823,1328,1346,1364
3824,1346,1328,1300
3825,1320,1346,1300
3826,1312,1348,1347
3827,1348,1312,1329
3828,1366,1348,1329
3829,1348,1403,1347
3830,1393,1394,1441
3831,1393,1366,1394
3832,1450,1412,1441
3833,1412,1450,1403
3834,1412,1393,1441
3835,1393,1412,1366
3836,1348,1412,1403
3837,1412,1348,1366
3838,1529,1508,1534
3839,1529,1533,1507
3840,1508,1529,1474
3841,1529,1507,1474
3842,1135,1104,1136
3843,1160,1135,1136
3844,1171,1135,1160
3845,1104,1135,1103
3846,1135,1171,1123
3847,1103,1135,1123
3848,1064,1104,1103
3849,1019,1064,1041
3850,1064,1088,1041
3851,1064,1103,1088
3852,1302,1330,1335
3853,1301,1302,1335
3854,1302,1301,1273
3855,1302,1279,1330
3856,1302,1273,1279
3857,1529,1554,1533
3858,1554,1579,1565
3859,1533,1554,1565
3860,1554,1529,1534
3861,1555,1554,1534
3862,1554,1573,1579
3863,1554,1555,1573
3864,1049,1064,1019
3865,1042,1049,1001
3866,1049,1019,1001
3867,1064,1076,1104
3868,1049,1076,1064
3869,1104,1076,1105
3870,1105,1076,1042
3871,1076,1049,1042
3872,749,783,770
3873,718,749,770
3874,982,1044,950
3875,1044,982,1013
3876,840,907,906
3877,907,840,841
3878,954,919,920
3879,919,954,953
3880,903,975,974
3881,926,903,974
3882,851,820,852
3883,820,851,819
3884,1608,1590,1645
3885,1629,1608,1645
3886,810,828,770
3887,828,809,770
3888,96,97,115
3889,115,97,116
3890,416,380,426
3891,380,368,426
3892,130,183,163
3893,183,130,153
3894,231,284,246
3895,246,284,273
3896,291,264,292
3897,264,291,263
3898,580,631,579
3899,579,631,630
3900,649,676,648
3901,676,649,677
3902,766,765,741
3903,741,765,740
3904,552,583,551
3905,583,582,551
3906,975,1003,974
3907,1003,1002,974
3908,1748,1772,1747
3909,1772,1748,1773
3910,1768,1769,1796
3911,1795,1768,1796
3912,1763,1751,1815
3913,1803,1763,1815
3914,1769,1763,1796
3915,1763,1803,1796
3916,1723,1776,1731
3917,1776,1760,1731
3918,1275,1244,1292
3919,1292,1244,1227
3920,245,288,256
3921,288,245,306
3922,906,931,905
3923,905,931,930
3924,907,931,906
3925,932,931,907
3926,1679,1680,1712
3927,1680,1713,1712
3928,1917,1932,1916
3929,1932,1917,1933
3930,1841,1814,1842
3931,1842,1814,1791
3932,1932,1915,1916
3933,1915,1932,1931
3934,1818,1859,1823
3935,1859,1852,1823
3936,1417,1387,1420
3937,1387,1380,1420
3938,1488,1513,1512
3939,1488,1512,1487
3940,1121,1145,1175
3941,1121,1175,1144
3942,1152,1181,1151
3943,1181,1152,1182
3944,1114,1098,1147
3945,1156,1114,1147
3946,901,858,893
3947,858,867,893
3948,81,59,82
3949,59,60,82
3950,522,494,523
3951,494,495,523
3952,1980,1976,1972
3953,1976,1980,1987
3954,42,41,28
3955,41,27,28
3956,441,492,483
3957,446,441,483
3958,1359,1376,1394
3959,1359,1394,1335
3960,1568,1593,1592
3961,1568,1592,1567
3962,394,420,419
3963,394,419,393
3964,696,697,726
3965,697,727,726
